date,C__sierra_leone,E__sierra_leone,I__sierra_leone,R__sierra_leone,cases__sierra_leone,S__sierra_leone,cases_obs__sierra_leone,ran_cases_obs__sierra_leone,index
2014-07-13,104.686,225.585,142.611,150.488,154.543,6.34783e+06,86.8199,121.917,0
2014-07-20,117.93,253.429,155.632,310.495,173.028,6.34761e+06,97.2042,126.478,0
2014-07-27,132.09,283.169,173.177,487.27,194.32,6.34737e+06,109.166,58.8107,0
2014-08-03,147.625,316.291,193.368,684.427,217.349,6.34711e+06,122.103,51.3296,0
2014-08-10,164.914,353.296,216.003,904.633,242.841,6.34681e+06,136.424,164.869,0
2014-08-17,184.212,394.631,241.287,1150.62,271.266,6.34648e+06,152.393,121.462,0
2014-08-24,205.763,440.792,269.521,1425.39,303.006,6.34611e+06,170.224,131.076,0
2014-08-31,229.829,492.339,301.052,1732.31,338.45,6.34569e+06,190.136,145.094,0
2014-09-07,256.702,549.895,336.261,2075.13,378.029,6.34523e+06,212.371,245.365,0
2014-09-14,286.707,614.158,375.576,2458.03,422.223,6.34472e+06,237.198,195.869,0
2014-09-21,320.208,685.902,419.473,2885.7,471.567,6.34414e+06,264.919,240.825,0
2014-09-28,357.607,765.992,468.483,3363.35,526.656,6.34349e+06,295.867,326.559,0
2014-07-13,116.044,249.633,158.308,167.136,171.526,6.34776e+06,95.7114,122.903,50
2014-07-20,130.361,279.688,172.394,344.573,191.525,6.34752e+06,106.87,125.554,50
2014-07-27,145.626,311.698,191.341,540.137,214.511,6.34726e+06,119.696,123.16,50
2014-08-03,162.329,347.25,213.096,757.686,239.304,6.34697e+06,133.531,116.792,50
2014-08-10,180.867,386.867,237.42,1000.04,266.674,6.34664e+06,148.803,175.679,50
2014-08-17,201.506,431.003,264.52,1270.05,297.113,6.34628e+06,165.789,212.05,50
2014-08-24,224.493,480.162,294.703,1570.88,331.012,6.34588e+06,184.704,219.382,50
2014-08-31,250.095,534.912,328.321,1906.03,368.767,6.34543e+06,205.771,184.771,50
2014-09-07,278.608,595.884,365.762,2279.4,410.816,6.34493e+06,229.235,266.571,50
2014-09-14,310.36,663.779,407.459,2695.35,457.644,6.34437e+06,255.364,303.818,50
2014-09-21,345.716,739.377,453.892,3158.7,509.789,6.34375e+06,284.461,241.084,50
2014-09-28,385.083,823.545,505.595,3674.85,567.851,6.34306e+06,316.86,254.439,50
2014-07-13,113.505,243.332,155.283,164.108,168.198,6.34777e+06,88.8921,88.1089,100
2014-07-20,126.795,271.154,168.381,337.803,186.794,6.34755e+06,98.7201,111.548,100
2014-07-27,140.892,300.614,185.937,528.324,208.077,6.34729e+06,109.968,95.9582,100
2014-08-03,156.233,333.16,206.001,739.169,230.908,6.34702e+06,122.035,143.133,100
2014-08-10,173.169,369.238,228.32,972.827,255.978,6.34671e+06,135.284,154.663,100
2014-08-17,191.925,409.222,253.057,1231.8,283.712,6.34636e+06,149.941,151.351,100
2014-08-24,212.707,453.526,280.465,1518.83,314.437,6.34598e+06,166.179,190.041,100
2014-08-31,235.732,502.612,310.833,1836.94,348.48,6.34556e+06,184.171,181.307,100
2014-09-07,261.242,556.992,344.479,2189.49,386.197,6.3451e+06,204.104,238.61,100
2014-09-14,289.503,617.233,381.755,2580.2,427.983,6.34458e+06,226.188,258.512,100
2014-09-21,320.809,683.963,423.05,3013.18,474.273,6.34401e+06,250.652,256.047,100
2014-09-28,355.486,757.872,468.794,3492.98,525.548,6.34337e+06,277.751,209.059,100
2014-07-13,82.4009,183.037,109.418,114.391,118.903,6.34796e+06,70.6384,50.2202,150
2014-07-20,97.5932,215.782,124.13,239.454,139.775,6.34777e+06,83.0384,94.5182,150
2014-07-27,114.617,252.62,144.597,383.76,164.773,6.34755e+06,97.8889,88.3424,150
2014-08-03,134.229,295.65,169.168,552.351,193.163,6.3473e+06,114.755,118.791,150
2014-08-10,157.117,346.026,198.005,749.652,226.139,6.347e+06,134.346,98.4913,150
2014-08-17,183.893,404.987,231.756,980.586,264.685,6.34665e+06,157.245,81.7273,150
2014-08-24,215.225,473.981,271.25,1250.88,309.787,6.34624e+06,184.04,176.506,150
2014-08-31,251.887,554.71,317.464,1567.23,362.563,6.34576e+06,215.393,286.363,150
2014-09-07,294.784,649.163,371.54,1937.47,424.316,6.3452e+06,252.08,286.322,150
2014-09-14,344.97,759.661,434.809,2370.76,496.566,6.34454e+06,295.002,507.052,150
2014-09-21,403.68,888.916,508.829,2877.84,581.091,6.34377e+06,345.217,341.505,150
2014-09-28,472.353,1040.1,595.417,3471.21,679.965,6.34287e+06,403.957,519.415,150
2014-07-13,74.7411,165.254,99.6415,104.323,108.232,6.34801e+06,71.2626,72.7585,200
2014-07-20,87.8409,193.381,112.357,217.881,126.274,6.34784e+06,83.1417,68.6066,200
2014-07-27,102.413,224.773,129.959,348.031,147.751,6.34764e+06,97.2825,88.5088,200
2014-08-03,119.077,261.174,150.952,498.997,171.96,6.34742e+06,113.222,116.034,200
2014-08-10,138.382,303.484,175.417,674.404,199.872,6.34716e+06,131.6,60.7924,200
2014-08-17,160.803,352.651,203.845,878.24,232.264,6.34685e+06,152.928,138.632,200
2014-08-24,186.853,409.774,236.873,1115.11,269.893,6.3465e+06,177.704,223.696,200
2014-08-31,217.117,476.135,275.245,1390.34,313.612,6.34609e+06,206.489,196.423,200
2014-09-07,252.275,553.225,319.823,1710.17,364.401,6.34561e+06,239.93,296.549,200
2014-09-14,293.115,642.769,371.61,2081.78,423.4,6.34506e+06,278.776,217.558,200
2014-09-21,340.552,746.772,431.764,2513.56,491.932,6.34442e+06,323.899,379.096,200
2014-09-28,395.646,867.555,501.634,3015.22,571.53,6.34367e+06,376.309,449.482,200
2014-07-13,97.3504,208.944,133.053,140.567,144.134,6.34787e+06,101.112,113.24,250
2014-07-20,108.957,233.266,144.486,289.5,160.365,6.34767e+06,112.499,77.4943,250
2014-07-27,121.29,259.07,159.828,453.127,178.969,6.34746e+06,125.549,140.189,250
2014-08-03,134.737,287.632,177.39,634.529,198.964,6.34722e+06,139.576,129.422,250
2014-08-10,149.61,319.35,196.96,835.918,220.96,6.34695e+06,155.007,134.808,250
2014-08-17,166.112,354.566,218.69,1059.53,245.338,6.34665e+06,172.108,156.906,250
2014-08-24,184.429,393.659,242.811,1307.8,272.395,6.34632e+06,191.089,264.431,250
2014-08-31,204.761,437.051,269.585,1583.46,302.429,6.34596e+06,212.158,202.755,250
2014-09-07,227.329,485.212,299.304,1889.5,335.765,6.34555e+06,235.544,128.388,250
2014-09-14,252.376,538.663,332.289,2229.28,372.766,6.3451e+06,261.501,305.779,250
2014-09-21,280.174,597.981,368.899,2606.5,413.831,6.3446e+06,290.308,313.346,250
2014-09-28,311.022,663.805,409.529,3025.28,459.403,6.34404e+06,322.278,275.624,250
2014-07-13,88.5981,190.809,120.752,127.442,130.848,6.34792e+06,96.3351,106.94,300
2014-07-20,99.7143,214.168,131.683,262.877,146.367,6.34774e+06,107.761,94.595,300
2014-07-27,111.589,239.096,146.405,412.387,164.23,6.34754e+06,120.913,165.142,300
2014-08-03,124.606,266.833,163.334,578.991,183.534,6.34732e+06,135.125,122.982,300
2014-08-10,139.079,297.798,182.297,764.913,204.884,6.34707e+06,150.843,120.928,300
2014-08-17,155.222,332.357,203.461,972.421,228.672,6.34679e+06,168.357,198.223,300
2014-08-24,173.234,370.92,227.076,1204.02,255.21,6.34647e+06,187.895,192.105,300
2014-08-31,193.333,413.947,253.426,1462.49,284.822,6.34613e+06,209.697,177.466,300
2014-09-07,215.757,461.953,282.826,1750.95,317.863,6.34574e+06,234.022,257.679,300
2014-09-14,240.776,515.51,315.629,2072.87,354.726,6.34531e+06,261.163,326.585,300
2014-09-21,268.687,575.257,352.227,2432.13,395.853,6.34482e+06,291.442,290.684,300
2014-09-28,299.822,641.904,393.055,2833.03,441.733,6.34428e+06,325.22,346.116,300
2014-07-13,78.753,171.128,106.541,112.144,115.541,6.34798e+06,80.0423,85.417,350
2014-07-20,89.9404,194.809,117.494,232.279,131.089,6.34782e+06,90.813,108.987,350
2014-07-27,102.055,220.466,132.382,366.58,149.188,6.34763e+06,103.351,127.152,350
2014-08-03,115.527,249.417,149.714,518.275,169.027,6.34742e+06,117.095,113.887,350
2014-08-10,130.715,282.179,169.388,689.881,191.281,6.34718e+06,132.511,95.1152,350
2014-08-17,147.889,319.247,191.648,884.039,216.418,6.34691e+06,149.925,124.679,350
2014-08-24,167.316,361.179,216.827,1103.71,244.849,6.3466e+06,169.621,199.322,350
2014-08-31,189.29,408.608,245.309,1352.24,277.009,6.34625e+06,191.9,193.064,350
2014-09-07,214.144,462.252,277.524,1633.41,313.385,6.34586e+06,217.1,211.28,350
2014-09-14,242.255,522.922,313.963,1951.5,354.529,6.34542e+06,245.603,199.469,350
2014-09-21,274.047,591.534,355.174,2311.35,401.061,6.34492e+06,277.839,328.936,350
2014-09-28,309.999,669.121,401.782,2718.42,453.685,6.34435e+06,314.294,282.835,350
2014-07-13,81.1831,177.745,109.135,114.611,118.436,6.34797e+06,83.2545,80.1737,400
2014-07-20,93.875,204.777,121.515,238.236,136.006,6.34779e+06,95.6052,57.5538,400
2014-07-27,107.78,234.444,138.475,377.934,156.657,6.34759e+06,110.122,96.5214,400
2014-08-03,123.43,268.317,158.427,537.551,179.57,6.34736e+06,126.228,106.719,400
2014-08-10,141.284,307.097,181.335,720.222,205.578,6.3471e+06,144.511,160.04,400
2014-08-17,161.707,351.483,207.553,929.307,235.303,6.3468e+06,165.406,116.294,400
2014-08-24,185.078,402.276,237.556,1168.62,269.314,6.34646e+06,189.314,197.857,400
2014-08-31,211.822,460.397,271.888,1442.52,308.233,6.34606e+06,216.672,199.95,400
2014-09-07,242.423,526.898,311.174,1756,352.767,6.34561e+06,247.977,322.913,400
2014-09-14,277.434,602.982,356.125,2114.77,403.722,6.3451e+06,283.796,227.591,400
2014-09-21,317.49,690.022,407.554,2525.36,462.02,6.34451e+06,324.777,280.195,400
2014-09-28,363.312,789.589,466.392,2995.24,528.715,6.34384e+06,371.659,444.204,400
2014-07-13,68.6078,151.769,91.426,95.7066,99.313,6.34804e+06,71.71,57.8762,450
2014-07-20,80.6994,177.742,103.16,199.934,115.962,6.34789e+06,83.7315,49.0137,450
2014-07-27,94.1611,206.755,119.412,319.476,135.794,6.34771e+06,98.0511,55.7812,450
2014-08-03,109.567,240.425,138.809,458.245,158.166,6.3475e+06,114.206,87.0766,450
2014-08-10,127.429,279.591,161.43,619.606,183.982,6.34726e+06,132.846,142.007,450
2014-08-17,148.191,325.139,187.738,807.264,213.965,6.34698e+06,154.496,181.453,450
2014-08-24,172.332,378.101,218.326,1025.5,248.824,6.34666e+06,179.666,222.269,450
2014-08-31,200.401,439.678,253.891,1279.29,289.355,6.34628e+06,208.932,339.547,450
2014-09-07,233.035,511.267,295.243,1574.42,336.48,6.34584e+06,242.959,210.808,450
2014-09-14,270.973,594.489,343.318,1917.61,391.266,6.34532e+06,282.518,365.419,450
2014-09-21,315.076,691.228,399.207,2316.68,454.956,6.34473e+06,328.506,309.415,450
2014-09-28,366.339,803.667,464.176,2780.7,528.99,6.34404e+06,381.963,451.366,450
2014-07-13,93.2035,200.611,127.089,134.154,137.708,6.34789e+06,96.6052,71.4906,500
2014-07-20,104.798,224.965,138.495,276.648,153.9,6.34771e+06,107.964,88.5221,500
2014-07-27,117.173,250.928,153.845,433.823,172.525,6.34749e+06,121.03,130.044,500
2014-08-03,130.726,279.793,171.485,608.816,192.633,6.34726e+06,135.136,131.17,500
2014-08-10,145.782,311.986,191.225,803.928,214.852,6.347e+06,150.724,167.888,500
2014-08-17,162.56,347.884,213.237,1021.5,239.585,6.3467e+06,168.075,225.057,500
2014-08-24,181.264,387.906,237.777,1264.12,267.155,6.34638e+06,187.415,251.297,500
2014-08-31,202.115,432.521,265.135,1534.65,297.889,6.34602e+06,208.976,195.091,500
2014-09-07,225.358,482.253,295.632,1836.3,332.152,6.34561e+06,233.012,315.024,500
2014-09-14,251.267,537.687,329.629,2172.65,370.344,6.34516e+06,259.805,271.23,500
2014-09-21,280.146,599.471,367.524,2547.67,412.916,6.34466e+06,289.67,254.287,500
2014-09-28,312.332,668.328,409.761,2965.8,460.364,6.34409e+06,322.956,269.635,500
2014-07-13,59.1531,132.802,77.8272,81.0867,84.6595,6.3481e+06,60.1424,55.6074,550
2014-07-20,71.3176,159.256,89.5429,170.648,101.277,6.34796e+06,71.9473,82.3471,550
2014-07-27,85.1803,189.568,106.032,275.62,121.461,6.34779e+06,86.2863,96.9133,550
2014-08-03,101.431,225.581,126.132,400.308,144.788,6.3476e+06,102.858,103.789,550
2014-08-10,120.72,268.452,150.111,548.68,172.351,6.34736e+06,122.439,117.439,550
2014-08-17,143.666,319.471,178.648,725.259,205.116,6.34708e+06,145.715,131.022,550
2014-08-24,170.968,380.18,212.604,935.404,244.1,6.34675e+06,173.41,230.697,550
2014-08-31,203.455,452.412,253.007,1185.49,290.486,6.34636e+06,206.362,181.267,550
2014-09-07,242.106,538.348,301.079,1483.09,345.677,6.34589e+06,245.57,133.488,550
2014-09-14,288.089,640.582,358.274,1837.24,411.34,6.34533e+06,292.217,277.77,550
2014-09-21,342.791,762.191,426.316,2258.65,489.454,6.34466e+06,347.71,303.412,550
2014-09-28,407.857,906.834,507.258,2760.08,582.375,6.34387e+06,413.721,477.681,550
2014-07-13,71.9879,157.924,96.6123,101.399,104.866,6.34802e+06,73.9283,78.5923,600
2014-07-20,83.5139,182.513,107.845,210.972,120.805,6.34787e+06,85.1655,92.6842,600
2014-07-27,96.1803,209.59,123.264,335.141,139.588,6.34769e+06,98.4071,96.4016,600
2014-08-03,110.482,240.603,141.453,477.445,160.494,6.34748e+06,113.145,146.116,600
2014-08-10,126.849,276.217,162.399,640.798,184.3,6.34724e+06,129.928,185.759,600
2014-08-17,145.628,317.104,186.447,828.341,211.591,6.34697e+06,149.168,157.157,600
2014-08-24,167.184,364.037,214.05,1043.65,242.913,6.34666e+06,171.249,136.25,600
2014-08-31,191.926,417.907,245.733,1290.84,278.866,6.3463e+06,196.596,193.675,600
2014-09-07,220.324,479.733,282.098,1574.6,320.132,6.34589e+06,225.687,182.066,600
2014-09-14,252.916,550.687,323.836,1900.36,367.494,6.34542e+06,259.077,242.979,600
2014-09-21,290.319,632.111,371.737,2274.31,421.849,6.34488e+06,297.396,421.745,600
2014-09-28,333.238,725.541,426.708,2703.56,484.224,6.34426e+06,341.369,424.36,600
2014-07-13,75.6957,166.036,101.6,106.638,110.278,6.348e+06,77.9776,67.2048,650
2014-07-20,87.7957,191.846,113.393,221.858,127.013,6.34784e+06,89.8105,99.2171,650
2014-07-27,101.09,220.261,129.578,352.402,146.729,6.34765e+06,103.752,140.869,650
2014-08-03,116.097,252.799,148.668,501.98,168.668,6.34743e+06,119.265,97.7163,650
2014-08-10,133.267,290.157,170.647,673.646,193.645,6.34718e+06,136.926,118.705,650
2014-08-17,152.964,333.037,195.874,870.692,222.273,6.3469e+06,157.169,97.7674,650
2014-08-24,175.569,382.246,224.824,1096.86,255.122,6.34657e+06,180.397,98.2231,650
2014-08-31,201.509,438.715,258.047,1356.46,292.82,6.3462e+06,207.053,147.948,650
2014-09-07,231.274,503.511,296.171,1654.42,336.078,6.34576e+06,237.641,217.431,650
2014-09-14,265.428,577.855,339.917,1996.38,385.715,6.34527e+06,272.739,314.911,650
2014-09-21,304.614,663.149,390.112,2388.86,442.668,6.3447e+06,313.01,212.68,650
2014-09-28,349.569,760.997,447.701,2839.28,508.009,6.34405e+06,359.213,492.016,650
2014-07-13,80.2751,176.143,107.714,113.043,116.918,6.34797e+06,79.4422,80.6902,700
2014-07-20,93.1622,203.641,120.271,235.223,134.738,6.3478e+06,91.5503,100.792,700
2014-07-27,107.329,233.931,137.513,373.724,155.742,6.3476e+06,105.822,182.262,700
2014-08-03,123.33,268.637,157.859,532.506,179.129,6.34737e+06,121.712,66.398,700
2014-08-10,141.648,308.504,181.296,714.837,205.768,6.3471e+06,139.813,131.103,700
2014-08-17,162.673,354.289,208.212,924.239,236.317,6.3468e+06,160.57,249.986,700
2014-08-24,186.814,406.86,239.117,1164.72,271.391,6.34645e+06,184.402,168.278,700
2014-08-31,214.532,467.22,274.601,1440.9,311.662,6.34605e+06,211.765,263.052,700
2014-09-07,246.355,536.515,315.342,1758.06,357.898,6.34559e+06,243.181,246.369,700
2014-09-14,282.889,616.065,362.117,2122.27,410.981,6.34507e+06,279.249,340.724,700
2014-09-21,324.827,707.379,415.814,2540.49,471.918,6.34446e+06,320.654,294.031,700
2014-09-28,372.965,812.185,477.454,3020.71,541.868,6.34377e+06,368.183,378.857,700
2014-07-13,87.7264,189.264,119.39,125.939,129.392,6.34793e+06,88.7164,74.1858,750
2014-07-20,99.0176,213.026,130.484,259.986,145.142,6.34775e+06,99.5148,130.498,750
2014-07-27,111.111,238.458,145.451,408.33,163.311,6.34755e+06,111.972,132.385,750
2014-08-03,124.406,266.835,162.705,574.075,183,6.34732e+06,125.472,132.126,750
2014-08-10,139.229,298.598,182.082,759.534,204.836,6.34707e+06,140.443,158.845,750
2014-08-17,155.806,334.144,203.766,967.081,229.231,6.34679e+06,157.169,108.699,750
2014-08-24,174.352,373.914,228.027,1199.34,256.52,6.34647e+06,175.88,170.281,750
2014-08-31,195.102,418.408,255.169,1459.25,287.052,6.34612e+06,196.814,216.662,750
2014-09-07,218.316,468.183,285.536,1750.09,321.21,6.34573e+06,220.234,213.711,750
2014-09-14,244.284,523.863,319.508,2075.54,359.423,6.34529e+06,246.434,269.657,750
2014-09-21,273.332,586.144,357.51,2439.71,402.169,6.34479e+06,275.742,296.869,750
2014-09-28,305.824,655.804,400.02,2847.18,449.983,6.34424e+06,308.526,298.833,750
2014-07-13,70.8563,154.955,95.3456,100.166,103.461,6.34803e+06,74.1122,90.9523,800
2014-07-20,81.7769,178.193,106.005,208.094,118.588,6.34788e+06,84.948,83.8826,800
2014-07-27,93.7199,203.645,120.588,329.852,136.341,6.3477e+06,97.6655,75.5786,800
2014-08-03,107.137,232.654,137.717,468.725,156.002,6.3475e+06,111.749,86.6262,800
2014-08-10,122.416,265.806,157.35,627.373,178.28,6.34728e+06,127.707,143.856,800
2014-08-17,139.864,303.685,179.78,808.637,203.694,6.34702e+06,145.913,173.872,800
2014-08-24,159.794,346.955,205.403,1015.74,232.723,6.34672e+06,166.707,178.106,800
2014-08-31,182.56,396.382,234.672,1252.35,265.883,6.34638e+06,190.46,181.938,800
2014-09-07,208.565,452.837,268.105,1522.68,303.761,6.346e+06,217.593,177.945,800
2014-09-14,238.267,517.316,306.294,1831.51,347.025,6.34556e+06,248.584,316.924,800
2014-09-21,272.19,590.955,349.911,2184.34,396.438,6.34505e+06,283.981,140.623,800
2014-09-28,310.93,675.049,399.726,2587.39,452.871,6.34448e+06,324.406,227.191,800
2014-07-13,76.487,167.405,102.852,108.025,111.614,6.348e+06,79.8269,106.446,850
2014-07-20,88.3938,192.757,114.469,224.508,128.1,6.34783e+06,91.6177,125.388,850
2014-07-27,101.431,220.565,130.376,356.07,147.469,6.34764e+06,105.47,130.093,850
2014-08-03,116.097,252.298,149.082,506.311,168.946,6.34743e+06,120.831,125.541,850
2014-08-10,132.82,288.608,170.546,678.159,193.313,6.34718e+06,138.258,108.835,850
2014-08-17,151.938,330.146,195.101,874.75,221.146,6.3469e+06,158.164,138.425,850
2014-08-24,173.805,377.655,223.184,1099.64,252.976,6.34658e+06,180.929,190.481,850
2014-08-31,198.814,431.989,255.304,1356.9,289.38,6.34621e+06,206.965,177.724,850
2014-09-07,227.415,494.126,292.038,1651.18,331.015,6.34579e+06,236.742,202.857,850
2014-09-14,260.123,565.181,334.048,1987.8,378.628,6.3453e+06,270.796,294.049,850
2014-09-21,297.523,646.427,382.089,2372.84,433.075,6.34475e+06,309.736,360.914,850
2014-09-28,340.287,739.319,437.022,2813.23,495.332,6.34412e+06,354.263,343.244,850
2014-07-13,81.6324,178.742,109.732,115.235,119.085,6.34796e+06,81.2085,107.239,900
2014-07-20,94.4063,205.951,122.192,239.542,136.768,6.34779e+06,93.2671,71.9563,900
2014-07-27,108.403,235.815,139.262,380.026,157.554,6.34759e+06,107.442,123.07,900
2014-08-03,124.158,269.918,159.346,540.56,180.618,6.34736e+06,123.171,141.985,900
2014-08-10,142.133,308.965,182.407,724.301,206.803,6.34709e+06,141.027,180.518,900
2014-08-17,162.699,353.662,208.806,934.635,236.732,6.34679e+06,161.437,153.732,900
2014-08-24,186.234,404.817,239.017,1175.4,270.981,6.34644e+06,184.792,148.603,900
2014-08-31,213.17,463.358,273.592,1451.01,310.177,6.34605e+06,211.522,229.262,900
2014-09-07,243.993,530.348,313.16,1766.47,355.033,6.3456e+06,242.11,305.751,900
2014-09-14,279.264,607,358.439,2127.55,406.362,6.34508e+06,277.114,275.042,900
2014-09-21,319.621,694.7,410.251,2540.84,465.095,6.34448e+06,317.166,290.289,900
2014-09-28,365.793,795.033,469.532,3013.85,532.294,6.34381e+06,362.992,363.341,900
2014-07-13,97.8157,210.251,133.528,141.008,144.668,6.34787e+06,97.8766,70.1779,950
2014-07-20,109.74,235.268,145.265,290.601,161.331,6.34767e+06,109.15,105.048,950
2014-07-27,122.439,261.877,161.04,455.291,180.464,6.34745e+06,122.095,122.214,950
2014-08-03,136.317,291.395,179.132,638.275,201.077,6.3472e+06,136.041,122.485,950
2014-08-10,151.702,324.249,199.339,841.873,223.804,6.34693e+06,151.418,103.794,950
2014-08-17,168.81,360.808,221.824,1068.44,249.051,6.34663e+06,168.498,150.344,950
2014-08-24,187.842,401.481,246.839,1320.56,277.133,6.34629e+06,187.497,145.889,950
2014-08-31,209.015,446.728,274.668,1601.1,308.374,6.34592e+06,208.634,297.523,950
2014-09-07,232.568,497.059,305.626,1913.27,343.128,6.3455e+06,232.147,320.78,950
2014-09-14,258.767,553.043,340.064,2260.62,381.788,6.34504e+06,258.303,258.536,950
2014-09-21,287.908,615.31,378.37,2647.1,424.79,6.34452e+06,287.397,169.591,950
2014-09-28,320.318,684.559,420.977,3077.12,472.618,6.34395e+06,319.755,343.113,950
2014-07-13,66.1027,146.337,88.0308,92.1306,95.6317,6.34806e+06,66.2911,72.4177,1000
2014-07-20,77.8504,171.588,99.4268,192.535,111.801,6.34791e+06,77.4991,73.5991,1000
2014-07-27,90.9446,199.83,115.223,307.819,131.079,6.34774e+06,90.8631,69.3281,1000
2014-08-03,105.948,232.644,134.097,441.8,152.855,6.34754e+06,105.958,145.703,1000
2014-08-10,123.365,270.86,156.133,597.777,178.013,6.3473e+06,123.397,116.799,1000
2014-08-17,143.633,315.356,181.79,779.386,207.266,6.34703e+06,143.675,137.553,1000
2014-08-24,167.228,367.155,211.657,990.835,241.317,6.34671e+06,167.278,163.332,1000
2014-08-31,194.694,427.451,246.426,1237.02,280.954,6.34634e+06,194.755,224.891,1000
2014-09-07,226.665,497.634,286.897,1523.64,327.094,6.34592e+06,226.739,250.218,1000
2014-09-14,263.876,579.318,334.006,1857.33,380.8,6.34542e+06,263.967,239.694,1000
2014-09-21,307.184,674.381,388.837,2245.81,443.307,6.34483e+06,307.297,276.164,1000
2014-09-28,357.584,785.004,452.65,2698.05,516.053,6.34416e+06,357.723,219.171,1000
2014-07-13,87.9343,189.987,119.53,126.033,129.561,6.34793e+06,86.3652,106.031,1050
2014-07-20,99.4868,214.326,130.873,260.353,145.663,6.34774e+06,97.0988,57.9758,1050
2014-07-27,111.888,240.441,146.198,409.3,164.272,6.34754e+06,109.504,117.212,1050
2014-08-03,125.551,269.646,163.9,576.083,184.485,6.34731e+06,122.977,103.989,1050
2014-08-10,140.82,302.407,183.823,763.113,206.952,6.34706e+06,137.954,90.6066,1050
2014-08-17,157.932,339.15,206.166,972.878,232.109,6.34677e+06,154.723,99.5514,1050
2014-08-24,177.12,380.35,231.22,1208.14,260.312,6.34645e+06,173.523,122.256,1050
2014-08-31,198.635,426.544,259.311,1471.98,291.935,6.34609e+06,194.603,149.995,1050
2014-09-07,222.757,478.336,290.808,1767.87,327.392,6.34569e+06,218.239,244.262,1050
2014-09-14,249.801,536.398,326.122,2099.71,367.145,6.34524e+06,244.738,297.04,1050
2014-09-21,280.119,601.487,365.713,2471.83,411.711,6.34473e+06,274.446,296.647,1050
2014-09-28,314.105,674.446,410.096,2889.11,461.671,6.34416e+06,307.749,377.485,1050
2014-07-13,77.1655,169.772,103.308,108.329,112.163,6.34799e+06,73.942,78.463,1100
2014-07-20,89.9494,197.11,115.748,225.704,129.816,6.34782e+06,85.5793,94.036,1100
2014-07-27,104.061,227.362,132.877,359.269,150.695,6.34763e+06,99.3435,58.95,1100
2014-08-03,120.069,262.17,153.166,513.022,174.042,6.3474e+06,114.735,70.085,1100
2014-08-10,138.472,302.319,176.632,690.306,200.75,6.34714e+06,132.342,172.761,1100
2014-08-17,159.681,348.618,203.693,894.751,231.505,6.34684e+06,152.617,129.434,1100
2014-08-24,184.135,402.001,234.892,1130.51,266.962,6.3465e+06,175.991,165.445,1100
2014-08-31,212.328,463.544,270.862,1402.38,307.84,6.3461e+06,202.94,214.973,1100
2014-09-07,244.83,534.491,312.332,1715.88,354.969,6.34564e+06,234.009,189.618,1100
2014-09-14,282.298,616.273,360.14,2077.37,409.299,6.34511e+06,269.825,331.495,1100
2014-09-21,325.486,710.536,415.251,2494.19,471.926,6.3445e+06,311.111,351.501,1100
2014-09-28,375.263,819.176,478.774,2974.78,544.112,6.3438e+06,358.699,436.786,1100
2014-07-13,83.7142,182.335,113.031,118.891,122.606,6.34795e+06,74.2489,106.559,1150
2014-07-20,95.975,208.338,125.022,246.525,139.625,6.34777e+06,84.5554,79.5138,1150
2014-07-27,109.3,236.622,141.359,389.684,159.496,6.34757e+06,96.5891,99.8599,1150
2014-08-03,124.173,268.655,160.439,551.962,181.359,6.34734e+06,109.829,120.991,1150
2014-08-10,141.002,305.036,182.175,736.198,205.972,6.34709e+06,124.735,144.901,1150
2014-08-17,160.1,346.344,206.855,945.395,233.877,6.34679e+06,141.633,95.4567,1150
2014-08-24,181.78,393.239,234.871,1182.93,265.55,6.34646e+06,160.815,195.389,1150
2014-08-31,206.39,446.471,266.675,1452.63,301.506,6.34608e+06,182.589,134.482,1150
2014-09-07,234.326,506.893,302.778,1758.85,342.321,6.34565e+06,207.306,289.643,1150
2014-09-14,266.035,575.473,343.758,2106.52,388.649,6.34516e+06,235.362,146.549,1150
2014-09-21,302.023,653.305,390.272,2501.24,441.232,6.3446e+06,267.206,279.955,1150
2014-09-28,342.864,741.629,443.062,2949.36,500.909,6.34397e+06,303.346,311.098,1150
2014-07-13,90.853,201.122,120.995,126.631,131.442,6.34791e+06,75.6586,79.6586,1200
2014-07-20,106.993,235.813,136.652,264.63,153.657,6.34771e+06,88.4457,46.5144,1200
2014-07-27,124.982,274.609,158.354,423.072,180.143,6.34747e+06,103.691,125.207,1200
2014-08-03,145.591,319.682,184.282,607.201,210.057,6.34719e+06,120.91,142.213,1200
2014-08-10,169.513,372.168,214.551,821.544,244.613,6.34687e+06,140.801,134.751,1200
2014-08-17,197.349,433.272,249.791,1071.09,284.79,6.3465e+06,163.927,188.96,1200
2014-08-24,229.748,504.395,290.807,1361.63,331.549,6.34606e+06,190.842,257.22,1200
2014-08-31,267.458,587.171,338.548,1699.86,385.975,6.34556e+06,222.169,281.901,1200
2014-09-07,311.345,683.501,394.112,2093.61,449.317,6.34497e+06,258.63,248.666,1200
2014-09-14,362.416,795.595,458.777,2551.98,523.033,6.34428e+06,301.061,189.874,1200
2014-09-21,421.841,926.019,534.025,3085.54,608.811,6.34348e+06,350.436,225.614,1200
2014-09-28,490.98,1077.75,621.582,3706.61,708.617,6.34255e+06,407.884,355.428,1200
2014-07-13,98.9969,214.751,134.118,141.245,145.426,6.34786e+06,83.9518,42.941,1250
2014-07-20,112.744,243.808,147.589,292.321,164.547,6.34765e+06,94.99,90.5071,1250
2014-07-27,127.59,275.197,165.865,460.803,186.758,6.34742e+06,107.812,130.576,1250
2014-08-03,144.054,310.521,187.092,650.614,211.037,6.34716e+06,121.828,84.8706,1250
2014-08-10,162.567,350.39,211.124,864.777,238.196,6.34686e+06,137.506,110.252,1250
2014-08-17,183.443,395.377,238.243,1106.45,268.792,6.34653e+06,155.169,76.121,1250
2014-08-24,206.994,446.131,268.836,1379.16,303.305,6.34615e+06,175.092,170.287,1250
2014-08-31,233.563,503.385,303.35,1686.89,342.241,6.34572e+06,197.569,205.354,1250
2014-09-07,263.533,567.967,342.284,2034.12,386.163,6.34524e+06,222.924,83.5394,1250
2014-09-14,297.339,640.81,386.203,2425.91,435.707,6.3447e+06,251.525,278.626,1250
2014-09-21,335.467,722.963,435.741,2867.96,491.588,6.34409e+06,283.784,388.015,1250
2014-09-28,378.467,815.608,491.612,3366.7,554.612,6.3434e+06,320.167,216.794,1250
2014-07-13,102.589,224.434,138.003,144.963,149.754,6.34784e+06,78.7881,103.961,1300
2014-07-20,118.472,258.24,153.503,301.213,171.751,6.34762e+06,90.3611,96.7674,1300
2014-07-27,135.851,295.29,174.717,477.577,197.579,6.34737e+06,103.95,127.569,1300
2014-08-03,155.386,337.539,199.647,678.844,226.197,6.34708e+06,119.006,118.622,1300
2014-08-10,177.643,385.846,228.233,908.898,258.64,6.34675e+06,136.075,119.761,1300
2014-08-17,203.071,441.066,260.911,1171.89,295.671,6.34637e+06,155.558,166.25,1300
2014-08-24,232.131,504.176,298.256,1472.53,337.988,6.34594e+06,177.822,139.33,1300
2014-08-31,265.342,576.295,340.936,1816.2,386.349,6.34545e+06,203.265,166.225,1300
2014-09-07,303.292,658.704,389.71,2209.04,441.615,6.34489e+06,232.342,192.289,1300
2014-09-14,346.656,752.862,445.445,2658.08,504.766,6.34425e+06,265.567,252.189,1300
2014-09-21,396.199,860.434,509.127,3171.31,576.921,6.34351e+06,303.529,358.451,1300
2014-09-28,452.798,983.316,581.884,3757.91,659.356,6.34267e+06,346.899,253.332,1300
2014-07-13,115.191,252.027,154.943,162.753,168.138,6.34777e+06,83.0535,97.1495,1350
2014-07-20,133.046,290.032,172.366,338.194,192.864,6.34752e+06,95.2674,77.4641,1350
2014-07-27,152.585,331.69,196.215,536.245,221.9,6.34723e+06,109.61,131.468,1350
2014-08-03,174.55,379.198,224.243,762.293,254.076,6.34691e+06,125.504,117.841,1350
2014-08-10,199.579,433.525,256.387,1020.71,290.558,6.34654e+06,143.524,117.495,1350
2014-08-17,228.177,495.633,293.135,1316.16,332.203,6.34612e+06,164.095,209.54,1350
2014-08-24,260.863,566.622,335.136,1653.96,379.798,6.34563e+06,187.605,244.279,1350
2014-08-31,298.221,647.752,383.143,2040.15,434.197,6.34508e+06,214.476,256.261,1350
2014-09-07,340.915,740.466,438.009,2481.65,496.367,6.34445e+06,245.186,277.582,1350
2014-09-14,389.702,846.405,500.71,2986.36,567.414,6.34373e+06,280.28,246.871,1350
2014-09-21,445.446,967.442,572.358,3563.31,648.597,6.3429e+06,320.381,350.448,1350
2014-09-28,509.131,1105.71,654.221,4222.8,741.35,6.34196e+06,366.197,426.001,1350
2014-07-13,117.343,256.48,157.969,165.982,171.406,6.34775e+06,82.9803,111.82,1400
2014-07-20,135.309,294.691,175.51,344.74,196.3,6.3475e+06,95.0317,87.1044,1400
2014-07-27,154.94,336.503,199.495,546.25,225.495,6.34721e+06,109.165,64.1436,1400
2014-08-03,176.973,384.114,227.644,775.897,257.796,6.34689e+06,124.803,116.931,1400
2014-08-10,202.04,438.475,259.877,1038.03,294.361,6.34651e+06,142.505,118.508,1400
2014-08-17,230.638,500.527,296.671,1337.27,336.038,6.34608e+06,162.681,157.178,1400
2014-08-24,263.275,571.343,338.662,1678.87,383.596,6.3456e+06,185.705,216.091,1400
2014-08-31,300.518,652.151,386.582,2068.82,437.869,6.34504e+06,211.979,148.676,1400
2014-09-07,343.016,744.356,441.266,2513.94,499.8,6.34441e+06,241.961,310.184,1400
2014-09-14,391.505,849.551,503.663,3022.01,570.466,6.34368e+06,276.171,307.218,1400
2014-09-21,446.823,969.556,574.854,3601.91,651.089,6.34286e+06,315.202,244.285,1400
2014-09-28,509.925,1106.44,656.07,4263.75,743.061,6.34191e+06,359.727,363.417,1400
2014-07-13,99.1261,219.019,132.228,138.47,143.619,6.34786e+06,77.8576,79.7316,1450
2014-07-20,116.367,256.017,148.969,289.102,167.373,6.34764e+06,90.735,64.7555,1450
2014-07-27,135.525,297.258,172.126,461.569,195.623,6.34738e+06,106.05,70.2729,1450
2014-08-03,157.407,345.026,199.717,661.409,227.431,6.34709e+06,123.293,138.572,1450
2014-08-10,182.728,400.486,231.835,893.353,264.063,6.34674e+06,143.152,102.96,1450
2014-08-17,212.105,464.86,269.116,1162.6,306.525,6.34634e+06,166.171,186.584,1450
2014-08-24,246.196,539.565,312.379,1475.13,355.798,6.34588e+06,192.883,236.29,1450
2014-08-31,285.756,626.252,362.585,1837.91,412.978,6.34534e+06,223.88,289.008,1450
2014-09-07,331.659,726.832,420.844,2258.97,479.328,6.34471e+06,259.85,285.287,1450
2014-09-14,384.918,843.522,488.442,2747.69,556.312,6.34399e+06,301.584,440.534,1450
2014-09-21,446.702,978.884,566.87,3314.89,645.627,6.34314e+06,350.003,297.655,1450
2014-09-28,518.371,1135.89,657.851,3973.14,749.235,6.34216e+06,406.17,416.463,1450
2014-07-13,99.815,217.036,134.961,142.031,146.371,6.34786e+06,79.7488,91.2964,1500
2014-07-20,114.116,247.323,148.959,294.272,166.239,6.34765e+06,90.5738,59.2995,1500
2014-07-27,129.617,280.173,167.996,464.622,189.387,6.34741e+06,103.186,104.751,1500
2014-08-03,146.872,317.276,190.179,657.225,214.785,6.34714e+06,117.024,122.568,1500
2014-08-10,166.345,359.304,215.383,875.323,243.302,6.34683e+06,132.561,136.535,1500
2014-08-17,188.384,406.9,243.926,1122.33,275.546,6.34649e+06,150.128,206.697,1500
2014-08-24,213.337,460.789,276.243,1402.06,312.048,6.3461e+06,170.016,138.926,1500
2014-08-31,241.588,521.799,312.832,1718.84,353.376,6.34565e+06,192.533,164.804,1500
2014-09-07,273.571,590.866,354.257,2077.58,400.165,6.34515e+06,218.026,218.525,1500
2014-09-14,309.777,669.048,401.153,2483.82,453.133,6.34459e+06,246.885,207.278,1500
2014-09-21,350.759,757.539,454.239,2943.83,513.092,6.34394e+06,279.553,311.529,1500
2014-09-28,397.143,857.69,514.328,3464.7,580.957,6.34322e+06,316.529,234.742,1500
2014-07-13,89.262,196.179,119.609,125.463,129.849,6.34792e+06,76.9238,79.6118,1550
2014-07-20,103.869,227.387,133.831,261.272,150.03,6.34772e+06,88.879,61.6095,1550
2014-07-27,119.966,261.86,153.391,415.578,173.866,6.3475e+06,103,108.922,1550
2014-08-03,138.195,301.456,176.524,592.919,200.475,6.34724e+06,118.763,84.9934,1550
2014-08-10,159.115,347.054,203.237,797.068,230.862,6.34694e+06,136.765,102.45,1550
2014-08-17,183.186,399.55,233.99,1032.11,265.796,6.3466e+06,157.46,146.006,1550
2014-08-24,210.894,459.975,269.389,1302.71,306.002,6.34621e+06,181.278,234.927,1550
2014-08-31,242.784,529.521,310.133,1614.25,352.28,6.34575e+06,208.694,281.208,1550
2014-09-07,279.488,609.559,357.027,1972.9,405.543,6.34523e+06,240.248,269.689,1550
2014-09-14,321.727,701.664,410.998,2385.77,466.843,6.34463e+06,276.562,211.148,1550
2014-09-21,370.333,807.645,473.108,2861.04,537.385,6.34394e+06,318.352,170.326,1550
2014-09-28,426.258,929.58,544.578,3408.13,618.555,6.34314e+06,366.437,322.102,1550
2014-07-13,92.5785,203.317,124.131,130.237,134.749,6.3479e+06,75.0599,88.1077,1600
2014-07-20,107.595,235.381,138.758,271.115,155.505,6.3477e+06,86.6214,112.615,1600
2014-07-27,124.125,270.755,158.858,431.011,179.996,6.34747e+06,100.264,140.027,1600
2014-08-03,142.822,311.338,182.607,614.566,207.303,6.3472e+06,115.475,85.7591,1600
2014-08-10,164.253,358.018,209.998,825.625,238.451,6.34689e+06,132.825,136.073,1600
2014-08-17,188.885,411.698,241.497,1068.34,274.217,6.34654e+06,152.748,109.72,1600
2014-08-24,217.203,473.415,277.711,1347.46,315.334,6.34613e+06,175.652,186.037,1600
2014-08-31,249.76,544.365,319.345,1668.43,362.605,6.34567e+06,201.984,120.718,1600
2014-09-07,287.187,625.924,367.21,2037.52,416.949,6.34513e+06,232.255,258.392,1600
2014-09-14,330.208,719.67,422.233,2461.92,479.419,6.34452e+06,267.053,272.372,1600
2014-09-21,379.656,827.413,485.479,2949.89,551.224,6.34381e+06,307.051,345.921,1600
2014-09-28,436.484,951.231,558.172,3510.95,633.751,6.34299e+06,353.021,447.266,1600
2014-07-13,114.062,248.669,153.885,161.817,166.935,6.34777e+06,90.6996,82.1182,1650
2014-07-20,130.97,284.555,170.414,335.683,190.394,6.34753e+06,103.445,110.346,1650
2014-07-27,149.372,323.65,192.954,530.958,217.816,6.34725e+06,118.344,122.247,1650
2014-08-03,169.941,367.989,219.314,752.629,248.031,6.34694e+06,134.76,87.8701,1650
2014-08-10,193.248,418.414,249.381,1004.66,282.095,6.34658e+06,153.269,126.205,1650
2014-08-17,219.733,475.748,283.569,1291.24,320.768,6.34618e+06,174.28,145.608,1650
2014-08-24,249.84,540.922,322.432,1617.1,364.724,6.34572e+06,198.162,202.436,1650
2014-08-31,284.062,615.002,366.608,1987.61,414.689,6.3452e+06,225.31,189.24,1650
2014-09-07,322.959,699.198,416.821,2408.88,471.483,6.3446e+06,256.167,242.081,1650
2014-09-14,367.166,794.881,473.893,2887.84,536.031,6.34393e+06,291.237,266.439,1650
2014-09-21,417.402,903.608,538.753,3432.37,609.387,6.34316e+06,331.093,269.413,1650
2014-09-28,474.483,1027.14,612.459,4051.41,692.744,6.34228e+06,376.383,460.123,1650
2014-07-13,90.3136,199.324,120.588,126.325,130.963,6.34791e+06,75.8353,75.0024,1700
2014-07-20,105.824,232.578,135.658,263.601,152.345,6.34771e+06,88.2172,74.4857,1700
2014-07-27,123.03,269.575,156.477,420.52,177.739,6.34748e+06,102.922,129.938,1700
2014-08-03,142.646,312.353,181.245,602.031,206.278,6.34721e+06,119.448,129.513,1700
2014-08-10,165.306,361.934,210.028,812.336,239.088,6.3469e+06,138.447,143.759,1700
2014-08-17,191.55,419.385,243.38,1056.04,277.054,6.34654e+06,160.431,158.537,1700
2014-08-24,221.954,485.943,282.018,1338.43,321.034,6.34612e+06,185.898,187.882,1700
2014-08-31,257.175,563.045,326.779,1665.66,371.984,6.34564e+06,215.402,204.329,1700
2014-09-07,297.974,652.353,378.632,2044.81,431.005,6.34508e+06,249.578,204.314,1700
2014-09-14,345.231,755.791,438.695,2484.12,499.371,6.34443e+06,289.166,186.176,1700
2014-09-21,399.962,875.582,508.264,2993.1,578.553,6.34367e+06,335.018,353.989,1700
2014-09-28,463.342,1014.29,588.834,3582.79,670.254,6.3428e+06,388.118,441.408,1700
2014-07-13,96.4257,208.249,131.116,138.266,142.114,6.34788e+06,83.8758,82.333,1750
2014-07-20,109.022,234.779,143.486,285.57,159.675,6.34768e+06,94.2399,96.6654,1750
2014-07-27,122.534,263.224,160.193,448.823,179.959,6.34746e+06,106.212,93.9516,1750
2014-08-03,137.413,295.013,179.479,631.513,201.976,6.34721e+06,119.206,99.9082,1750
2014-08-10,154.029,330.652,201.17,836.256,226.434,6.34693e+06,133.641,133.294,1750
2014-08-17,172.64,370.596,225.483,1065.74,253.802,6.34662e+06,149.794,85.0189,1750
2014-08-24,193.495,415.358,252.727,1322.96,284.464,6.34627e+06,167.89,199.463,1750
2014-08-31,216.863,465.513,283.256,1611.26,318.823,6.34587e+06,188.169,289.789,1750
2014-09-07,243.047,521.708,317.463,1934.37,357.322,6.34543e+06,210.891,202.824,1750
2014-09-14,272.383,584.667,355.79,2296.5,400.458,6.34494e+06,236.35,282.928,1750
2014-09-21,305.248,655.197,398.732,2702.35,448.785,6.34439e+06,264.872,200.42,1750
2014-09-28,342.065,734.203,446.839,3157.16,502.925,6.34377e+06,296.826,342.309,1750
2014-07-13,104.998,226.507,142.904,150.747,154.876,6.34782e+06,94.4757,106.611,1800
2014-07-20,118.496,254.911,156.168,311.189,173.705,6.34761e+06,105.961,119.116,1800
2014-07-27,132.951,285.306,174.06,488.72,195.423,6.34737e+06,119.21,120.889,1800
2014-08-03,148.84,319.216,194.682,687.053,218.955,6.3471e+06,133.564,177.352,1800
2014-08-10,166.551,357.166,217.838,908.946,245.049,6.3468e+06,149.482,156.475,1800
2014-08-17,186.355,399.627,243.748,1157.23,274.195,6.34646e+06,167.261,140.143,1800
2014-08-24,208.509,447.126,272.73,1435.04,306.795,6.34609e+06,187.147,228.422,1800
2014-08-31,233.289,500.256,305.15,1745.88,343.261,6.34567e+06,209.392,200.516,1800
2014-09-07,261.006,559.681,341.414,2093.67,384.05,6.34519e+06,234.273,338.274,1800
2014-09-14,292.006,626.141,381.976,2482.78,429.671,6.34467e+06,262.103,191.014,1800
2014-09-21,326.676,700.464,427.34,2918.11,480.695,6.34408e+06,293.228,152.22,1800
2014-09-28,365.445,783.572,478.073,3405.13,537.754,6.34342e+06,328.035,264.204,1800
2014-07-13,83.4244,184.354,111.269,116.516,120.856,6.34795e+06,72.9291,68.2529,1850
2014-07-20,97.9586,215.547,125.381,243.283,140.879,6.34777e+06,85.0117,71.2948,1850
2014-07-27,114.113,250.327,144.903,388.458,164.697,6.34755e+06,99.3846,78.8376,1850
2014-08-03,132.569,290.623,168.171,556.712,191.522,6.3473e+06,115.571,80.1024,1850
2014-08-10,153.932,337.42,195.262,752.044,222.423,6.34701e+06,134.218,168.045,1850
2014-08-17,178.722,391.754,226.716,978.842,258.252,6.34667e+06,155.839,210.79,1850
2014-08-24,207.5,454.826,263.227,1242.17,299.839,6.34628e+06,180.934,182.604,1850
2014-08-31,240.904,528.035,305.61,1547.9,348.113,6.34583e+06,210.065,94.944,1850
2014-09-07,279.675,613.004,354.806,1902.85,404.146,6.3453e+06,243.877,258.126,1850
2014-09-14,324.673,711.614,411.905,2314.93,469.18,6.34469e+06,283.122,297.89,1850
2014-09-21,376.893,826.044,478.173,2793.32,544.656,6.34398e+06,328.666,301.05,1850
2014-09-28,437.487,958.816,555.075,3348.66,632.239,6.34315e+06,381.518,342.349,1850
2014-07-13,95.0511,208.524,127.562,133.881,138.46,6.34788e+06,76.1901,87.3652,1900
2014-07-20,110.274,241,142.397,278.557,159.512,6.34768e+06,87.7744,76.6952,1900
2014-07-27,127.003,276.761,162.761,442.512,184.319,6.34744e+06,101.425,113.316,1900
2014-08-03,145.892,317.721,186.785,630.418,211.93,6.34717e+06,116.619,59.8872,1900
2014-08-10,167.507,364.757,214.449,846.124,243.371,6.34686e+06,133.92,144.606,1900
2014-08-17,192.309,418.755,246.209,1093.78,279.415,6.3465e+06,153.753,170.396,1900
2014-08-24,220.777,480.736,282.664,1378.11,320.781,6.34609e+06,176.516,192.291,1900
2014-08-31,253.451,551.872,324.505,1704.53,368.261,6.34562e+06,202.643,238.488,1900
2014-09-07,290.95,633.509,372.527,2079.26,422.754,6.34507e+06,232.629,241.279,1900
2014-09-14,333.983,727.189,427.641,2509.44,485.292,6.34445e+06,267.042,203.308,1900
2014-09-21,383.363,834.679,490.886,3003.25,557.056,6.34374e+06,306.531,177.538,1900
2014-09-28,440.019,958.001,563.458,3570.07,639.4,6.34292e+06,351.843,428.75,1900
2014-07-13,110.823,241.123,149.765,157.581,162.437,6.34779e+06,87.7342,113.273,1950
2014-07-20,126.832,275.046,165.431,326.587,184.672,6.34756e+06,99.7435,97.7742,1950
2014-07-27,144.202,311.877,186.75,515.865,210.597,6.34729e+06,113.746,95.3231,1950
2014-08-03,163.556,353.518,211.612,730.073,239.071,6.34699e+06,129.125,131.529,1950
2014-08-10,185.418,400.73,239.887,972.87,271.072,6.34665e+06,146.409,76.4812,1950
2014-08-17,210.185,454.246,271.938,1248.11,307.289,6.34627e+06,165.971,155.31,1950
2014-08-24,238.252,514.895,308.26,1560.12,348.329,6.34583e+06,188.137,191.73,1950
2014-08-31,270.059,583.621,349.423,1913.79,394.837,6.34533e+06,213.257,191.46,1950
2014-09-07,306.1,661.494,396.068,2314.69,447.54,6.34477e+06,241.722,193.636,1950
2014-09-14,346.937,749.723,448.922,2769.09,507.257,6.34414e+06,273.976,247.954,1950
2014-09-21,393.202,849.677,508.808,3284.12,574.916,6.34341e+06,310.519,414.895,1950
2014-09-28,445.613,962.899,576.653,3867.84,651.565,6.3426e+06,351.919,442.862,1950
2014-07-13,107.224,231.736,145.713,153.626,157.946,6.34781e+06,83.7759,56.1229,2000
2014-07-20,121.373,261.553,159.603,317.399,177.664,6.34759e+06,94.2344,50.4196,2000
2014-07-27,136.567,293.561,178.376,499.087,200.46,6.34734e+06,106.326,48.3281,2000
2014-08-03,153.317,329.371,200.068,702.627,225.232,6.34706e+06,119.465,117.859,2000
2014-08-10,172.042,369.559,224.492,930.984,252.781,6.34675e+06,134.077,127.479,2000
2014-08-17,193.038,414.651,251.896,1187.22,283.639,6.3464e+06,150.445,159.261,2000
2014-08-24,216.59,465.235,282.637,1474.73,318.249,6.34601e+06,168.802,199.797,2000
2014-08-31,243.009,521.973,317.12,1797.32,357.073,6.34557e+06,189.395,236.726,2000
2014-09-07,272.641,585.609,355.798,2159.26,400.621,6.34508e+06,212.493,164.116,2000
2014-09-14,305.876,656.978,399.181,2565.34,449.464,6.34452e+06,238.4,251.707,2000
2014-09-21,343.147,737.012,447.837,3020.93,504.242,6.3439e+06,267.454,183.951,2000
2014-09-28,384.942,826.755,502.402,3532.03,565.671,6.3432e+06,300.037,315.748,2000
2014-07-13,107.225,234.78,144.134,151.363,156.42,6.34781e+06,78.361,84.4599,2050
2014-07-20,124.003,270.515,160.5,314.642,179.645,6.34758e+06,89.9963,92.8432,2050
2014-07-27,142.386,309.737,182.92,499.168,206.946,6.34732e+06,103.673,101.375,2050
2014-08-03,163.077,354.524,209.298,710.028,237.238,6.34701e+06,118.848,138.441,2050
2014-08-10,186.683,405.8,239.585,951.367,271.625,6.34667e+06,136.075,174.337,2050
2014-08-17,213.688,464.491,274.251,1227.63,310.928,6.34627e+06,155.765,158.463,2050
2014-08-24,244.592,531.655,313.922,1543.86,355.9,6.34582e+06,178.294,221.566,2050
2014-08-31,279.955,608.509,359.32,1905.82,407.363,6.3453e+06,204.075,228.001,2050
2014-09-07,320.418,696.442,411.267,2320.13,466.25,6.3447e+06,233.576,298.712,2050
2014-09-14,366.713,797.043,470.705,2794.32,533.628,6.34402e+06,267.33,172.209,2050
2014-09-21,419.675,912.124,538.708,3337.03,610.712,6.34324e+06,305.946,282.831,2050
2014-09-28,480.256,1043.75,616.502,3958.12,698.891,6.34235e+06,350.121,393.719,2050
2014-07-13,112.995,246.613,152.304,160.102,165.237,6.34778e+06,87.2994,74.9203,2100
2014-07-20,129.979,282.692,168.899,332.296,188.789,6.34754e+06,99.7423,77.3756,2100
2014-07-27,148.495,322.074,191.555,525.997,216.357,6.34726e+06,114.308,88.953,2100
2014-08-03,169.229,366.814,218.09,746.25,246.788,6.34695e+06,130.385,121.769,2100
2014-08-10,192.763,417.781,248.408,997.087,281.155,6.34659e+06,148.542,174.051,2100
2014-08-17,219.551,475.829,282.939,1282.79,320.238,6.34619e+06,169.191,227.742,2100
2014-08-24,250.054,541.927,322.257,1608.21,364.735,6.34573e+06,192.7,192.066,2100
2014-08-31,284.785,617.183,367.027,1978.84,415.402,6.3452e+06,219.468,262.152,2100
2014-09-07,324.326,702.86,418.001,2400.96,473.089,6.3446e+06,249.946,114.734,2100
2014-09-14,369.341,800.39,476.036,2881.69,538.763,6.34392e+06,284.644,333.004,2100
2014-09-21,420.582,911.403,542.101,3429.15,613.525,6.34315e+06,324.142,342.244,2100
2014-09-28,478.904,1037.75,617.303,4052.57,698.623,6.34226e+06,369.102,295.435,2100
2014-07-13,133.566,284.425,183.73,194.551,198.894,6.34765e+06,109.688,79.8236,2150
2014-07-20,147.588,313.622,197.595,399.266,218.58,6.34739e+06,120.545,100.105,2150
2014-07-27,162.311,344.187,216.052,621.734,240.924,6.34711e+06,132.868,174.073,2150
2014-08-03,178.164,377.604,236.955,865.472,264.641,6.34679e+06,145.947,164.934,2150
2014-08-10,195.484,414.271,259.978,1132.86,290.411,6.34645e+06,160.159,105.597,2150
2014-08-17,214.471,454.497,285.237,1426.23,318.627,6.34607e+06,175.72,169.715,2150
2014-08-24,235.294,498.616,312.939,1748.09,349.568,6.34566e+06,192.784,192.173,2150
2014-08-31,258.131,547.001,343.322,2101.21,383.502,6.3452e+06,211.498,235.592,2150
2014-09-07,283.176,600.061,376.642,2488.61,420.718,6.3447e+06,232.022,268.233,2150
2014-09-14,310.64,658.242,413.183,2913.6,461.529,6.34415e+06,254.529,302.283,2150
2014-09-21,340.753,722.034,453.252,3379.81,506.28,6.34355e+06,279.209,195.044,2150
2014-09-28,373.77,791.971,497.187,3891.22,555.346,6.3429e+06,306.269,177.159,2150
2014-07-13,105.163,228.432,142.313,149.814,154.33,6.34782e+06,83.1212,74.7978,2200
2014-07-20,120.029,259.89,156.871,310.25,174.995,6.3476e+06,94.2508,112.914,2200
2014-07-27,136.118,293.95,176.65,489.51,199.039,6.34735e+06,107.201,94.758,2200
2014-08-03,153.997,332.358,199.664,691.873,225.377,6.34707e+06,121.386,76.092,2200
2014-08-10,174.143,375.797,225.773,920.667,254.902,6.34675e+06,137.288,108.738,2200
2014-08-17,196.907,424.912,255.294,1179.38,288.232,6.34639e+06,155.24,231.341,2200
2014-08-24,222.64,480.435,288.665,1471.91,325.905,6.34599e+06,175.53,164.773,2200
2014-08-31,251.729,543.196,326.389,1802.68,368.492,6.34553e+06,198.467,270.414,2200
2014-09-07,284.609,614.132,369.031,2176.67,416.63,6.34501e+06,224.393,252.921,2200
2014-09-14,321.77,694.303,417.228,2599.51,471.039,6.34442e+06,253.698,358.618,2200
2014-09-21,363.768,784.901,471.702,3077.57,532.531,6.34375e+06,286.817,259.697,2200
2014-09-28,411.226,887.274,533.264,3618.03,602.022,6.343e+06,324.244,347.429,2200
2014-07-13,83.9462,187.56,110.91,115.735,120.591,6.34795e+06,65.2428,42.8249,2250
2014-07-20,100.397,223.191,126.793,242.973,143.122,6.34776e+06,77.4325,60.4155,2250
2014-07-27,119,263.678,149.029,391.05,170.313,6.34753e+06,92.1439,122.354,2250
2014-08-03,140.638,311.411,175.947,565.623,201.491,6.34726e+06,109.012,110.685,2250
2014-08-10,166.123,367.804,207.823,771.792,238.045,6.34694e+06,128.789,154.317,2250
2014-08-17,196.21,434.407,245.47,1015.31,281.167,6.34656e+06,152.118,96.5393,2250
2014-08-24,231.738,513.058,289.926,1302.94,332.083,6.34611e+06,179.666,192.516,2250
2014-08-31,273.691,605.925,342.422,1642.65,392.208,6.34559e+06,212.195,165.917,2250
2014-09-07,323.224,715.568,404.408,2043.87,463.201,6.34496e+06,250.604,229.344,2250
2014-09-14,381.703,845.005,477.593,2517.7,547.019,6.34423e+06,295.951,372.266,2250
2014-09-21,450.736,997.79,563.994,3077.27,645.969,6.34336e+06,349.486,326.942,2250
2014-09-28,532.216,1178.11,665.984,3738.05,762.769,6.34234e+06,412.678,180.551,2250
2014-07-13,90.2552,198.485,120.876,126.768,131.232,6.34791e+06,77.1854,100.074,2300
2014-07-20,105.132,230.287,135.357,264.068,151.78,6.34772e+06,89.2706,97.0475,2300
2014-07-27,121.543,265.452,155.285,420.208,176.069,6.34749e+06,103.556,118.846,2300
2014-08-03,140.146,305.884,178.875,599.828,203.21,6.34723e+06,119.52,125.448,2300
2014-08-10,161.515,352.488,206.141,806.797,234.235,6.34692e+06,137.767,111.233,2300
2014-08-17,186.128,406.193,237.561,1045.31,269.937,6.34657e+06,158.766,167.537,2300
2014-08-24,214.484,468.069,273.761,1320.18,311.067,6.34617e+06,182.957,144.394,2300
2014-08-31,247.154,539.354,315.467,1636.93,358.453,6.34571e+06,210.827,222.327,2300
2014-09-07,284.789,621.47,363.515,2001.92,413.043,6.34518e+06,242.935,273.542,2300
2014-09-14,328.142,716.056,418.865,2422.5,475.93,6.34456e+06,279.922,218.518,2300
2014-09-21,378.076,824.995,482.623,2907.11,548.366,6.34386e+06,322.526,173.463,2300
2014-09-28,435.585,950.451,556.059,3465.47,631.795,6.34304e+06,371.596,324.055,2300
2014-07-13,102.509,221.408,139.378,146.974,151.071,6.34784e+06,85.4032,107.265,2350
2014-07-20,115.917,249.649,152.545,303.569,169.762,6.34763e+06,95.9699,68.2538,2350
2014-07-27,130.303,279.934,170.329,477.14,191.355,6.34739e+06,108.177,98.5021,2350
2014-08-03,146.145,313.784,190.861,671.404,214.796,6.34713e+06,121.429,93.1412,2350
2014-08-10,163.839,351.738,213.958,889.147,240.839,6.34683e+06,136.151,119.476,2350
2014-08-17,183.659,394.281,239.848,1133.24,269.983,6.3465e+06,152.627,166.679,2350
2014-08-24,205.872,441.962,268.864,1406.86,302.641,6.34613e+06,171.089,224.182,2350
2014-08-31,230.765,495.393,301.381,1713.59,339.239,6.34571e+06,191.779,167.067,2350
2014-09-07,258.66,555.266,337.821,2057.4,380.253,6.34524e+06,214.965,233.053,2350
2014-09-14,289.918,622.352,378.654,2442.78,426.211,6.34472e+06,240.946,269.602,2350
2014-09-21,324.939,697.513,424.409,2874.73,477.706,6.34413e+06,270.057,169.47,2350
2014-09-28,364.175,781.715,475.672,3358.87,535.4,6.34347e+06,302.672,417.987,2350
2014-07-13,99.362,215.791,134.484,141.58,145.838,6.34786e+06,87.2649,96.5578,2400
2014-07-20,113.373,245.436,148.206,293.173,165.316,6.34765e+06,98.9199,97.5326,2400
2014-07-27,128.533,277.523,166.846,462.507,187.974,6.34741e+06,112.478,133.832,2400
2014-08-03,145.375,313.696,188.529,653.612,212.788,6.34715e+06,127.326,133.251,2400
2014-08-10,164.346,354.596,213.121,869.615,240.595,6.34685e+06,143.965,162.05,2400
2014-08-17,185.777,400.829,240.92,1113.79,271.978,6.34651e+06,162.743,217.739,2400
2014-08-24,209.997,453.079,272.337,1389.82,307.441,6.34612e+06,183.963,257.733,2400
2014-08-31,237.369,512.124,307.841,1701.83,347.518,6.34569e+06,207.944,272.534,2400
2014-09-07,268.299,578.844,347.963,2054.52,392.807,6.3452e+06,235.044,235.9,2400
2014-09-14,303.248,654.23,393.301,2453.16,443.983,6.34465e+06,265.666,260.155,2400
2014-09-21,342.735,739.401,444.53,2903.74,501.807,6.34402e+06,300.266,327.767,2400
2014-09-28,387.346,835.617,502.409,3413,567.136,6.34331e+06,339.357,298.084,2400
2014-07-13,89.0686,194.615,119.939,126.036,130.138,6.34792e+06,73.2868,47.9074,2450
2014-07-20,102.65,223.493,133.201,261.733,148.959,6.34773e+06,83.8857,80.414,2450
2014-07-27,117.482,255.076,151.329,414.628,171.023,6.34751e+06,96.3111,81.9192,2450
2014-08-03,134.122,291.022,172.595,588.784,195.423,6.34726e+06,110.052,120.85,2450
2014-08-10,153.044,332.046,196.936,787.474,223.031,6.34698e+06,125.599,114.519,2450
2014-08-17,174.622,378.854,224.708,1014.19,254.484,6.34666e+06,143.312,148.365,2450
2014-08-24,199.237,432.251,256.39,1272.86,290.36,6.34629e+06,163.516,282.176,2450
2014-08-31,227.316,493.16,292.529,1568.01,331.284,6.34587e+06,186.562,201.323,2450
2014-09-07,259.343,562.631,333.753,1904.75,377.966,6.34539e+06,212.851,139.331,2450
2014-09-14,295.872,641.864,380.774,2288.94,431.211,6.34484e+06,242.836,179.63,2450
2014-09-21,337.531,732.221,434.403,2727.25,491.937,6.34422e+06,277.034,347.916,2450
2014-09-28,385.039,835.255,495.563,3227.28,561.191,6.34351e+06,316.033,247.49,2450
2014-07-13,95.0518,209.46,127.08,133.19,137.994,6.34789e+06,74.672,60.3751,2500
2014-07-20,111.093,243.808,142.678,277.719,160.126,6.34767e+06,86.6485,103.122,2500
2014-07-27,128.845,281.923,164.192,442.564,186.358,6.34743e+06,100.843,90.5333,2500
2014-08-03,149.034,325.885,189.73,632.791,215.766,6.34715e+06,116.756,109.843,2500
2014-08-10,172.299,376.718,219.339,852.674,249.491,6.34683e+06,135.006,99.3768,2500
2014-08-17,199.179,435.48,253.566,1106.87,288.423,6.34645e+06,156.073,219.502,2500
2014-08-24,230.246,503.394,293.123,1400.73,333.415,6.34602e+06,180.419,198.454,2500
2014-08-31,266.149,581.879,338.841,1740.42,385.412,6.34552e+06,208.556,209.275,2500
2014-09-07,307.639,672.572,391.675,2133.09,445.503,6.34495e+06,241.073,183.738,2500
2014-09-14,355.582,777.363,452.729,2586.98,514.941,6.34428e+06,278.648,164.632,2500
2014-09-21,410.974,898.43,523.276,3111.6,595.173,6.34351e+06,322.064,332.281,2500
2014-09-28,474.966,1038.28,604.783,3717.96,687.868,6.34261e+06,372.223,344.004,2500
2014-07-13,106.104,233.861,141.832,148.642,154.015,6.34782e+06,79.6839,106.943,2550
2014-07-20,124.052,272.298,159.282,309.967,178.775,6.34758e+06,92.4944,96.0753,2550
2014-07-27,143.919,314.963,183.355,494.023,208.129,6.34731e+06,107.681,83.1842,2550
2014-08-03,166.521,364.189,211.939,706.486,241.047,6.347e+06,124.712,159.882,2550
2014-08-10,192.575,421.124,245.088,952.145,278.809,6.34664e+06,144.25,128.388,2550
2014-08-17,222.685,486.958,283.419,1236.23,322.414,6.34622e+06,166.81,176.024,2550
2014-08-24,257.494,563.067,327.733,1564.73,372.819,6.34574e+06,192.888,118.193,2550
2014-08-31,297.734,651.045,378.961,1944.59,431.089,6.34518e+06,223.036,263.23,2550
2014-09-07,344.248,752.734,438.179,2383.82,498.447,6.34453e+06,257.885,348.709,2550
2014-09-14,398.008,870.258,506.628,2891.68,576.302,6.34378e+06,298.166,402.527,2550
2014-09-21,460.136,1006.07,585.739,3478.85,666.281,6.34292e+06,344.719,375.201,2550
2014-09-28,531.927,1162.99,677.162,4157.68,770.261,6.34192e+06,398.516,306.473,2550
2014-07-13,91.4833,203.867,121.141,126.517,131.683,6.34791e+06,70.1801,86.2696,2600
2014-07-20,108.934,241.582,138.013,265.262,155.617,6.3477e+06,82.9359,111.309,2600
2014-07-27,128.588,284.245,161.565,426.112,184.403,6.34745e+06,98.2773,122.702,2600
2014-08-03,151.349,334.333,189.971,614.973,217.267,6.34716e+06,115.792,132.531,2600
2014-08-10,178.046,393.266,223.473,837.109,255.637,6.34682e+06,136.242,145.554,2600
2014-08-17,209.435,462.587,262.879,1098.42,300.715,6.34642e+06,160.266,240.996,2600
2014-08-24,246.349,544.11,309.222,1405.8,353.723,6.34594e+06,188.516,181.517,2600
2014-08-31,289.759,639.974,363.721,1767.36,416.061,6.34539e+06,221.74,105.168,2600
2014-09-07,340.803,752.691,427.809,2192.64,489.365,6.34474e+06,260.807,268.469,2600
2014-09-14,400.818,885.211,503.167,2692.84,575.557,6.34397e+06,306.743,319.558,2600
2014-09-21,471.373,1040.99,591.766,3281.13,676.892,6.34306e+06,360.749,137.891,2600
2014-09-28,554.307,1224.09,695.922,3972.99,796.015,6.342e+06,424.236,316.794,2600
2014-07-13,94.7372,207.132,127.505,133.96,138.354,6.34789e+06,70.566,50.7401,2650
2014-07-20,109.296,238.106,141.717,278.272,158.524,6.34768e+06,80.8534,89.2821,2650
2014-07-27,125.212,272.017,161.157,441.021,182.189,6.34745e+06,92.9232,65.5306,2650
2014-08-03,143.086,310.65,183.983,626.58,208.385,6.34719e+06,106.284,153.449,2650
2014-08-10,163.431,354.784,210.133,838.484,238.054,6.34688e+06,121.417,122.64,2650
2014-08-17,186.653,405.188,239.998,1080.51,271.889,6.34654e+06,138.674,109.401,2650
2014-08-24,213.17,462.742,274.1,1356.92,310.518,6.34614e+06,158.376,168.655,2650
2014-08-31,243.445,528.454,313.037,1672.61,354.625,6.34569e+06,180.872,126.102,2650
2014-09-07,278.012,603.475,357.495,2033.14,404.984,6.34518e+06,206.557,219.627,2650
2014-09-14,317.474,689.117,408.251,2444.86,462.478,6.34459e+06,235.882,188.829,2650
2014-09-21,362.52,786.874,466.195,2915.03,528.112,6.34392e+06,269.357,147.192,2650
2014-09-28,413.938,898.45,532.339,3451.91,603.031,6.34315e+06,307.569,288.907,2650
2014-07-13,112.091,247.314,149.702,156.839,162.577,6.34778e+06,80.0429,73.5005,2700
2014-07-20,131.277,288.438,168.347,327.227,189.032,6.34753e+06,93.0675,98.6614,2700
2014-07-27,152.55,334.167,194.096,521.914,220.436,6.34725e+06,108.529,141.039,2700
2014-08-03,176.791,387.014,224.715,747.008,255.713,6.34691e+06,125.897,108.22,2700
2014-08-10,204.779,448.235,260.28,1007.69,296.247,6.34653e+06,145.854,197.029,2700
2014-08-17,237.177,519.137,301.469,1309.63,343.128,6.34608e+06,168.935,120.751,2700
2014-08-24,274.691,601.234,349.163,1659.34,397.407,6.34557e+06,195.658,207.914,2700
2014-08-31,318.125,696.285,404.386,2064.37,460.254,6.34497e+06,226.6,194.202,2700
2014-09-07,368.41,806.321,468.324,2533.45,533.018,6.34427e+06,262.425,342.452,2700
2014-09-14,426.621,933.691,542.344,3076.69,617.254,6.34347e+06,303.897,324.572,2700
2014-09-21,493.998,1081.11,628.029,3705.76,714.761,6.34254e+06,351.903,365.93,2700
2014-09-28,571.974,1251.7,727.203,4434.2,827.614,6.34146e+06,407.465,282.284,2700
2014-07-13,132.836,287.854,180.121,189.751,195.289,6.34766e+06,89.6589,94.0864,2750
2014-07-20,151.02,326.256,197.95,392.519,220.596,6.34738e+06,101.278,125.287,2750
2014-07-27,170.627,367.665,222.111,618.31,249.952,6.34707e+06,114.755,162.771,2750
2014-08-03,192.331,414.183,250.13,872.277,281.986,6.34672e+06,129.462,105.476,2750
2014-08-10,216.694,466.598,281.802,1158.36,317.758,6.34633e+06,145.885,77.4135,2750
2014-08-17,244.121,525.642,317.48,1480.67,357.989,6.34588e+06,164.356,208.04,2750
2014-08-24,275.009,592.139,357.662,1843.78,403.292,6.34538e+06,185.155,155.158,2750
2014-08-31,309.795,667.022,402.915,2252.84,454.312,6.34482e+06,208.579,223.921,2750
2014-09-07,348.965,751.341,453.876,2713.65,511.766,6.34418e+06,234.957,142.219,2750
2014-09-14,393.07,846.275,511.259,3232.72,576.461,6.34347e+06,264.658,263.462,2750
2014-09-21,442.725,953.149,575.87,3817.41,649.301,6.34266e+06,298.1,172.139,2750
2014-09-28,498.623,1073.45,648.61,4475.98,731.302,6.34175e+06,335.748,300.117,2750
2014-07-13,109.727,240.077,147.591,155.029,160.16,6.3478e+06,71.8795,73.2476,2800
2014-07-20,126.739,276.288,164.191,322.147,183.718,6.34756e+06,82.4524,109.661,2800
2014-07-27,145.355,315.98,186.914,510.808,211.383,6.34729e+06,94.8684,84.2682,2800
2014-08-03,166.285,361.25,213.62,726.144,242.042,6.34698e+06,108.628,65.3091,2800
2014-08-10,190.135,413.018,244.248,972.32,276.804,6.34663e+06,124.229,136.061,2800
2014-08-17,217.386,472.204,279.265,1253.79,316.489,6.34623e+06,142.039,121.642,2800
2014-08-24,248.536,539.856,319.29,1575.61,361.844,6.34577e+06,162.395,117.812,2800
2014-08-31,284.138,617.178,365.039,1943.55,413.686,6.34524e+06,185.661,201.143,2800
2014-09-07,324.828,705.542,417.328,2364.2,472.937,6.34464e+06,212.253,283.526,2800
2014-09-14,371.328,806.518,477.087,2845.09,540.651,6.34395e+06,242.643,218.624,2800
2014-09-21,424.462,921.894,545.377,3394.83,618.03,6.34316e+06,277.37,375.244,2800
2014-09-28,485.17,1053.7,623.408,4023.24,706.444,6.34226e+06,317.05,396.817,2800
2014-07-13,162.87,353.323,220.643,232.365,239.248,6.34748e+06,94.3429,55.7632,2850
2014-07-20,185.498,401.151,242.818,480.913,270.723,6.34714e+06,106.754,151.564,2850
2014-07-27,209.935,452.817,272.901,758.112,307.282,6.34676e+06,121.171,191.745,2850
2014-08-03,237.033,510.954,307.839,1070.42,347.244,6.34632e+06,136.929,146.694,2850
2014-08-10,267.5,576.565,347.393,1422.81,391.943,6.34584e+06,154.555,52.4398,2850
2014-08-17,301.854,650.591,392.023,1820.47,442.295,6.34529e+06,174.411,147.206,2850
2014-08-24,340.605,734.093,442.367,2269.21,499.086,6.34466e+06,196.805,187.166,2850
2014-08-31,384.314,828.272,499.153,2775.57,563.144,6.34396e+06,222.065,233.216,2850
2014-09-07,433.608,934.479,563.201,3346.92,635.393,6.34317e+06,250.555,303.82,2850
2014-09-14,489.195,1054.24,635.432,3991.56,716.871,6.34228e+06,282.684,319.345,2850
2014-09-21,551.872,1189.26,716.884,4718.85,808.745,6.34127e+06,318.913,293.114,2850
2014-09-28,622.532,1341.46,808.721,5539.34,912.328,6.34014e+06,359.759,408.07,2850
2014-07-13,147.487,311.392,204.287,216.847,220.983,6.34757e+06,104.318,54.4394,2900
2014-07-20,160.729,338.778,217.435,443.353,239.654,6.34729e+06,113.132,45.1813,2900
2014-07-27,174.458,367.037,234.789,686.625,260.626,6.34699e+06,123.032,155.524,2900
2014-08-03,189.041,397.525,254.218,949.783,282.587,6.34666e+06,133.399,104.799,2900
2014-08-10,204.765,430.549,275.351,1234.78,306.134,6.3463e+06,144.514,154.511,2900
2014-08-17,221.779,466.313,298.239,1543.48,331.581,6.34592e+06,156.527,193.972,2900
2014-08-24,240.2,505.036,323.019,1877.82,359.127,6.3455e+06,169.53,167.394,2900
2014-08-31,260.143,546.958,349.847,2239.95,388.95,6.34505e+06,183.609,161.272,2900
2014-09-07,281.733,592.339,378.893,2632.14,421.237,6.34456e+06,198.85,174.066,2900
2014-09-14,305.104,641.462,410.336,3056.88,456.188,6.34404e+06,215.349,40.0995,2900
2014-09-21,330.401,694.632,444.372,3516.87,494.022,6.34346e+06,233.209,179.686,2900
2014-09-28,357.781,752.176,481.214,4015,534.972,6.34284e+06,252.54,296.894,2900
2014-07-13,143.224,306.695,196.121,207.335,212.411,6.3476e+06,101.349,93.0949,2950
2014-07-20,159.698,341.154,212.368,426.566,235.478,6.34731e+06,112.355,29.7556,2950
2014-07-27,177.143,377.568,234.118,666.655,261.839,6.34699e+06,124.933,144.833,2950
2014-08-03,196.093,417.725,258.936,931.903,290.066,6.34665e+06,138.401,138.714,2950
2014-08-10,216.974,462.159,286.496,1225.35,321.004,6.34626e+06,153.162,137.494,2950
2014-08-17,240.058,511.317,316.987,1550.02,355.168,6.34583e+06,169.463,211.072,2950
2014-08-24,265.59,565.687,350.711,1909.25,392.948,6.34536e+06,187.49,144.235,2950
2014-08-31,293.826,625.815,388.009,2306.68,434.733,6.34484e+06,207.427,203.227,2950
2014-09-07,325.053,692.307,429.258,2746.38,480.943,6.34426e+06,229.475,169.818,2950
2014-09-14,359.582,765.828,474.874,3232.81,532.044,6.34362e+06,253.857,232.015,2950
2014-09-21,397.761,847.115,525.314,3770.91,588.548,6.34291e+06,280.817,290.127,2950
2014-09-28,439.971,936.978,581.084,4366.16,651.021,6.34213e+06,310.625,324.69,2950
2014-07-13,124.64,269.782,169.168,178.275,183.395,6.34771e+06,83.6115,94.4363,3000
2014-07-20,141.435,305.218,185.645,368.582,206.783,6.34745e+06,94.2743,106.921,3000
2014-07-27,159.512,343.354,207.947,580.154,233.874,6.34716e+06,106.625,60.9248,3000
2014-08-03,179.487,386.12,233.769,817.713,263.382,6.34683e+06,120.078,91.045,3000
2014-08-10,201.869,434.223,262.908,1084.85,296.273,6.34647e+06,135.073,96.1844,3000
2014-08-17,227.023,488.316,295.677,1385.28,333.201,6.34605e+06,151.909,225.933,3000
2014-08-24,255.302,549.132,332.517,1723.15,374.712,6.34559e+06,170.834,215.151,3000
2014-08-31,287.093,617.5,373.935,2103.11,421.38,6.34507e+06,192.111,177.082,3000
2014-09-07,322.831,694.351,420.497,2530.4,473.844,6.34448e+06,216.029,301.36,3000
2014-09-14,363.002,780.729,472.838,3010.87,532.818,6.34382e+06,242.916,226.96,3000
2014-09-21,408.151,877.807,531.669,3551.14,599.103,6.34308e+06,273.136,321.669,3000
2014-09-28,458.891,986.896,597.79,4158.62,673.599,6.34225e+06,307.099,319.848,3000
2014-07-13,107.923,233.234,146.669,154.636,158.981,6.34781e+06,83.8814,85.6271,3050
2014-07-20,122.153,263.221,160.64,319.478,178.813,6.34758e+06,94.3452,107.837,3050
2014-07-27,137.434,295.41,179.52,502.339,201.741,6.34734e+06,106.442,114.063,3050
2014-08-03,154.278,331.419,201.336,707.176,226.653,6.34706e+06,119.586,147.681,3050
2014-08-10,173.107,371.828,225.896,936.97,254.354,6.34674e+06,134.202,139.593,3050
2014-08-17,194.217,417.163,253.451,1194.8,285.382,6.34639e+06,150.573,124.312,3050
2014-08-24,217.895,468.015,284.359,1484.07,320.179,6.346e+06,168.932,167.422,3050
2014-08-31,244.453,525.049,319.026,1808.61,359.21,6.34555e+06,189.526,240.747,3050
2014-09-07,274.24,589.014,357.908,2172.71,402.985,6.34506e+06,212.622,131.943,3050
2014-09-14,307.644,660.744,401.516,2581.19,452.08,6.3445e+06,238.526,124.371,3050
2014-09-21,345.103,741.176,450.42,3039.42,507.136,6.34387e+06,267.574,186.38,3050
2014-09-28,387.104,831.358,505.259,3553.45,568.871,6.34317e+06,300.147,204.954,3050
2014-07-13,125.975,272.303,171.172,180.46,185.545,6.3477e+06,91.0661,88.8525,3100
2014-07-20,142.634,307.414,187.526,372.865,208.76,6.34744e+06,102.46,139.164,3100
2014-07-27,160.528,345.113,209.631,586.364,235.603,6.34715e+06,115.635,102.616,3100
2014-08-03,180.257,387.299,235.178,825.596,264.78,6.34682e+06,129.955,123.104,3100
2014-08-10,202.318,434.653,263.948,1094.06,297.232,6.34646e+06,145.883,134.445,3100
2014-08-17,227.059,487.793,296.235,1395.36,333.591,6.34604e+06,163.728,135.474,3100
2014-08-24,254.817,547.416,332.46,1733.52,374.379,6.34558e+06,183.746,201.515,3100
2014-08-31,285.959,614.303,373.101,2113.02,420.14,6.34506e+06,206.206,196.816,3100
2014-09-07,320.894,689.335,418.696,2538.9,471.477,6.34448e+06,231.402,215.238,3100
2014-09-14,360.082,773.496,469.844,3016.81,529.065,6.34383e+06,259.667,255.437,3100
2014-09-21,404.035,867.886,527.216,3553.1,593.66,6.3431e+06,291.37,417.638,3100
2014-09-28,453.329,973.737,591.565,4154.86,666.107,6.34228e+06,326.927,336.991,3100
2014-07-13,119.048,263.14,158.75,166.224,172.432,6.34774e+06,80.3317,97.8988,3150
2014-07-20,139.844,307.78,178.94,347.113,201.079,6.34748e+06,93.6773,98.3759,3150
2014-07-27,162.966,357.571,206.877,554.341,235.164,6.34717e+06,109.557,118.396,3150
2014-08-03,189.391,415.277,240.182,794.6,273.565,6.34681e+06,127.447,146.442,3150
2014-08-10,219.987,482.311,278.973,1073.62,317.815,6.3464e+06,148.062,167.988,3150
2014-08-17,255.502,560.162,324.023,1397.71,369.137,6.34591e+06,171.971,91.1722,3150
2014-08-24,296.739,650.555,376.332,1774.12,428.723,6.34535e+06,199.731,127.171,3150
2014-08-31,344.617,755.5,437.068,2211.3,497.907,6.3447e+06,231.962,223.804,3150
2014-09-07,400.2,877.324,507.582,2719.01,578.228,6.34395e+06,269.381,358.251,3150
2014-09-14,464.719,1018.73,589.441,3308.62,671.469,6.34307e+06,312.82,287.218,3150
2014-09-21,539.604,1182.83,684.46,3993.3,779.696,6.34205e+06,363.24,288.922,3150
2014-09-28,626.505,1373.25,794.74,4788.32,905.299,6.34087e+06,421.755,519.609,3150
2014-07-13,98.9885,215.441,133.738,140.704,145.058,6.34786e+06,83.2183,78.4205,3200
2014-07-20,113.346,245.87,147.785,291.652,164.994,6.34765e+06,94.6558,103.297,3200
2014-07-27,128.931,278.927,166.907,460.78,188.249,6.34741e+06,107.997,114.235,3200
2014-08-03,146.304,316.319,189.217,652.274,213.804,6.34715e+06,122.658,154.619,3200
2014-08-10,165.94,358.736,214.602,869.428,242.539,6.34684e+06,139.142,131.288,3200
2014-08-17,188.196,406.84,243.391,1115.72,275.076,6.3465e+06,157.809,192.812,3200
2014-08-24,213.43,461.384,276.033,1395.04,311.964,6.3461e+06,178.971,186.932,3200
2014-08-31,242.041,523.224,313.044,1711.82,353.789,6.34566e+06,202.966,180.6,3200
2014-09-07,274.478,593.331,355.006,2071.06,401.209,6.34516e+06,230.17,175.457,3200
2014-09-14,311.25,672.804,402.579,2478.46,454.968,6.34458e+06,261.011,264.485,3200
2014-09-21,352.933,762.886,456.509,2940.44,515.91,6.34394e+06,295.973,333.216,3200
2014-09-28,400.179,864.984,517.641,3464.29,584.987,6.3432e+06,335.602,325.039,3200
2014-07-13,116.709,256.473,156.403,164.064,169.791,6.34776e+06,77.5643,47.7317,3250
2014-07-20,135.781,297.216,174.973,341.637,196.143,6.3475e+06,89.6024,80.7308,3250
2014-07-27,156.795,342.211,200.511,543.362,227.263,6.34721e+06,103.819,121.216,3250
2014-08-03,180.585,393.881,230.707,775.159,261.994,6.34687e+06,119.684,114.359,3250
2014-08-10,207.881,453.368,265.568,1041.94,301.647,6.34648e+06,137.799,146.011,3250
2014-08-17,239.282,521.835,305.693,1349.04,347.222,6.34603e+06,158.619,167.589,3250
2014-08-24,275.415,600.623,351.866,1702.53,399.662,6.34552e+06,182.574,223.841,3250
2014-08-31,316.992,691.278,404.998,2109.4,460.005,6.34493e+06,210.14,245.734,3250
2014-09-07,364.829,795.575,466.133,2577.71,529.436,6.34425e+06,241.858,202.822,3250
2014-09-14,419.863,915.557,536.471,3116.68,609.317,6.34346e+06,278.349,357.395,3250
2014-09-21,483.17,1053.56,617.39,3736.98,701.211,6.34256e+06,320.328,287.708,3250
2014-09-28,555.983,1212.28,710.469,4450.81,806.911,6.34152e+06,368.614,441.154,3250
2014-07-13,64.0218,139.868,86.222,90.6087,93.5521,6.34807e+06,66.3748,59.6859,3300
2014-07-20,73.7666,160.586,95.738,188.15,107.057,6.34793e+06,75.9566,48.3216,3300
2014-07-27,84.4071,183.241,108.744,298.031,122.887,6.34778e+06,87.1879,45.3813,3300
2014-08-03,96.3419,209.02,123.999,423.165,140.39,6.3476e+06,99.6058,72.2433,3300
2014-08-10,109.912,238.437,141.457,565.897,160.19,6.34739e+06,113.654,108.123,3300
2014-08-17,125.384,271.996,161.373,728.725,182.744,6.34716e+06,129.656,127.082,3300
2014-08-24,143.03,310.274,184.089,914.475,208.466,6.3469e+06,147.905,123.355,3300
2014-08-31,163.158,353.932,209.997,1126.37,237.803,6.3466e+06,168.72,162.511,3300
2014-09-07,186.113,403.722,239.547,1368.08,271.264,6.34625e+06,192.46,170.3,3300
2014-09-14,212.292,460.504,273.249,1643.81,309.425,6.34586e+06,219.536,170.654,3300
2014-09-21,242.147,525.254,311.683,1958.32,352.945,6.34541e+06,250.413,356.992,3300
2014-09-28,276.191,599.088,355.513,2317.06,402.573,6.3449e+06,285.623,140.527,3300
2014-07-13,117.305,256.343,157.947,165.97,171.379,6.34775e+06,76.5045,77.8045,3350
2014-07-20,135.218,294.433,175.437,344.681,196.201,6.3475e+06,87.5852,78.5794,3350
2014-07-27,154.783,336.098,199.348,546.075,225.304,6.34721e+06,100.577,83.5831,3350
2014-08-03,176.736,383.524,227.401,775.514,257.492,6.34689e+06,114.946,108.301,3350
2014-08-10,201.703,437.657,259.514,1037.32,293.917,6.34651e+06,131.206,5.36899,3350
2014-08-17,230.177,499.427,296.159,1336.09,335.42,6.34609e+06,149.733,214.199,3350
2014-08-24,262.661,569.899,337.965,1677.05,382.763,6.3456e+06,170.867,156.439,3350
2014-08-31,299.719,650.288,385.659,2066.13,436.774,6.34505e+06,194.978,78.5567,3350
2014-09-07,341.99,741.984,440.066,2510.11,498.386,6.34442e+06,222.482,205.465,3350
2014-09-14,390.205,846.565,502.127,3016.71,568.663,6.34369e+06,253.854,206.504,3350
2014-09-21,445.192,965.828,572.912,3594.74,648.817,6.34287e+06,289.635,322.023,3350
2014-09-28,507.896,1101.82,653.638,4254.24,740.225,6.34193e+06,330.44,573.172,3350
2014-07-13,72.8007,157.566,98.8147,104.136,107.124,6.34802e+06,85.1594,91.7879,3400
2014-07-20,82.6018,178.245,108.43,215.294,120.773,6.34787e+06,96.0095,126.733,3400
2014-07-27,93.1511,200.5,121.445,338.862,136.582,6.3477e+06,108.577,96.794,3400
2014-08-03,104.808,225.456,136.514,477.594,153.802,6.34751e+06,122.266,93.8066,3400
2014-08-10,117.869,253.528,153.518,633.586,172.996,6.34729e+06,137.525,139.26,3400
2014-08-17,132.548,285.097,172.641,809.009,194.546,6.34705e+06,154.656,162.512,3400
2014-08-24,149.052,320.592,194.141,1006.28,218.772,6.34678e+06,173.914,184.212,3400
2014-08-31,167.608,360.499,218.314,1228.12,246.01,6.34648e+06,195.567,299.302,3400
2014-09-07,188.47,405.363,245.491,1477.57,276.633,6.34613e+06,219.912,201.13,3400
2014-09-14,211.923,455.798,276.045,1758.08,311.061,6.34575e+06,247.28,295.216,3400
2014-09-21,238.287,512.493,310.394,2073.49,349.764,6.34532e+06,278.047,263.98,3400
2014-09-28,267.923,576.219,349.007,2428.15,393.27,6.34483e+06,312.633,453.029,3400
2014-07-13,171.669,367.634,235.057,248.493,254.583,6.34743e+06,108.228,100.749,3450
2014-07-20,191.438,408.985,254.553,511.259,282.262,6.34708e+06,119.995,135.129,3450
2014-07-27,212.373,452.686,280.653,799.056,313.896,6.34671e+06,133.443,158.706,3450
2014-08-03,235.115,500.881,310.436,1117.04,347.772,6.34629e+06,147.844,148.282,3450
2014-08-10,260.176,554.212,343.513,1468.87,384.902,6.34582e+06,163.629,128.798,3450
2014-08-17,287.883,613.214,380.108,1858.18,425.906,6.34531e+06,181.06,177.421,3450
2014-08-24,318.527,678.472,420.584,2288.96,471.252,6.34474e+06,200.338,228.383,3450
2014-08-31,352.419,750.644,465.351,2765.59,521.405,6.34412e+06,221.658,181.23,3450
2014-09-07,389.899,830.451,514.862,3292.95,576.87,6.34342e+06,245.238,290.574,3450
2014-09-14,431.343,918.694,569.613,3876.41,638.205,6.34265e+06,271.312,249.482,3450
2014-09-21,477.166,1016.25,630.153,4521.89,706.022,6.3418e+06,300.142,349.334,3450
2014-09-28,527.823,1124.1,697.088,5235.96,781,6.34087e+06,332.017,327.718,3450
2014-07-13,93.1457,206.636,123.823,129.504,134.54,6.3479e+06,74.6853,80.6572,3500
2014-07-20,110.081,243.1,140.234,270.916,157.824,6.34769e+06,87.6105,68.9949,3500
2014-07-27,129.02,284.03,163.033,433.78,185.662,6.34744e+06,103.064,127.094,3500
2014-08-03,150.792,331.74,190.353,623.67,217.211,6.34715e+06,120.577,109.755,3500
2014-08-10,176.148,387.481,222.352,845.45,253.779,6.34682e+06,140.876,167.134,3500
2014-08-17,205.75,452.587,259.727,1104.51,296.437,6.34643e+06,164.556,190.036,3500
2014-08-24,240.319,528.618,303.374,1407.11,346.247,6.34597e+06,192.207,218.636,3500
2014-08-31,280.685,617.398,354.342,1760.56,404.415,6.34544e+06,224.496,275.366,3500
2014-09-07,327.819,721.054,413.859,2173.38,472.335,6.34481e+06,262.2,200.644,3500
2014-09-14,382.849,842.068,483.35,2655.52,551.638,6.34409e+06,306.222,376.634,3500
2014-09-21,447.09,983.331,564.481,3218.61,644.22,6.34324e+06,357.616,536.421,3500
2014-09-28,522.077,1148.21,659.19,3876.2,752.295,6.34224e+06,417.61,554.733,3500
2014-07-13,104.744,229.119,140.916,148.029,152.913,6.34783e+06,82.4072,70.9499,3550
2014-07-20,120.936,263.579,156.718,307.566,175.34,6.3476e+06,94.4929,62.3504,3550
2014-07-27,138.649,301.337,178.344,487.607,201.667,6.34734e+06,108.681,119.947,3550
2014-08-03,158.556,344.385,203.752,693.032,230.832,6.34705e+06,124.399,97.9977,3550
2014-08-10,181.232,393.595,232.881,927.793,263.89,6.34671e+06,142.214,159.877,3550
2014-08-17,207.133,449.837,266.172,1196.12,301.614,6.34633e+06,162.544,177.611,3550
2014-08-24,236.729,514.102,304.212,1502.79,344.715,6.34589e+06,185.772,238.347,3550
2014-08-31,270.544,587.526,347.677,1853.29,393.962,6.34539e+06,212.311,288.584,3550
2014-09-07,309.178,671.409,397.337,2253.85,450.228,6.34482e+06,242.634,236.94,3550
2014-09-14,353.314,767.232,454.073,2711.63,514.51,6.34416e+06,277.277,234.735,3550
2014-09-21,403.729,876.683,518.887,3234.76,587.942,6.34342e+06,316.85,238.237,3550
2014-09-28,461.312,1001.69,592.922,3832.54,671.818,6.34256e+06,362.052,327.019,3550
2014-07-13,116.413,248.109,160.024,169.406,173.244,6.34776e+06,101.257,118.64,3600
2014-07-20,128.812,273.944,172.278,347.795,190.644,6.34753e+06,111.428,125.466,3600
2014-07-27,141.848,301.031,188.607,541.882,210.415,6.34728e+06,122.983,107.428,3600
2014-08-03,155.904,330.685,207.121,754.797,231.429,6.347e+06,135.266,122.415,3600
2014-08-10,171.282,363.266,227.539,988.672,254.293,6.3467e+06,148.629,157.221,3600
2014-08-17,188.161,399.057,249.969,1245.6,279.362,6.34637e+06,163.281,138.657,3600
2014-08-24,206.699,438.365,274.603,1527.86,306.888,6.346e+06,179.37,158.739,3600
2014-08-31,227.057,481.532,301.655,1837.92,337.118,6.3456e+06,197.039,141.952,3600
2014-09-07,249.412,528.933,331.364,2178.53,370.316,6.34516e+06,216.442,179.463,3600
2014-09-14,273.96,580.981,363.988,2552.68,406.77,6.34468e+06,237.749,205.878,3600
2014-09-21,300.914,638.127,399.81,2963.65,446.798,6.34415e+06,261.144,261.275,3600
2014-09-28,330.507,700.865,439.143,3415.07,490.747,6.34356e+06,286.832,216.447,3600
2014-07-13,113.218,245.238,153.573,161.805,166.5,6.34778e+06,95.3563,87.2098,3650
2014-07-20,128.628,277.771,168.685,334.643,187.95,6.34754e+06,107.641,66.2631,3650
2014-07-27,145.233,312.826,189.155,526.993,212.82,6.34728e+06,121.884,166.155,3650
2014-08-03,163.602,352.183,212.881,743.207,239.94,6.34698e+06,137.417,143.277,3650
2014-08-10,184.209,396.501,239.684,986.611,270.207,6.34664e+06,154.751,151.139,3650
2014-08-17,207.395,446.396,269.86,1260.66,304.225,6.34627e+06,174.234,132.149,3650
2014-08-24,233.491,502.557,303.824,1569.21,342.511,6.34584e+06,196.16,255.255,3650
2014-08-31,262.862,565.764,342.052,1916.58,385.602,6.34536e+06,220.839,184.274,3650
2014-09-07,295.918,636.896,385.078,2307.66,434.101,6.34482e+06,248.615,288.76,3650
2014-09-14,333.117,716.94,433.499,2747.92,488.681,6.34422e+06,279.873,234.233,3650
2014-09-21,374.976,807.005,487.989,3243.53,550.099,6.34354e+06,315.048,421.035,3650
2014-09-28,422.072,908.335,549.303,3801.42,619.207,6.34277e+06,354.627,313.209,3650
2014-07-13,96.998,211.104,131.052,137.879,142.143,6.34787e+06,87.9568,106.059,3700
2014-07-20,111.062,240.911,144.812,285.792,161.673,6.34767e+06,100.042,97.7456,3700
2014-07-27,126.328,273.292,163.543,451.514,184.453,6.34744e+06,114.138,106.755,3700
2014-08-03,143.346,309.917,185.397,639.146,209.485,6.34717e+06,129.627,196.371,3700
2014-08-10,162.579,351.462,210.262,851.912,237.631,6.34687e+06,147.043,162.525,3700
2014-08-17,184.377,398.577,238.46,1093.21,269.5,6.34654e+06,166.764,193.823,3700
2014-08-24,209.092,451.998,270.431,1366.87,305.629,6.34615e+06,189.12,171.752,3700
2014-08-31,237.113,512.562,306.68,1677.22,346.593,6.34572e+06,214.468,210.442,3700
2014-09-07,268.881,581.221,347.777,2029.15,393.035,6.34522e+06,243.206,135.147,3700
2014-09-14,304.893,659.051,394.369,2428.25,445.684,6.34466e+06,275.784,301.189,3700
2014-09-21,345.714,747.269,447.184,2880.8,505.365,6.34403e+06,312.715,347.98,3700
2014-09-28,391.982,847.251,507.051,3393.94,573.013,6.34331e+06,354.574,535.183,3700
2014-07-13,122.049,266.285,164.554,172.996,178.521,6.34772e+06,90.0984,84.8418,3750
2014-07-20,140.318,305.082,182.406,359.001,203.858,6.34746e+06,102.886,98.5624,3750
2014-07-27,160.223,347.405,206.77,568.141,233.504,6.34717e+06,117.848,104.097,3750
2014-08-03,182.5,395.46,235.293,805.827,266.209,6.34683e+06,134.354,156.145,3750
2014-08-10,207.774,450.176,267.866,1076.38,303.125,6.34645e+06,152.985,154.614,3750
2014-08-17,236.526,512.46,304.944,1384.39,345.084,6.34601e+06,174.161,218.748,3750
2014-08-24,269.247,583.342,347.141,1735.02,392.83,6.34552e+06,198.258,181.354,3750
2014-08-31,306.483,664.002,395.163,2134.16,447.167,6.34495e+06,225.682,270.75,3750
2014-09-07,348.855,755.78,449.81,2588.51,508.998,6.34431e+06,256.888,241.749,3750
2014-09-14,397.065,860.198,511.991,3105.69,579.353,6.34358e+06,292.395,287.949,3750
2014-09-21,451.912,978.983,582.739,3694.34,659.399,6.34274e+06,332.794,319.275,3750
2014-09-28,514.302,1114.1,663.224,4364.31,750.458,6.34179e+06,378.751,470.328,3750
2014-07-13,147.811,322.286,199.396,209.666,216.308,6.34757e+06,82.7836,84.1251,3800
2014-07-20,169.756,368.865,220.847,434.968,246.754,6.34726e+06,94.4356,83.7346,3800
2014-07-27,193.643,419.619,250.104,688.059,282.347,6.3469e+06,108.058,127.98,3800
2014-08-03,220.347,477.187,284.322,975.412,321.572,6.34649e+06,123.069,130.222,3800
2014-08-10,250.61,542.665,323.359,1302.18,365.8,6.34603e+06,139.996,186.241,3800
2014-08-17,285.003,617.12,367.75,1673.8,416.016,6.34551e+06,159.214,126.617,3800
2014-08-24,324.101,701.764,418.216,2096.43,473.098,6.34491e+06,181.06,200.319,3800
2014-08-31,368.548,797.979,475.587,2577.05,537.989,6.34423e+06,205.895,270.363,3800
2014-09-07,419.067,907.335,540.801,3123.59,611.751,6.34346e+06,234.124,209.395,3800
2014-09-14,476.484,1031.61,614.926,3745.05,695.588,6.34258e+06,266.21,217.999,3800
2014-09-21,541.732,1172.83,699.169,4451.67,790.865,6.34158e+06,302.673,254.962,3800
2014-09-28,615.867,1333.26,794.897,5255.07,899.128,6.34045e+06,344.107,394.124,3800
2014-07-13,95.9842,205.957,131.215,138.635,142.139,6.34788e+06,93.6034,96.4511,3850
2014-07-20,107.381,229.834,142.443,285.487,158.079,6.34768e+06,104.1,108.473,3850
2014-07-27,119.487,255.156,157.505,446.768,176.344,6.34747e+06,116.128,140.222,3850
2014-08-03,132.68,283.172,174.741,625.497,195.965,6.34723e+06,129.049,148.448,3850
2014-08-10,147.267,314.271,193.941,823.839,217.542,6.34697e+06,143.258,166.52,3850
2014-08-17,163.444,348.787,215.251,1043.97,241.446,6.34668e+06,159,161.16,3850
2014-08-24,181.394,387.087,238.896,1288.3,267.965,6.34635e+06,176.464,215.654,3850
2014-08-31,201.31,429.582,265.132,1559.45,297.391,6.34599e+06,195.841,125.159,3850
2014-09-07,223.408,476.728,294.241,1860.38,330.039,6.3456e+06,217.341,201.711,3850
2014-09-14,247.924,529.032,326.538,2194.34,366.261,6.34515e+06,241.195,237.991,3850
2014-09-21,275.121,587.054,362.369,2564.96,406.447,6.34466e+06,267.658,276.421,3850
2014-09-28,305.29,651.415,402.118,2976.24,451.025,6.34411e+06,297.015,78.0893,3850
2014-07-13,122.66,265.951,166.244,175.104,180.253,6.34772e+06,80.2255,85.1186,3900
2014-07-20,139.579,301.699,182.829,362.313,203.794,6.34746e+06,90.7027,88.427,3900
2014-07-27,157.838,340.284,205.316,570.945,231.12,6.34718e+06,102.865,71.3412,3900
2014-08-03,178.069,383.668,231.416,805.812,260.966,6.34685e+06,116.149,120.987,3900
2014-08-10,200.799,432.595,260.943,1070.61,294.325,6.34649e+06,130.996,127.459,3900
2014-08-17,226.41,487.759,294.235,1369.19,331.876,6.34607e+06,147.708,138.719,3900
2014-08-24,255.279,549.941,331.761,1705.87,374.199,6.34561e+06,166.545,160.732,3900
2014-08-31,287.819,620.028,374.062,2085.47,421.905,6.34508e+06,187.778,215.538,3900
2014-09-07,324.494,699.017,421.74,2513.47,475.675,6.34449e+06,211.709,169.228,3900
2014-09-14,365.826,788.032,475.476,2996.01,536.276,6.34382e+06,238.681,227.517,3900
2014-09-21,412.403,888.335,536.034,3540.02,604.569,6.34307e+06,269.076,167.152,3900
2014-09-28,464.883,1001.34,604.275,4153.3,681.522,6.34223e+06,303.326,267.12,3900
2014-07-13,129.299,277.267,176.848,186.884,191.562,6.34768e+06,89.9311,119.246,3950
2014-07-20,144.503,309.106,191.832,384.735,212.835,6.34742e+06,99.918,164.513,3950
2014-07-27,160.638,342.832,211.92,601.835,237.189,6.34713e+06,111.352,86.7929,3950
2014-08-03,178.203,380.107,234.886,842.196,263.326,6.34681e+06,123.622,95.0449,3950
2014-08-10,197.603,421.443,260.444,1108.68,292.037,6.34646e+06,137.101,114.929,3950
2014-08-17,219.096,467.272,288.781,1404.15,323.812,6.34607e+06,152.018,120.139,3950
2014-08-24,242.919,518.071,320.19,1731.77,359.027,6.34564e+06,168.55,137.71,3950
2014-08-31,269.324,574.373,355.004,2095.01,398.059,6.34516e+06,186.874,236.453,3950
2014-09-07,298.589,636.77,393.591,2497.75,441.32,6.34462e+06,207.183,111.767,3950
2014-09-14,331.02,705.916,436.355,2944.25,489.264,6.34403e+06,229.691,128.842,3950
2014-09-21,366.959,782.535,483.747,3439.25,542.395,6.34338e+06,254.634,235.079,3950
2014-09-28,406.779,867.425,536.262,3988,601.267,6.34265e+06,282.273,379.343,3950
2014-07-13,86.9314,189.171,117.464,123.588,127.404,6.34793e+06,85.4459,89.6384,4000
2014-07-20,99.5148,215.837,129.776,256.155,144.879,6.34775e+06,97.1657,97.3801,4000
2014-07-27,113.171,244.8,146.534,404.655,165.258,6.34754e+06,110.834,126.624,4000
2014-08-03,128.391,277.553,166.082,572.755,187.648,6.34731e+06,125.85,165.558,4000
2014-08-10,145.59,314.7,188.32,763.336,212.819,6.34704e+06,142.731,144.031,4000
2014-08-17,165.079,356.819,213.535,979.436,241.315,6.34674e+06,161.842,120.41,4000
2014-08-24,187.172,404.568,242.119,1224.47,273.614,6.34639e+06,183.504,215.489,4000
2014-08-31,212.217,458.694,274.521,1502.29,310.229,6.346e+06,208.061,250.22,4000
2014-09-07,240.605,520.044,311.252,1817.3,351.734,6.34556e+06,235.897,281.133,4000
2014-09-14,272.782,589.579,352.886,2174.44,398.779,6.34506e+06,267.449,270.762,4000
2014-09-21,309.251,668.385,400.076,2579.35,452.101,6.34449e+06,303.21,336.89,4000
2014-09-28,350.58,757.688,453.559,3038.4,512.532,6.34385e+06,343.739,327.637,4000
2014-07-13,106.519,231.248,144.216,151.843,156.386,6.34782e+06,84.9705,86.6668,4050
2014-07-20,121.465,262.86,158.857,314.37,177.168,6.34759e+06,96.2616,92.4338,4050
2014-07-27,137.626,297.055,178.735,495.821,201.33,6.34734e+06,109.39,100.082,4050
2014-08-03,155.57,335.58,201.848,700.484,227.775,6.34706e+06,123.758,141.877,4050
2014-08-10,175.77,379.114,228.046,931.678,257.392,6.34674e+06,139.85,109.062,4050
2014-08-17,198.576,428.295,257.642,1192.88,290.798,6.34637e+06,158.001,161.91,4050
2014-08-24,224.334,483.843,291.07,1487.97,328.524,6.34596e+06,178.499,152.325,4050
2014-08-31,253.427,546.579,328.826,1821.35,371.133,6.3455e+06,201.65,180.602,4050
2014-09-07,286.282,617.426,371.466,2197.97,419.255,6.34498e+06,227.797,239.078,4050
2014-09-14,323.383,697.426,419.621,2623.41,473.6,6.34439e+06,257.324,295.515,4050
2014-09-21,365.277,787.754,473.999,3104,534.966,6.34372e+06,290.666,282.991,4050
2014-09-28,412.577,889.732,535.4,3646.85,604.254,6.34297e+06,328.313,237.576,4050
2014-07-13,110.182,237.46,150.081,158.363,162.639,6.34779e+06,91.6938,74.9822,4100
2014-07-20,124.149,266.826,163.812,326.764,182.132,6.34757e+06,102.683,109.395,4100
2014-07-27,139.084,298.201,182.315,512.849,204.588,6.34732e+06,115.344,110.196,4100
2014-08-03,155.474,333.149,203.614,720.432,228.882,6.34704e+06,129.04,88.8251,4100
2014-08-10,173.718,372.203,227.495,952.33,255.779,6.34672e+06,144.205,101.405,4100
2014-08-17,194.086,415.834,254.176,1211.43,285.778,6.34637e+06,161.117,106.145,4100
2014-08-24,216.836,464.569,283.977,1500.91,319.28,6.34598e+06,180.005,193.704,4100
2014-08-31,242.246,519,317.262,1824.32,356.699,6.34555e+06,201.102,208.168,4100
2014-09-07,270.624,579.788,354.439,2185.64,398.493,6.34506e+06,224.665,140.093,4100
2014-09-14,302.317,647.671,395.958,2589.28,445.168,6.34451e+06,250.979,248.05,4100
2014-09-21,337.707,723.471,442.325,3040.21,497.29,6.34391e+06,280.365,247.415,4100
2014-09-28,377.223,808.103,494.1,3543.92,555.492,6.34323e+06,313.179,419.035,4100
2014-07-13,99.0646,214.986,134.164,141.275,145.481,6.34786e+06,81.8151,72.3301,4150
2014-07-20,112.897,244.233,147.716,292.441,164.717,6.34765e+06,92.6328,96.6622,4150
2014-07-27,127.845,275.85,166.109,461.12,187.073,6.34742e+06,105.205,129.115,4150
2014-08-03,144.432,311.452,187.484,651.271,211.526,6.34716e+06,118.957,125.292,4150
2014-08-10,163.095,351.661,211.7,865.952,238.897,6.34686e+06,134.35,141.133,4150
2014-08-17,184.155,397.06,239.043,1108.36,269.753,6.34652e+06,151.702,155.177,4150
2014-08-24,207.928,448.311,269.908,1382.08,304.58,6.34614e+06,171.288,124.717,4150
2014-08-31,234.763,506.162,304.75,1691.13,343.894,6.34571e+06,193.397,190.887,4150
2014-09-07,265.054,571.457,344.079,2040.07,388.272,6.34523e+06,218.354,214.155,4150
2014-09-14,299.242,645.151,388.471,2434.04,438.36,6.34468e+06,246.523,315.385,4150
2014-09-21,337.825,728.316,438.574,2878.83,494.891,6.34407e+06,278.314,299.765,4150
2014-09-28,381.365,822.161,495.119,3380.97,558.688,6.34337e+06,314.192,362.905,4150
2014-07-13,115.615,256.096,153.89,161.027,167.187,6.34776e+06,71.1443,86.541,4200
2014-07-20,136.293,300.563,173.944,336.612,195.64,6.3475e+06,83.2522,64.771,4200
2014-07-27,159.362,350.345,201.758,538.389,229.59,6.3472e+06,97.6992,113.351,4200
2014-08-03,185.817,408.233,235.016,773.101,267.97,6.34685e+06,114.032,129.995,4200
2014-08-10,216.553,475.704,273.878,1046.59,312.349,6.34644e+06,132.916,138.361,4200
2014-08-17,252.348,554.323,319.162,1365.3,363.992,6.34596e+06,154.893,175.586,4200
2014-08-24,294.049,645.911,371.916,1736.69,424.151,6.3454e+06,180.492,211.171,4200
2014-08-31,342.627,752.596,433.373,2169.47,494.232,6.34475e+06,210.315,189.507,4200
2014-09-07,399.209,876.853,504.961,2673.74,575.865,6.344e+06,245.053,245.883,4200
2014-09-14,465.107,1021.56,588.344,3261.31,670.945,6.34311e+06,285.513,366.999,4200
2014-09-21,541.846,1190.06,685.453,3945.87,781.673,6.34209e+06,332.632,324.356,4200
2014-09-28,631.195,1386.22,798.533,4743.4,910.605,6.34089e+06,387.498,445.574,4200
2014-07-13,93.9786,203.213,127.659,134.571,138.382,6.34789e+06,92.5271,110.54,4250
2014-07-20,106.468,229.545,139.918,278.096,155.784,6.3477e+06,104.162,115.117,4250
2014-07-27,119.892,257.837,156.494,437.435,175.915,6.34748e+06,117.623,145.895,4250
2014-08-03,134.702,289.516,175.662,616.077,197.81,6.34723e+06,132.262,163.77,4250
2014-08-10,151.272,325.097,197.26,816.656,222.178,6.34696e+06,148.556,203.678,4250
2014-08-17,169.867,365.052,221.514,1041.9,249.497,6.34665e+06,166.822,204.269,4250
2014-08-24,190.743,409.909,248.743,1294.83,280.162,6.34631e+06,187.325,187.709,4250
2014-08-31,214.179,460.266,279.312,1578.85,314.588,6.34592e+06,210.344,260.228,4250
2014-09-07,240.488,516.794,313.628,1897.77,353.236,6.34548e+06,236.185,191.714,4250
2014-09-14,270.019,580.243,352.15,2255.87,396.619,6.34499e+06,265.192,207.576,4250
2014-09-21,303.166,651.456,395.391,2657.94,445.315,6.34444e+06,297.752,338.962,4250
2014-09-28,340.368,731.378,443.924,3109.38,499.97,6.34382e+06,334.296,257.847,4250
2014-07-13,101.548,223.458,135.928,142.526,147.582,6.34785e+06,76.9024,114.895,4300
2014-07-20,118.407,259.516,152.333,296.982,170.861,6.34762e+06,89.0325,112.824,4300
2014-07-27,137.023,299.43,174.926,472.79,198.4,6.34737e+06,103.383,82.1205,4300
2014-08-03,158.146,345.366,201.692,675.227,229.204,6.34707e+06,119.434,150.683,4300
2014-08-10,182.434,398.363,232.658,908.711,264.449,6.34673e+06,137.8,184.896,4300
2014-08-17,210.433,459.492,268.374,1178.04,305.046,6.34633e+06,158.954,123.757,4300
2014-08-24,242.722,529.987,309.562,1488.71,351.858,6.34588e+06,183.347,262.788,4300
2014-08-31,279.956,611.274,357.059,1847.05,405.84,6.34535e+06,211.476,163.055,4300
2014-09-07,322.888,704.996,411.829,2260.37,468.086,6.34475e+06,243.911,245.16,4300
2014-09-14,372.386,813.048,474.979,2737.08,539.856,6.34405e+06,281.309,141.82,4300
2014-09-21,429.45,937.604,547.787,3286.87,622.599,6.34325e+06,324.425,430.729,4300
2014-09-28,495.226,1081.17,631.72,3920.92,717.981,6.34232e+06,374.127,332.268,4300
2014-07-13,79.0187,170.882,107.328,113.136,116.345,6.34798e+06,93.6169,71.3545,4350
2014-07-20,89.5356,193.057,117.65,233.811,130.997,6.34782e+06,105.406,104.434,4350
2014-07-27,100.841,216.887,131.609,367.803,147.95,6.34763e+06,119.048,57.5462,4350
2014-08-03,113.316,243.575,147.753,518.05,166.391,6.34743e+06,133.886,91.5881,4350
2014-08-10,127.277,273.557,165.947,686.775,186.92,6.3472e+06,150.405,101.328,4350
2014-08-17,142.947,307.23,186.382,876.279,209.939,6.34694e+06,168.927,276.359,4350
2014-08-24,160.542,345.043,209.328,1089.12,235.783,6.34665e+06,189.722,65.1379,4350
2014-08-31,180.3,387.501,235.094,1328.15,264.802,6.34632e+06,213.073,278.519,4350
2014-09-07,202.484,435.173,264.025,1596.61,297.387,6.34595e+06,239.292,246.721,4350
2014-09-14,227.391,488.695,296.51,1898.1,333.973,6.34554e+06,268.731,272.948,4350
2014-09-21,255.354,548.781,332.981,2236.67,375.049,6.34508e+06,301.782,296.346,4350
2014-09-28,286.746,616.232,373.927,2616.89,421.163,6.34456e+06,338.888,248.723,4350
2014-07-13,101.995,222.551,137.506,144.557,149.179,6.34784e+06,67.1596,61.9477,4400
2014-07-20,117.279,255.012,152.441,299.997,170.375,6.34763e+06,76.7019,89.1953,4400
2014-07-27,133.935,290.43,172.826,474.792,195.179,6.34738e+06,87.8685,101.286,4400
2014-08-03,152.579,330.651,196.693,673.472,222.548,6.3471e+06,100.19,101.158,4400
2014-08-10,173.734,376.456,223.954,899.657,253.446,6.34678e+06,114.1,83.3539,4400
2014-08-17,197.805,428.606,254.991,1157.19,288.57,6.34641e+06,129.913,126.119,4400
2014-08-24,225.204,487.967,290.32,1450.41,328.547,6.346e+06,147.91,237.296,4400
2014-08-31,256.392,555.532,330.533,1784.25,374.051,6.34552e+06,168.396,100.406,4400
2014-09-07,291.887,632.426,376.304,2164.32,425.844,6.34499e+06,191.712,220.424,4400
2014-09-14,332.283,719.933,428.397,2597.02,484.789,6.34437e+06,218.249,236.817,4400
2014-09-21,378.252,819.506,487.681,3089.6,551.869,6.34367e+06,248.448,232.112,4400
2014-09-28,430.557,932.797,555.142,3650.34,628.199,6.34288e+06,282.811,158.552,4400
2014-07-13,150.407,329.279,202.207,212.359,219.439,6.34756e+06,83.693,96.1254,4450
2014-07-20,173.896,379.299,225.121,441.403,251.958,6.34723e+06,96.0955,93.2278,4450
2014-07-27,199.623,434.181,256.506,700.191,290.173,6.34686e+06,110.67,122.408,4450
2014-08-03,228.571,496.828,293.419,995.837,332.56,6.34644e+06,126.837,160.827,4450
2014-08-10,261.587,568.528,335.789,1334.13,380.662,6.34595e+06,145.182,164.143,4450
2014-08-17,299.343,650.565,384.27,1721.27,435.621,6.34539e+06,166.143,177.211,4450
2014-08-24,342.532,744.409,439.73,2164.29,498.483,6.34476e+06,190.119,170.66,4450
2014-08-31,391.934,851.747,503.171,2671.24,570.391,6.34403e+06,217.544,178.13,4450
2014-09-07,448.436,974.502,575.735,3251.32,652.638,6.3432e+06,248.913,299.085,4450
2014-09-14,513.051,1114.87,658.725,3915.03,746.7,6.34225e+06,284.787,223.973,4450
2014-09-21,586.933,1275.36,753.629,4674.39,854.261,6.34116e+06,325.81,356.555,4450
2014-09-28,671.398,1458.82,862.141,5543.11,977.238,6.33991e+06,372.713,427.942,4450
2014-07-13,81.3482,178.67,109.065,114.427,118.395,6.34797e+06,74.211,67.9947,4500
2014-07-20,94.5576,206.877,121.93,238.213,136.652,6.34779e+06,85.6542,86.2784,4500
2014-07-27,109.1,238,139.613,378.728,158.197,6.34758e+06,99.159,132.41,4500
2014-08-03,125.552,273.714,160.507,540.057,182.223,6.34735e+06,114.219,117.289,4500
2014-08-10,144.413,314.8,184.61,725.586,209.633,6.34708e+06,131.399,76.0117,4500
2014-08-17,166.093,362.054,212.332,938.977,241.112,6.34677e+06,151.131,106.082,4500
2014-08-24,191.024,416.393,244.209,1184.41,277.307,6.34641e+06,173.818,257.047,4500
2014-08-31,219.691,478.873,280.864,1466.68,318.927,6.346e+06,199.906,150.975,4500
2014-09-07,252.653,550.71,323.011,1791.31,366.783,6.34553e+06,229.902,225.255,4500
2014-09-14,290.549,633.298,371.471,2164.66,421.805,6.34499e+06,264.391,188.92,4500
2014-09-21,334.115,728.238,427.185,2594.01,485.063,6.34437e+06,304.041,222.634,4500
2014-09-28,384.195,837.367,491.234,3087.74,557.782,6.34365e+06,349.622,405.808,4500
2014-07-13,98.1445,213.633,132.583,139.484,143.807,6.34787e+06,90.2175,92.2478,4550
2014-07-20,112.404,243.858,146.533,289.14,163.606,6.34766e+06,102.639,150.765,4550
2014-07-27,127.886,276.701,165.527,456.852,186.705,6.34742e+06,117.13,98.0825,4550
2014-08-03,145.148,313.859,187.691,646.782,212.094,6.34716e+06,133.058,135.029,4550
2014-08-10,164.663,356.018,212.914,862.207,240.648,6.34685e+06,150.971,127.069,4550
2014-08-17,186.785,403.84,241.526,1106.58,272.988,6.34651e+06,171.26,169.557,4550
2014-08-24,211.874,458.076,273.974,1383.79,309.659,6.34612e+06,194.265,200.326,4550
2014-08-31,240.325,519.579,310.773,1698.24,351.247,6.34568e+06,220.356,264.14,4550
2014-09-07,272.588,589.319,352.503,2054.92,398.407,6.34518e+06,249.942,191.694,4550
2014-09-14,309.171,668.392,399.822,2459.48,451.884,6.34461e+06,283.491,324.065,4550
2014-09-21,350.648,758.04,453.476,2918.35,512.518,6.34397e+06,321.529,325.461,4550
2014-09-28,397.67,859.667,514.308,3438.78,581.261,6.34324e+06,364.655,402.657,4550
2014-07-13,109.939,242.35,146.941,153.989,159.565,6.3478e+06,76.0296,84.1063,4600
2014-07-20,128.567,282.248,165.05,321.141,185.261,6.34755e+06,88.2734,69.6766,4600
2014-07-27,149.192,326.544,190.037,511.884,215.73,6.34727e+06,102.791,103.333,4600
2014-08-03,172.66,377.664,219.712,732.115,249.906,6.34695e+06,119.075,123.511,4600
2014-08-10,199.718,436.803,254.134,986.814,289.12,6.34657e+06,137.76,111.572,4600
2014-08-17,230.997,505.199,293.945,1281.41,334.412,6.34614e+06,159.341,129.962,4600
2014-08-24,267.164,584.287,339.979,1622.16,386.778,6.34564e+06,184.292,193.077,4600
2014-08-31,308.982,675.727,393.207,2016.26,447.327,6.34506e+06,213.143,269.138,4600
2014-09-07,357.331,781.439,454.751,2472.05,517.335,6.34438e+06,246.5,256.226,4600
2014-09-14,413.222,903.638,525.902,2999.17,598.269,6.34361e+06,285.063,228.6,4600
2014-09-21,477.827,1044.88,608.153,3608.74,691.826,6.34271e+06,329.642,322.774,4600
2014-09-28,552.494,1208.1,703.224,4313.63,799.961,6.34167e+06,381.166,279.078,4600
2014-07-13,115.285,247.942,157.301,166.084,170.433,6.34776e+06,104.48,107.84,4650
2014-07-20,129.459,277.693,171.25,342.37,190.234,6.34753e+06,116.618,131.401,4650
2014-07-27,144.567,309.366,190.006,536.602,212.988,6.34727e+06,130.567,116.379,4650
2014-08-03,161.092,344.532,211.535,752.594,237.521,6.34698e+06,145.606,94.9141,4650
2014-08-10,179.427,383.705,235.598,993.125,264.595,6.34666e+06,162.203,218.344,4650
2014-08-17,199.831,427.33,262.398,1261.02,294.694,6.3463e+06,180.655,262.654,4650
2014-08-24,222.549,475.905,292.238,1559.38,328.202,6.3459e+06,201.196,160.021,4650
2014-08-31,247.843,529.985,325.46,1891.67,365.509,6.34546e+06,224.066,157.121,4650
2014-09-07,276.003,590.189,362.449,2261.72,407.045,6.34496e+06,249.529,156.435,4650
2014-09-14,307.351,657.207,403.627,2673.83,453.285,6.34441e+06,277.875,264.138,4650
2014-09-21,342.246,731.803,449.468,3132.75,504.758,6.34379e+06,309.429,332.55,4650
2014-09-28,381.085,814.826,500.493,3643.78,562.052,6.34311e+06,344.552,545.576,4650
2014-07-13,117.976,251.683,162.045,171.499,175.447,6.34775e+06,104.833,72.5456,4700
2014-07-20,130.746,278.313,174.661,352.243,193.36,6.34751e+06,115.536,105.55,4700
2014-07-27,144.192,306.277,191.487,549.154,213.737,6.34726e+06,127.712,78.3397,4700
2014-08-03,158.712,336.937,210.589,765.479,235.428,6.34698e+06,140.673,142.694,4700
2014-08-10,174.62,370.673,231.686,1003.45,259.064,6.34667e+06,154.796,119.061,4700
2014-08-17,192.108,407.786,254.896,1265.25,285.017,6.34633e+06,170.304,142.478,4700
2014-08-24,211.341,448.605,280.422,1553.28,313.556,6.34596e+06,187.356,192.473,4700
2014-08-31,232.494,493.497,308.496,1870.15,344.944,6.34555e+06,206.111,173.192,4700
2014-09-07,255.756,542.864,339.371,2218.74,379.463,6.34509e+06,226.737,258.247,4700
2014-09-14,281.336,597.148,373.325,2602.21,417.423,6.3446e+06,249.419,212.24,4700
2014-09-21,309.464,656.835,410.662,3024.04,459.165,6.34405e+06,274.361,220.03,4700
2014-09-28,340.39,722.458,451.716,3488.05,505.062,6.34345e+06,301.785,272.034,4700
2014-07-13,112.724,246.994,151.436,158.997,164.355,6.34778e+06,83.436,107.911,4750
2014-07-20,130.514,284.906,168.783,330.622,188.972,6.34754e+06,95.9331,101.396,4750
2014-07-27,150.026,326.566,192.564,524.775,217.934,6.34726e+06,110.636,108.713,4750
2014-08-03,172.013,374.189,220.571,746.875,250.106,6.34694e+06,126.968,118.321,4750
2014-08-10,197.125,428.77,252.761,1001.35,286.667,6.34657e+06,145.529,170.881,4750
2014-08-17,225.883,491.311,289.645,1292.97,328.5,6.34615e+06,166.766,201.43,4750
2014-08-24,258.828,562.957,331.9,1627.13,376.418,6.34567e+06,191.091,131.361,4750
2014-08-31,296.567,645.026,380.305,2010.04,431.31,6.34512e+06,218.958,236.363,4750
2014-09-07,339.795,739.024,435.753,2448.78,494.188,6.34449e+06,250.878,261.214,4750
2014-09-14,389.304,846.677,499.263,2951.47,566.207,6.34376e+06,287.439,413.207,4750
2014-09-21,446.002,969.952,572.001,3527.42,648.687,6.34293e+06,329.311,280.139,4750
2014-09-28,510.925,1111.1,655.298,4187.26,743.138,6.34199e+06,377.26,364.883,4750
2014-07-13,80.4907,175.211,108.732,114.39,117.936,6.34797e+06,79.5673,39.3961,4800
2014-07-20,92.1904,200.012,120.177,237.125,134.181,6.3478e+06,90.5271,113.937,4800
2014-07-27,104.894,226.962,135.761,374.676,153.134,6.34761e+06,103.314,115.798,4800
2014-08-03,119.06,257.456,153.949,530.457,173.968,6.34739e+06,117.37,85.0557,4800
2014-08-10,135.076,292.058,174.648,707.159,197.401,6.34714e+06,133.179,109.43,4800
2014-08-17,153.233,331.312,198.13,907.62,223.944,6.34686e+06,151.086,168.216,4800
2014-08-24,173.827,375.835,224.763,1135.03,254.044,6.34654e+06,171.394,115.13,4800
2014-08-31,197.185,426.331,254.971,1393.01,288.184,6.34618e+06,194.427,152.446,4800
2014-09-07,223.675,483.596,289.23,1685.65,326.904,6.34577e+06,220.55,339.773,4800
2014-09-14,253.716,548.535,328.083,2017.61,370.814,6.3453e+06,250.175,259.414,4800
2014-09-21,287.781,622.171,372.144,2394.16,420.61,6.34477e+06,283.77,303.587,4800
2014-09-28,326.407,705.661,422.107,2821.27,477.073,6.34417e+06,321.864,451.555,4800
2014-07-13,73.733,160.048,99.8387,105.124,108.263,6.34801e+06,82.4102,77.5447,4850
2014-07-20,84.0589,181.886,109.954,217.629,122.621,6.34786e+06,93.3396,69.441,4850
2014-07-27,95.2224,205.503,123.687,343.209,139.313,6.34768e+06,106.046,100.078,4850
2014-08-03,107.615,232.109,139.652,484.823,157.578,6.34749e+06,119.949,108.358,4850
2014-08-10,121.564,262.168,157.745,644.762,178.032,6.34726e+06,135.519,140.572,4850
2014-08-17,137.31,296.122,178.182,825.423,201.098,6.34701e+06,153.077,167.113,4850
2014-08-24,155.093,334.468,201.262,1029.49,227.144,6.34673e+06,172.903,208.518,4850
2014-08-31,175.175,377.772,227.327,1259.98,256.559,6.34641e+06,195.294,180.008,4850
2014-09-07,197.853,426.671,256.761,1520.32,289.776,6.34605e+06,220.579,179.55,4850
2014-09-14,223.46,481.885,289.999,1814.37,327.285,6.34564e+06,249.131,252.607,4850
2014-09-21,252.375,544.226,327.531,2146.48,369.639,6.34518e+06,281.371,352.816,4850
2014-09-28,285.02,614.61,369.908,2521.56,417.46,6.34466e+06,317.772,322.011,4850
2014-07-13,87.7906,191.01,118.641,124.832,128.679,6.34793e+06,90.2515,89.9438,4900
2014-07-20,100.472,217.88,131.049,258.714,146.291,6.34774e+06,102.604,73.0882,4900
2014-07-27,114.231,247.056,147.936,408.653,166.826,6.34753e+06,117.007,105.382,4900
2014-08-03,129.562,280.042,167.631,578.341,189.382,6.34729e+06,132.827,136.414,4900
2014-08-10,146.881,317.443,190.029,770.674,214.732,6.34702e+06,150.607,161.22,4900
2014-08-17,166.502,359.841,215.419,988.708,243.423,6.34672e+06,170.73,185.171,4900
2014-08-24,188.738,407.893,244.195,1235.87,275.937,6.34637e+06,193.534,209.094,4900
2014-08-31,213.94,462.35,276.807,1516.04,312.785,6.34598e+06,219.379,170.236,4900
2014-09-07,242.499,524.06,313.766,1833.63,354.545,6.34554e+06,248.668,307.213,4900
2014-09-14,274.861,593.985,355.649,2193.61,401.867,6.34503e+06,281.858,347.429,4900
2014-09-21,311.53,673.212,403.108,2601.64,455.488,6.34446e+06,319.467,291.925,4900
2014-09-28,353.076,762.971,456.882,3064.11,516.244,6.34381e+06,362.079,330.433,4900
2014-07-13,92.6737,202.634,124.721,131.032,135.334,6.3479e+06,80.9535,63.419,4950
2014-07-20,106.927,232.959,138.634,272.199,155.08,6.3477e+06,92.7649,82.2426,4950
2014-07-27,122.511,266.164,157.667,431.415,178.249,6.34747e+06,106.624,120.181,4950
2014-08-03,140.013,303.998,180.016,612.965,203.9,6.34721e+06,121.967,95.3227,4950
2014-08-10,159.938,347.222,205.624,820.312,232.954,6.34692e+06,139.347,129.758,4950
2014-08-17,182.683,396.592,234.873,1057.15,266.091,6.34658e+06,159.169,149.42,4950
2014-08-24,208.656,452.972,268.273,1327.68,303.928,6.34619e+06,181.802,175.579,4950
2014-08-31,238.316,517.351,306.415,1636.67,347.135,6.34575e+06,207.647,179.544,4950
2014-09-07,272.182,590.858,349.968,1989.59,396.472,6.34525e+06,237.159,271.515,4950
2014-09-14,310.849,674.781,399.698,2392.67,452.805,6.34467e+06,270.856,258.751,4950
2014-09-21,354.994,770.587,456.477,2853.01,517.121,6.34401e+06,309.328,357.881,4950
2014-09-28,405.388,879.948,521.297,3378.73,590.544,6.34326e+06,353.248,360.793,4950
2014-07-13,77,167.344,104.156,109.629,112.957,6.34799e+06,79.3391,81.699,5000
2014-07-20,87.9602,190.547,114.886,227.086,128.187,6.34783e+06,90.0368,75.1134,5000
2014-07-27,99.8316,215.692,129.473,358.42,145.921,6.34765e+06,102.493,99.9019,5000
2014-08-03,113.036,244.073,146.458,506.8,165.364,6.34744e+06,116.149,107.198,5000
2014-08-10,127.927,276.198,165.743,674.693,187.179,6.34721e+06,131.471,191.845,5000
2014-08-17,144.768,312.552,187.567,864.695,211.826,6.34694e+06,148.783,156.421,5000
2014-08-24,163.822,353.687,212.259,1079.71,239.709,6.34664e+06,168.368,170.745,5000
2014-08-31,185.381,400.225,240.196,1323.03,271.257,6.3463e+06,190.527,182.496,5000
2014-09-07,209.771,452.875,271.804,1598.38,306.95,6.34592e+06,215.597,146.809,5000
2014-09-14,237.363,512.435,307.563,1909.95,347.33,6.34548e+06,243.959,210.162,5000
2014-09-21,268.576,579.807,348.016,2262.5,393.01,6.34499e+06,276.044,255.604,5000
2014-09-28,303.882,656.01,393.777,2661.42,444.682,6.34443e+06,312.337,349.155,5000
2014-07-13,94.7507,201.892,130.272,137.919,141.031,6.34789e+06,95.8516,83.9501,5050
2014-07-20,104.802,222.833,140.207,283.122,155.138,6.3477e+06,105.44,128.359,5050
2014-07-27,115.367,244.779,153.442,441.049,171.163,6.3475e+06,116.331,48.9184,5050
2014-08-03,126.754,268.798,168.445,614.237,188.19,6.34727e+06,127.904,56.7885,5050
2014-08-10,139.208,295.18,184.985,804.406,206.71,6.34703e+06,140.491,119.251,5050
2014-08-17,152.874,324.152,203.151,1013.25,227.009,6.34676e+06,154.287,68.0831,5050
2014-08-24,167.878,355.962,223.094,1242.6,249.292,6.34646e+06,169.432,101.965,5050
2014-08-31,184.351,390.885,244.989,1494.46,273.756,6.34614e+06,186.059,171.893,5050
2014-09-07,202.435,429.224,269.027,1771.04,300.615,6.34578e+06,204.313,134.488,5050
2014-09-14,222.288,471.31,295.417,2074.75,330.101,6.34539e+06,224.353,126.454,5050
2014-09-21,244.081,517.507,324.387,2408.25,362.468,6.34496e+06,246.352,352.115,5050
2014-09-28,268.002,568.214,356.188,2774.44,397.998,6.34448e+06,270.5,150.909,5050
2014-07-13,100.124,220.238,134.067,140.592,145.556,6.34785e+06,79.5226,86.3588,5100
2014-07-20,116.672,255.617,150.172,292.896,168.409,6.34763e+06,92.0077,73.5336,5100
2014-07-27,134.932,294.754,172.341,466.156,195.43,6.34738e+06,106.77,123.179,5100
2014-08-03,155.638,339.767,198.592,665.541,225.635,6.34709e+06,123.272,154.957,5100
2014-08-10,179.432,391.669,228.943,895.364,260.174,6.34675e+06,142.143,155.008,5100
2014-08-17,206.846,451.498,263.929,1160.31,299.934,6.34637e+06,163.865,207.386,5100
2014-08-24,238.44,520.452,304.251,1465.74,345.752,6.34592e+06,188.897,217.421,5100
2014-08-31,274.851,599.915,350.722,1817.83,398.557,6.34541e+06,217.746,175.035,5100
2014-09-07,316.81,691.48,404.276,2223.68,459.41,6.34481e+06,250.992,218.17,5100
2014-09-14,365.157,796.981,465.988,2691.5,529.531,6.34413e+06,289.302,349.145,5100
2014-09-21,420.86,918.526,537.094,3230.72,610.324,6.34334e+06,333.442,310.75,5100
2014-09-28,485.03,1058.54,619.018,3852.2,703.405,6.34244e+06,384.295,293.993,5100
2014-07-13,74.8894,164.431,100.433,105.381,109.022,6.348e+06,81.932,76.6602,5150
2014-07-20,87.0038,190.293,112.234,219.347,125.767,6.34784e+06,94.5168,73.3838,5150
2014-07-27,100.334,218.814,128.448,348.656,145.522,6.34765e+06,109.363,130.731,5150
2014-08-03,115.407,251.525,147.598,497.045,167.54,6.34744e+06,125.91,110.744,5150
2014-08-10,132.679,289.139,169.679,667.61,192.646,6.34719e+06,144.778,151.776,5150
2014-08-17,152.524,332.379,195.063,863.693,221.466,6.34691e+06,166.437,209.824,5150
2014-08-24,175.332,382.078,224.238,1089.11,254.588,6.34658e+06,191.328,159.234,5150
2014-08-31,201.547,439.197,257.77,1348.23,292.656,6.3462e+06,219.937,242.359,5150
2014-09-07,231.674,504.84,296.308,1646.1,336.407,6.34577e+06,252.817,273.938,5150
2014-09-14,266.296,580.272,340.598,1988.49,386.687,6.34527e+06,290.603,351.396,5150
2014-09-21,306.08,666.947,391.494,2382.06,444.465,6.3447e+06,334.025,313.109,5150
2014-09-28,351.792,766.532,449.979,2834.43,510.856,6.34405e+06,383.919,503.573,5150
2014-07-13,88.253,189.996,120.317,126.998,130.373,6.34792e+06,82.9392,78.6778,5200
2014-07-20,99.2666,213.133,131.15,261.917,145.752,6.34774e+06,92.7226,81.9841,5200
2014-07-27,111.025,237.808,145.733,410.78,163.446,6.34754e+06,103.979,129.436,5200
2014-08-03,123.907,265.25,162.495,576.573,182.555,6.34732e+06,116.136,109.367,5200
2014-08-10,138.223,295.866,181.259,761.487,203.678,6.34707e+06,129.574,94.7151,5200
2014-08-17,154.181,330.018,202.191,967.756,227.2,6.3468e+06,144.537,130.322,5200
2014-08-24,171.977,368.105,225.533,1197.84,253.427,6.34649e+06,161.222,151.808,5200
2014-08-31,191.823,410.578,251.564,1454.48,282.675,6.34614e+06,179.829,209.639,5200
2014-09-07,213.954,457.94,280.594,1740.75,315.292,6.34576e+06,200.579,212.155,5200
2014-09-14,238.631,510.749,312.965,2060.04,351.663,6.34533e+06,223.717,193.279,5200
2014-09-21,266.147,569.629,349.06,2416.16,392.217,6.34485e+06,249.516,174.799,5200
2014-09-28,296.824,635.273,389.305,2813.35,437.433,6.34432e+06,278.281,240.729,5200
2014-07-13,104.307,222.989,143.026,151.278,154.884,6.34783e+06,90.9388,98.2452,5250
2014-07-20,115.991,247.394,154.557,311.003,171.255,6.34762e+06,100.551,94.5936,5250
2014-07-27,128.332,273.114,169.969,485.519,189.928,6.34739e+06,111.515,135.649,5250
2014-08-03,141.704,301.406,187.516,677.844,209.871,6.34714e+06,123.224,83.8878,5250
2014-08-10,156.402,332.636,206.955,890.079,231.674,6.34686e+06,136.026,126.508,5250
2014-08-17,172.611,367.103,228.409,1124.32,255.692,6.34656e+06,150.128,198.289,5250
2014-08-24,190.495,405.133,252.08,1382.83,282.187,6.34622e+06,165.684,168.076,5250
2014-08-31,210.227,447.092,278.198,1668.14,311.421,6.34585e+06,182.849,155.395,5250
2014-09-07,231.997,493.381,307.013,1983,343.675,6.34543e+06,201.786,216.316,5250
2014-09-14,256.013,544.446,338.804,2330.46,379.258,6.34498e+06,222.679,96.1734,5250
2014-09-21,282.507,600.775,373.875,2713.9,418.512,6.34448e+06,245.727,288.718,5250
2014-09-28,311.73,662.906,412.562,3137.03,461.813,6.34393e+06,271.15,283.653,5250
2014-07-13,103.369,227.558,138.318,145.014,150.182,6.34784e+06,78.0749,62.1204,5300
2014-07-20,120.612,264.449,155.093,302.225,173.986,6.34761e+06,90.4497,96.1039,5300
2014-07-27,139.664,305.315,178.206,481.274,202.162,6.34735e+06,105.097,113.601,5300
2014-08-03,161.296,352.375,205.603,687.573,233.697,6.34704e+06,121.491,111.61,5300
2014-08-10,186.185,406.704,237.318,925.661,269.803,6.34669e+06,140.262,84.4683,5300
2014-08-17,214.895,469.408,273.923,1200.47,311.418,6.34629e+06,161.896,73.7833,5300
2014-08-24,248.024,541.764,316.161,1517.67,359.433,6.34583e+06,186.858,187.023,5300
2014-08-31,286.25,625.249,364.9,1883.77,414.838,6.34529e+06,215.661,204.936,5300
2014-09-07,330.355,721.565,421.136,2306.3,478.765,6.34467e+06,248.894,237.482,5300
2014-09-14,381.236,832.676,486.018,2793.93,552.518,6.34396e+06,287.236,370.344,5300
2014-09-21,439.93,960.838,560.868,3356.68,637.599,6.34313e+06,331.467,367.324,5300
2014-09-28,507.627,1108.65,647.209,4006.08,735.738,6.34218e+06,382.486,399.637,5300
2014-07-13,107.832,228.425,148.961,157.971,161.181,6.34781e+06,109.859,54.8424,5350
2014-07-20,118.146,249.812,159.185,323.446,175.7,6.3476e+06,119.755,146.458,5350
2014-07-27,128.892,272.007,172.725,501.98,192.074,6.34737e+06,130.915,111.714,5350
2014-08-03,140.369,296.078,187.953,696.064,209.312,6.34713e+06,142.664,97.2875,5350
2014-08-10,152.807,322.284,204.598,907.311,227.891,6.34686e+06,155.328,149.577,5350
2014-08-17,166.336,350.81,222.717,1137.27,248.074,6.34657e+06,169.084,124.603,5350
2014-08-24,181.058,381.855,242.434,1387.58,270.033,6.34626e+06,184.051,171.22,5350
2014-08-31,197.078,415.637,263.89,1660.06,293.93,6.34591e+06,200.339,279.567,5350
2014-09-07,214.511,452.395,287.239,1956.64,319.934,6.34554e+06,218.063,190.523,5350
2014-09-14,233.48,492.391,312.646,2279.46,348.23,6.34513e+06,237.349,303.145,5350
2014-09-21,254.118,535.906,340.291,2630.84,379.017,6.34469e+06,258.333,303.247,5350
2014-09-28,276.572,583.247,370.369,3013.27,412.514,6.34421e+06,281.164,321.928,5350
2014-07-13,132.864,287.412,180.42,190.166,195.583,6.34766e+06,92.2045,117.506,5400
2014-07-20,150.621,324.859,197.845,393.058,220.317,6.34738e+06,103.865,91.0348,5400
2014-07-27,169.715,365.117,221.415,618.433,248.946,6.34708e+06,117.362,117.845,5400
2014-08-03,190.794,410.22,248.685,871.262,280.098,6.34673e+06,132.048,174.979,5400
2014-08-10,214.391,460.905,279.429,1155.31,314.791,6.34634e+06,148.403,78.5043,5400
2014-08-17,240.884,517.849,313.97,1474.47,353.704,6.3459e+06,166.748,173.479,5400
2014-08-24,270.642,581.81,352.768,1833.08,397.406,6.34541e+06,187.351,198.264,5400
2014-08-31,304.065,653.646,396.345,2235.99,446.492,6.34486e+06,210.492,138.758,5400
2014-09-07,341.602,734.32,445.289,2688.67,501.621,6.34424e+06,236.482,242.005,5400
2014-09-14,383.755,824.909,500.255,3197.24,563.533,6.34354e+06,265.669,191.857,5400
2014-09-21,431.087,926.621,561.98,3768.57,633.055,6.34276e+06,298.444,293.068,5400
2014-09-28,484.228,1040.81,631.287,4410.38,711.115,6.34188e+06,335.244,397.548,5400
2014-07-13,96.4286,210.185,130.116,136.832,141.148,6.34788e+06,82.8723,77.3727,5450
2014-07-20,110.687,240.443,144.056,283.825,160.933,6.34767e+06,94.4884,101.024,5450
2014-07-27,126.201,273.397,163.063,448.873,184.055,6.34744e+06,108.064,116.025,5450
2014-08-03,143.537,310.761,185.284,636.176,209.524,6.34717e+06,123.018,101.415,5450
2014-08-10,163.177,353.244,210.625,849.066,238.232,6.34687e+06,139.873,139.39,5450
2014-08-17,185.488,401.534,239.431,1091.07,270.813,6.34653e+06,159.002,191.237,5450
2014-08-24,210.843,456.416,272.167,1366.17,307.837,6.34614e+06,180.74,224.294,5450
2014-08-31,239.658,518.782,309.371,1678.88,349.912,6.3457e+06,205.444,191.602,5450
2014-09-07,272.402,589.65,351.649,2034.33,397.726,6.3452e+06,233.517,230.589,5450
2014-09-14,309.607,670.17,399.69,2438.35,452.058,6.34463e+06,265.416,269.207,5450
2014-09-21,351.879,761.65,454.277,2897.55,513.791,6.34398e+06,301.661,339.228,5450
2014-09-28,399.903,865.571,516.297,3419.46,583.926,6.34325e+06,342.84,233.096,5450
2014-07-13,90.0923,195.351,122.098,128.602,132.387,6.34791e+06,91.097,57.9988,5500
2014-07-20,102.531,221.634,134.29,266.103,149.693,6.34773e+06,103.005,158.874,5500
2014-07-27,115.956,250.007,150.823,419.353,169.784,6.34751e+06,116.83,93.6861,5500
2014-08-03,130.834,281.915,170.014,591.893,191.731,6.34728e+06,131.932,132.583,5500
2014-08-10,147.552,317.906,191.729,786.443,216.265,6.34701e+06,148.814,173.711,5500
2014-08-17,166.393,358.493,216.216,1005.84,243.887,6.3467e+06,167.821,181.505,5500
2014-08-24,187.636,404.253,243.825,1253.26,275.026,6.34636e+06,189.248,187.372,5500
2014-08-31,211.584,455.843,274.951,1532.27,310.132,6.34598e+06,213.405,215.368,5500
2014-09-07,238.583,514,310.043,1846.88,349.711,6.34554e+06,240.64,226.77,5500
2014-09-14,269.018,579.557,349.603,2201.65,394.329,6.34505e+06,271.341,280.965,5500
2014-09-21,303.324,653.448,394.197,2601.68,444.623,6.3445e+06,305.949,82.5423,5500
2014-09-28,341.991,736.728,444.463,3052.73,501.312,6.34387e+06,344.958,424.961,5500
2014-07-13,98.6112,215.265,132.894,139.689,144.181,6.34786e+06,81.8106,83.4331,5550
2014-07-20,113.472,246.84,147.412,289.956,164.786,6.34765e+06,93.5021,97.9522,5550
2014-07-27,129.679,281.317,167.238,459.043,188.912,6.34741e+06,107.192,109.456,5550
2014-08-03,147.833,320.499,190.466,651.367,215.552,6.34714e+06,122.308,67.2053,5550
2014-08-10,168.447,365.151,217.014,870.469,245.65,6.34683e+06,139.385,148.593,5550
2014-08-17,191.919,416.024,247.261,1120.11,279.889,6.34647e+06,158.813,211.984,5550
2014-08-24,218.656,473.973,281.715,1404.54,318.885,6.34607e+06,180.94,105.802,5550
2014-08-31,249.109,539.977,320.96,1728.6,363.304,6.34561e+06,206.144,251.563,5550
2014-09-07,283.795,615.148,365.66,2097.8,413.896,6.34509e+06,234.851,170,5550
2014-09-14,323.297,700.754,416.57,2518.4,471.517,6.34449e+06,267.546,189.247,5550
2014-09-21,368.28,798.234,474.549,2997.56,537.136,6.34381e+06,304.779,344.424,5550
2014-09-28,419.501,909.223,540.572,3543.39,611.857,6.34304e+06,347.177,279.578,5550
2014-07-13,83.1392,182.406,111.569,117.092,121.101,6.34796e+06,79.7142,91.0805,5600
2014-07-20,96.4666,210.839,124.556,243.636,139.531,6.34777e+06,91.8456,80.4563,5600
2014-07-27,111.115,242.155,142.385,387.057,161.25,6.34757e+06,106.143,100.102,5600
2014-08-03,127.656,278.028,163.421,551.449,185.429,6.34733e+06,122.058,102.472,5600
2014-08-10,146.588,319.228,187.649,740.187,212.964,6.34706e+06,140.183,162.115,5600
2014-08-17,168.314,366.534,215.467,956.904,244.536,6.34674e+06,160.965,192.593,5600
2014-08-24,193.256,420.842,247.401,1205.75,280.775,6.34638e+06,184.819,216.557,5600
2014-08-31,221.887,483.182,284.06,1491.46,322.377,6.34597e+06,212.203,198.118,5600
2014-09-07,254.752,554.737,326.142,1819.51,370.132,6.34549e+06,243.638,264.659,5600
2014-09-14,292.473,636.864,374.446,2196.15,424.946,6.34495e+06,279.719,272.487,5600
2014-09-21,335.767,731.117,429.887,2628.57,487.859,6.34432e+06,321.131,245.448,5600
2014-09-28,385.45,839.274,493.516,3125,560.06,6.34361e+06,368.658,424.429,5600
2014-07-13,70.7932,155.288,95.0169,99.7272,103.133,6.34803e+06,72.6051,74.4627,5650
2014-07-20,82.1148,179.439,106.05,207.484,118.791,6.34787e+06,83.628,70.1262,5650
2014-07-27,94.5545,206.029,121.195,329.578,137.239,6.3477e+06,96.6154,109.406,5650
2014-08-03,108.598,236.479,139.058,469.484,157.769,6.3475e+06,111.069,122.798,5650
2014-08-10,124.667,271.442,159.626,630.059,181.143,6.34726e+06,127.524,89.4965,5650
2014-08-17,143.102,311.576,183.236,814.386,207.936,6.347e+06,146.386,125.744,5650
2014-08-24,164.26,357.638,210.331,1025.97,238.682,6.34669e+06,168.031,178.296,5650
2014-08-31,188.541,410.5,241.428,1268.84,273.967,6.34634e+06,192.872,196.73,5650
2014-09-07,216.406,471.161,277.115,1547.62,314.462,6.34594e+06,221.38,180.896,5650
2014-09-14,248.382,540.767,318.069,1867.6,360.932,6.34548e+06,254.094,251.643,5650
2014-09-21,285.072,620.633,365.063,2234.86,414.255,6.34494e+06,291.633,293.485,5650
2014-09-28,327.168,712.263,418.985,2656.37,475.437,6.34434e+06,334.705,368.45,5650
2014-07-13,109.068,235.672,148.245,156.305,160.687,6.3478e+06,104.448,99.5022,5700
2014-07-20,123.418,265.907,162.334,322.903,180.687,6.34758e+06,117.448,135.261,5700
2014-07-27,138.823,298.351,181.371,507.67,203.804,6.34732e+06,132.473,117.821,5700
2014-08-03,155.799,334.638,203.362,714.594,228.914,6.34704e+06,148.795,190.721,5700
2014-08-10,174.771,375.348,228.114,946.672,256.83,6.34673e+06,166.941,164.958,5700
2014-08-17,196.037,421.011,255.878,1207,288.09,6.34637e+06,187.26,194.388,5700
2014-08-24,219.884,472.217,287.012,1499,323.14,6.34597e+06,210.042,225.12,5700
2014-08-31,246.624,529.635,321.925,1826.53,362.443,6.34553e+06,235.59,268.96,5700
2014-09-07,276.608,594.014,361.073,2193.9,406.514,6.34502e+06,264.236,322.833,5700
2014-09-14,310.225,666.191,404.968,2605.93,455.928,6.34446e+06,296.355,361.797,5700
2014-09-21,347.913,747.104,454.181,3068.05,511.327,6.34383e+06,332.365,438.502,5700
2014-09-28,390.162,837.803,509.354,3586.31,573.433,6.34313e+06,372.734,191.982,5700
2014-07-13,111.162,244.543,148.836,156.075,161.592,6.34779e+06,75.8087,95.6058,5750
2014-07-20,129.555,283.87,166.735,325.166,186.991,6.34754e+06,87.7245,114.913,5750
2014-07-27,149.854,327.38,191.378,517.551,217.028,6.34726e+06,101.816,65.2389,5750
2014-08-03,172.876,377.43,220.561,738.976,250.607,6.34694e+06,117.569,158.828,5750
2014-08-10,199.333,435.146,254.305,994.242,289.011,6.34657e+06,135.586,128.629,5750
2014-08-17,229.82,501.686,293.21,1288.56,333.224,6.34614e+06,156.328,122.634,5750
2014-08-24,264.959,578.383,338.052,1627.9,384.181,6.34564e+06,180.234,160.196,5750
2014-08-31,305.461,666.777,389.739,2019.13,442.915,6.34507e+06,207.788,148.458,5750
2014-09-07,352.137,768.644,449.309,2470.17,510.607,6.34441e+06,239.545,266.183,5750
2014-09-14,405.925,886.024,517.961,2990.13,588.616,6.34365e+06,276.142,317.522,5750
2014-09-21,467.902,1021.26,597.071,3589.53,678.506,6.34277e+06,318.312,394.407,5750
2014-09-28,539.305,1177.06,688.222,4280.45,782.074,6.34176e+06,366.9,377.963,5750
2014-07-13,79.1516,176.108,104.954,109.667,114.07,6.34798e+06,67.2772,65.7338,5800
2014-07-20,94.0023,208.162,119.324,229.753,134.455,6.3478e+06,79.3001,60.5524,5800
2014-07-27,110.686,244.323,139.349,368.65,158.922,6.34759e+06,93.7303,102.507,5800
2014-08-03,129.959,286.673,163.447,531.337,186.784,6.34734e+06,110.163,126.005,5800
2014-08-10,152.509,336.38,191.8,722.216,219.232,6.34705e+06,129.301,169.149,5800
2014-08-17,178.957,394.707,225.068,946.207,257.26,6.34671e+06,151.729,147.104,5800
2014-08-24,209.986,463.137,264.099,1209.05,301.869,6.3463e+06,178.039,168.053,5800
2014-08-31,246.387,543.411,309.889,1517.46,354.204,6.34583e+06,208.905,320.384,5800
2014-09-07,289.088,637.573,363.605,1879.34,415.598,6.34528e+06,245.114,216.577,5800
2014-09-14,339.174,748.015,426.616,2303.94,487.613,6.34463e+06,287.588,275.677,5800
2014-09-21,397.917,877.539,500.524,2802.12,572.08,6.34387e+06,337.405,320.044,5800
2014-09-28,466.806,1029.42,587.204,3386.58,671.141,6.34298e+06,395.83,356.774,5800
2014-07-13,81.6863,178.131,110.182,115.853,119.529,6.34796e+06,87.5186,68.5271,5850
2014-07-20,93.8348,203.921,122.056,240.36,136.381,6.34779e+06,99.858,109.265,5850
2014-07-27,107.062,232.031,138.254,380.25,156.088,6.34759e+06,114.287,162.415,5850
2014-08-03,121.854,263.927,157.204,539.113,177.812,6.34737e+06,130.194,102.323,5850
2014-08-10,138.624,300.218,178.829,719.804,202.316,6.34711e+06,148.135,117.145,5850
2014-08-17,157.689,341.5,203.429,925.351,230.148,6.34682e+06,168.513,159.644,5850
2014-08-24,179.371,388.452,231.406,1159.17,261.797,6.34649e+06,191.687,211.208,5850
2014-08-31,204.031,441.848,263.225,1425.14,297.791,6.34612e+06,218.041,214.004,5850
2014-09-07,232.073,502.568,299.41,1727.68,338.725,6.34569e+06,248.013,284.626,5850
2014-09-14,263.961,571.612,340.559,2071.81,385.274,6.3452e+06,282.096,292.945,5850
2014-09-21,300.22,650.115,387.351,2463.22,438.204,6.34465e+06,320.852,385.635,5850
2014-09-28,341.445,739.366,440.555,2908.4,498.387,6.34402e+06,364.917,368.415,5850
2014-07-13,92.0981,200.801,124.244,130.645,134.782,6.3479e+06,89.5664,124.3,5900
2014-07-20,105.765,229.81,137.603,271.028,153.742,6.34771e+06,102.166,133.793,5900
2014-07-27,120.641,261.419,155.824,428.716,175.909,6.34748e+06,116.897,93.4348,5900
2014-08-03,137.272,297.273,177.134,607.743,200.337,6.34723e+06,133.13,95.9646,5900
2014-08-10,156.121,338.057,201.447,811.314,227.883,6.34694e+06,151.435,174.95,5900
2014-08-17,177.544,384.437,229.096,1042.83,259.161,6.34662e+06,172.22,184.009,5900
2014-08-24,201.901,437.17,260.531,1306.11,294.719,6.34624e+06,195.849,177.407,5900
2014-08-31,229.593,497.122,296.271,1605.51,335.146,6.34582e+06,222.714,262.783,5900
2014-09-07,261.074,565.276,336.905,1945.99,381.107,6.34534e+06,253.257,237.05,5900
2014-09-14,296.862,642.748,383.098,2333.15,433.356,6.34479e+06,287.978,284.386,5900
2014-09-21,337.541,730.805,435.609,2773.39,492.75,6.34417e+06,327.447,436.508,5900
2014-09-28,383.777,830.884,495.297,3273.96,560.258,6.34347e+06,372.309,179.821,5900
2014-07-13,78.3004,171.039,105.464,110.834,114.428,6.34798e+06,79.3839,52.7483,5950
2014-07-20,90.1982,196.332,117.083,230.133,130.919,6.34782e+06,90.8238,69.345,5950
2014-07-27,103.187,223.981,132.962,364.499,150.244,6.34763e+06,104.231,121.075,5950
2014-08-03,117.751,255.437,151.582,517.484,171.606,6.34741e+06,119.05,94.6977,5950
2014-08-10,134.307,291.322,172.886,691.946,195.766,6.34716e+06,135.811,178.305,5950
2014-08-17,153.179,332.25,197.183,890.928,223.28,6.34688e+06,154.899,149.058,5950
2014-08-24,174.699,378.921,224.89,1117.87,254.65,6.34655e+06,176.662,147.541,5950
2014-08-31,199.236,432.137,256.482,1376.7,290.421,6.34619e+06,201.477,184.789,5950
2014-09-07,227.214,492.811,292.506,1671.89,331.208,6.34577e+06,229.773,161.039,5950
2014-09-14,259.113,561.985,333.579,2008.52,377.712,6.34529e+06,262.035,286.124,5950
2014-09-21,295.479,640.843,380.407,2392.43,430.731,6.34474e+06,298.817,176.794,5950
2014-09-28,336.934,730.734,433.792,2830.21,491.173,6.34412e+06,340.748,318.077,5950
2014-07-13,101.337,220.428,136.976,144.136,148.562,6.34785e+06,94.4973,95.7779,6000
2014-07-20,115.927,251.336,151.255,298.686,168.828,6.34763e+06,107.388,82.057,6000
2014-07-27,131.751,284.88,170.68,471.709,192.45,6.34739e+06,122.413,149.72,6000
2014-08-03,149.374,322.79,193.327,667.446,218.383,6.34712e+06,138.909,146.823,6000
2014-08-10,169.275,365.756,219.073,889.219,247.518,6.34681e+06,157.441,208.664,6000
2014-08-17,191.811,414.441,248.246,1140.53,280.48,6.34645e+06,178.407,224.638,6000
2014-08-24,217.341,469.595,281.295,1425.29,317.816,6.34606e+06,202.156,193.029,6000
2014-08-31,246.261,532.072,318.733,1747.97,360.112,6.3456e+06,229.06,272.413,6000
2014-09-07,279.021,602.839,361.144,2113.58,408.024,6.34509e+06,259.535,318.664,6000
2014-09-14,316.126,682.99,409.183,2527.83,462.293,6.34451e+06,294.055,280.329,6000
2014-09-21,358.15,773.761,463.593,2997.18,523.759,6.34386e+06,333.152,341.503,6000
2014-09-28,405.74,876.549,525.215,3528.93,593.369,6.34311e+06,377.43,401.385,6000
2014-07-13,94.3276,205.858,127.15,133.662,137.946,6.34789e+06,77.3914,83.3159,6050
2014-07-20,108.495,235.951,140.992,277.412,157.591,6.34769e+06,88.4127,141.741,6050
2014-07-27,123.938,268.796,159.889,439.1,180.586,6.34746e+06,101.313,86.4417,6050
2014-08-03,141.229,306.107,182.021,622.935,205.966,6.3472e+06,115.552,139.473,6050
2014-08-10,160.856,348.61,207.305,832.277,234.627,6.3469e+06,131.632,117.508,6050
2014-08-17,183.194,397.014,236.102,1070.7,267.219,6.34656e+06,149.917,149.103,6050
2014-08-24,208.629,452.129,268.889,1342.24,304.324,6.34618e+06,170.733,193.154,6050
2014-08-31,237.589,514.879,306.221,1651.48,346.572,6.34574e+06,194.436,169.694,6050
2014-09-07,270.56,586.318,348.725,2003.64,394.673,6.34524e+06,221.421,231.994,6050
2014-09-14,308.094,667.64,397.115,2404.69,449.433,6.34467e+06,252.144,237.388,6050
2014-09-21,350.82,760.207,452.202,2861.37,511.771,6.34403e+06,287.117,321.617,6050
2014-09-28,399.451,865.561,514.908,3381.39,582.729,6.34329e+06,326.926,364.417,6050
2014-07-13,100.526,220.92,134.71,141.306,146.241,6.34785e+06,72.6944,64.6533,6100
2014-07-20,116.963,256.036,150.714,294.254,168.952,6.34763e+06,83.9834,61.6547,6100
2014-07-27,135.075,294.821,172.724,468.017,195.774,6.34738e+06,97.3162,141.947,6100
2014-08-03,155.583,339.365,198.752,667.7,225.711,6.34709e+06,112.198,111.419,6100
2014-08-10,179.116,390.654,228.804,897.543,259.895,6.34675e+06,129.19,141.164,6100
2014-08-17,206.19,449.693,263.398,1162.14,299.19,6.34637e+06,148.723,141.409,6100
2014-08-24,237.35,517.641,303.211,1466.73,344.408,6.34593e+06,171.2,137.3,6100
2014-08-31,273.208,595.834,349.03,1817.36,396.448,6.34541e+06,197.068,238.895,6100
2014-09-07,314.472,685.809,401.758,2220.97,456.335,6.34483e+06,226.837,209.713,6100
2014-09-14,361.952,789.331,462.433,2685.54,525.245,6.34415e+06,261.091,188.066,6100
2014-09-21,416.579,908.429,532.247,3220.26,604.532,6.34337e+06,300.504,321.152,6100
2014-09-28,479.421,1045.43,612.567,3835.69,695.749,6.34248e+06,345.846,363.539,6100
2014-07-13,89.8082,193.876,122.16,128.838,132.402,6.34792e+06,91.2383,71.6491,6150
2014-07-20,101.471,218.431,133.616,266.046,148.664,6.34773e+06,102.444,123.259,6150
2014-07-27,113.974,244.741,149.08,418.021,167.439,6.34752e+06,115.382,103.649,6150
2014-08-03,127.732,274.125,166.923,587.983,187.805,6.34729e+06,129.416,112.554,6150
2014-08-10,143.087,307.046,186.978,778.341,210.414,6.34703e+06,144.996,120.274,6150
2014-08-17,160.275,343.922,209.444,991.571,235.696,6.34674e+06,162.418,149.335,6150
2014-08-24,179.523,385.22,234.602,1230.42,264.004,6.34642e+06,181.925,180.413,6150
2014-08-31,201.078,431.466,262.776,1497.95,295.706,6.34606e+06,203.771,203.289,6150
2014-09-07,225.214,483.25,294.325,1797.61,331.207,6.34565e+06,228.234,246.066,6150
2014-09-14,252.241,541.232,329.654,2133.24,370.958,6.34519e+06,255.627,304.227,6150
2014-09-21,282.501,606.148,369.211,2509.15,415.468,6.34468e+06,286.299,235.364,6150
2014-09-28,316.38,678.822,413.501,2930.16,465.301,6.34411e+06,320.638,285.425,6150
2014-07-13,109.42,235.533,149.193,157.483,161.66,6.3478e+06,87.3974,80.1629,6200
2014-07-20,123.047,264.155,162.597,324.767,180.688,6.34758e+06,97.6848,95.1594,6200
2014-07-27,137.591,294.672,180.637,509.304,202.578,6.34733e+06,109.519,150.755,6200
2014-08-03,153.522,328.601,201.37,714.784,226.212,6.34705e+06,122.296,97.4401,6200
2014-08-10,171.22,366.445,224.573,943.911,252.329,6.34674e+06,136.416,66.6492,6200
2014-08-17,190.943,408.648,250.449,1199.44,281.404,6.3464e+06,152.134,204.592,6200
2014-08-24,212.932,455.701,279.297,1484.41,313.815,6.34602e+06,169.656,165.919,6200
2014-08-31,237.447,508.156,311.46,1802.19,349.949,6.34559e+06,189.192,237.322,6200
2014-09-07,264.775,566.631,347.316,2156.57,390.232,6.34511e+06,210.97,252.278,6200
2014-09-14,295.239,631.81,387.288,2551.73,435.138,6.34458e+06,235.247,96.2625,6200
2014-09-21,329.195,704.458,431.844,2992.37,485.193,6.34399e+06,262.308,276.508,6200
2014-09-28,367.04,785.421,481.507,3483.69,540.984,6.34333e+06,292.47,137.89,6200
2014-07-13,100.885,216.471,137.915,145.714,149.397,6.34785e+06,79.8658,118.848,6250
2014-07-20,112.862,241.565,149.715,300.064,166.15,6.34765e+06,88.8215,134.444,6250
2014-07-27,125.585,268.177,165.545,469.578,185.345,6.34742e+06,99.083,132.965,6250
2014-08-03,139.451,297.62,183.659,657.43,205.966,6.34717e+06,110.107,88.4925,6250
2014-08-10,154.78,330.303,203.838,865.893,228.642,6.3469e+06,122.229,134.336,6250
2014-08-17,171.781,366.575,226.233,1097.26,253.763,6.34659e+06,135.658,178.995,6250
2014-08-24,190.644,406.823,251.081,1354.04,281.632,6.34625e+06,150.557,136.784,6250
2014-08-31,211.573,451.478,278.651,1639.03,312.554,6.34587e+06,167.087,267.968,6250
2014-09-07,234.794,501.02,309.241,1955.3,346.862,6.34545e+06,185.428,163.642,6250
2014-09-14,260.555,555.979,343.179,2306.29,384.925,6.34498e+06,205.776,259.41,6250
2014-09-21,289.132,616.945,380.829,2695.79,427.15,6.34447e+06,228.349,272.619,6250
2014-09-28,320.832,684.569,422.595,3128.01,473.991,6.34389e+06,253.39,247.993,6250
2014-07-13,96.9459,210.984,130.984,137.809,142.07,6.34787e+06,84.2703,71.3018,6300
2014-07-20,110.997,240.764,144.732,285.644,161.583,6.34767e+06,95.8443,97.7151,6300
2014-07-27,126.249,273.113,163.446,451.271,184.341,6.34744e+06,109.344,74.8491,6300
2014-08-03,143.25,309.701,185.279,638.787,209.349,6.34717e+06,124.177,98.0473,6300
2014-08-10,162.463,351.202,210.119,851.413,237.466,6.34687e+06,140.855,142.637,6300
2014-08-17,184.237,398.264,238.288,1092.55,269.301,6.34654e+06,159.739,153.353,6300
2014-08-24,208.925,451.624,270.224,1366,305.391,6.34615e+06,181.146,203.383,6300
2014-08-31,236.913,512.116,306.432,1676.1,346.307,6.34572e+06,205.416,159.612,6300
2014-09-07,268.642,580.69,347.481,2027.74,392.694,6.34523e+06,232.93,241.653,6300
2014-09-14,304.609,658.42,394.015,2426.49,445.278,6.34467e+06,264.121,272.563,6300
2014-09-21,345.377,746.521,446.764,2878.62,504.884,6.34403e+06,299.477,434.486,6300
2014-09-28,391.583,846.367,506.553,3391.28,572.442,6.34331e+06,339.55,328.321,6300
2014-07-13,105.359,228.447,142.792,150.4,154.825,6.34782e+06,80.4728,95.5344,6350
2014-07-20,119.899,259.17,157.044,311.202,175.054,6.3476e+06,90.9874,95.6893,6350
2014-07-27,135.592,292.333,176.369,490.415,198.539,6.34736e+06,103.194,124.017,6350
2014-08-03,152.981,329.624,198.801,692.175,224.191,6.34708e+06,116.527,142.478,6350
2014-08-10,172.519,371.684,224.18,919.66,252.865,6.34676e+06,131.431,83.2008,6350
2014-08-17,194.536,419.11,252.798,1176.19,285.145,6.34641e+06,148.209,178.605,6350
2014-08-24,219.357,472.577,285.06,1465.46,321.531,6.34601e+06,167.121,190.805,6350
2014-08-31,247.338,532.848,321.43,1791.64,362.55,6.34556e+06,188.442,236.009,6350
2014-09-07,278.878,600.783,362.428,2159.43,408.789,6.34505e+06,212.475,261.041,6350
2014-09-14,314.428,677.352,408.642,2574.12,460.909,6.34448e+06,239.565,251.736,6350
2014-09-21,354.495,763.644,460.73,3041.69,519.653,6.34383e+06,270.098,213.704,6350
2014-09-28,399.648,860.885,519.435,3568.84,585.856,6.3431e+06,304.509,270.287,6350
2014-07-13,104.339,226.662,141.188,148.626,153.112,6.34783e+06,93.3957,87.145,6400
2014-07-20,119.106,257.912,155.648,307.802,173.637,6.34761e+06,105.916,120.212,6400
2014-07-27,135.089,291.752,175.296,485.676,197.521,6.34736e+06,120.485,136.427,6400
2014-08-03,152.854,329.917,198.16,686.501,223.689,6.34708e+06,136.447,150.482,6400
2014-08-10,172.873,373.086,224.101,913.586,253.027,6.34677e+06,154.342,183.275,6400
2014-08-17,195.497,421.904,253.438,1170.4,286.15,6.34641e+06,174.547,193.194,6400
2014-08-24,221.076,477.098,286.605,1460.83,323.594,6.346e+06,197.387,210.3,6400
2014-08-31,249.994,539.495,324.103,1789.26,365.928,6.34555e+06,223.21,267.692,6400
2014-09-07,282.685,610.03,366.495,2160.65,413.786,6.34503e+06,252.403,190.644,6400
2014-09-14,319.638,689.758,414.418,2580.61,467.887,6.34445e+06,285.404,263.904,6400
2014-09-21,361.406,779.868,468.587,3055.48,529.039,6.34378e+06,322.705,356.634,6400
2014-09-28,408.612,881.704,529.814,3592.41,598.155,6.34304e+06,364.865,421.461,6400
2014-07-13,111.844,242.597,151.534,159.59,164.31,6.34778e+06,88.5762,54.3274,6450
2014-07-20,127.355,275.382,166.736,330.276,185.887,6.34755e+06,100.208,96.4699,6450
2014-07-27,144.106,310.792,187.357,520.601,210.947,6.34729e+06,113.718,133.101,6450
2014-08-03,162.677,350.634,211.303,734.991,238.336,6.34699e+06,128.483,129.397,6450
2014-08-10,183.556,395.594,238.412,976.851,268.969,6.34666e+06,144.996,115.534,6450
2014-08-17,207.096,446.318,268.996,1249.74,303.473,6.34628e+06,163.597,207.292,6450
2014-08-24,233.649,503.533,303.493,1557.63,342.388,6.34585e+06,184.575,117.177,6450
2014-08-31,263.597,568.063,342.403,1905,386.28,6.34537e+06,208.237,194.904,6450
2014-09-07,297.374,640.838,386.289,2296.9,435.785,6.34483e+06,234.924,303.002,6450
2014-09-14,335.465,722.905,435.784,2739.02,491.615,6.34422e+06,265.021,271.588,6450
2014-09-21,378.418,815.442,491.599,3237.78,554.574,6.34353e+06,298.961,251.481,6450
2014-09-28,426.848,919.772,554.538,3800.4,625.565,6.34275e+06,337.23,291.413,6450
2014-07-13,77.272,169.837,103.538,108.604,112.403,6.34799e+06,77.6725,59.2036,6500
2014-07-20,89.9245,196.87,115.857,226.169,129.883,6.34782e+06,89.7516,92.1104,6500
2014-07-27,103.869,226.736,132.8,359.757,150.531,6.34763e+06,104.02,113.27,6500
2014-08-03,119.663,261.043,152.841,513.299,173.583,6.3474e+06,119.949,122.89,6500
2014-08-10,137.789,300.555,175.985,690.066,199.911,6.34715e+06,138.142,164.649,6500
2014-08-17,158.649,346.049,202.633,893.601,230.182,6.34685e+06,159.06,198.449,6500
2014-08-24,182.662,398.422,233.308,1127.95,265.026,6.34651e+06,183.138,189.84,6500
2014-08-31,210.304,458.708,268.621,1397.77,305.136,6.34611e+06,210.855,177.739,6500
2014-09-07,242.122,528.098,309.27,1708.43,351.307,6.34566e+06,242.76,213.218,6500
2014-09-14,278.745,607.962,356.058,2066.1,404.452,6.34514e+06,279.484,284.489,6500
2014-09-21,320.893,699.874,409.91,2477.86,465.618,6.34454e+06,321.751,378.743,6500
2014-09-28,369.398,805.639,471.888,2951.9,536.011,6.34385e+06,370.394,440.701,6500
2014-07-13,99.1587,218.812,132.415,138.722,143.805,6.34786e+06,77.7899,66.8264,6550
2014-07-20,116.159,255.254,148.934,289.447,167.244,6.34764e+06,90.4684,83.4705,6550
2014-07-27,135.012,295.788,171.75,461.703,195.072,6.34739e+06,105.522,99.3793,6550
2014-08-03,156.5,342.642,198.888,660.905,226.34,6.34709e+06,122.436,124.734,6550
2014-08-10,181.318,396.933,230.417,891.654,262.277,6.34675e+06,141.876,140.243,6550
2014-08-17,210.052,459.827,266.941,1158.98,303.851,6.34635e+06,164.365,131.464,6550
2014-08-24,243.332,532.67,309.243,1468.68,351.998,6.3459e+06,190.409,195.673,6550
2014-08-31,281.874,617.029,358.237,1827.44,407.76,6.34537e+06,220.573,177.619,6550
2014-09-07,326.509,714.716,414.977,2243.04,472.339,6.34475e+06,255.506,261.703,6550
2014-09-14,378.193,827.826,480.683,2724.46,547.119,6.34404e+06,295.958,299.093,6550
2014-09-21,438.034,958.778,556.765,3282.08,633.707,6.34321e+06,342.796,289.4,6550
2014-09-28,507.31,1110.37,644.852,3927.95,733.954,6.34226e+06,397.024,343.018,6550
2014-07-13,87.6327,191.214,118.143,124.2,128.172,6.34793e+06,83.725,79.4527,6600
2014-07-20,100.766,219.107,130.975,257.753,146.385,6.34774e+06,95.6219,93.6109,6600
2014-07-27,115.078,249.542,148.492,407.935,167.698,6.34753e+06,109.544,90.7868,6600
2014-08-03,131.099,284.106,169.001,578.642,191.216,6.34729e+06,124.907,130.196,6600
2014-08-10,149.279,323.47,192.427,772.984,217.768,6.34701e+06,142.251,159.652,6600
2014-08-17,169.966,368.288,219.099,994.265,247.954,6.3467e+06,161.969,202.228,6600
2014-08-24,193.514,419.308,249.461,1246.21,282.311,6.34634e+06,184.412,216.482,6600
2014-08-31,220.319,477.383,284.023,1533.07,321.421,6.34594e+06,209.959,185.763,6600
2014-09-07,250.83,543.482,323.364,1859.67,365.938,6.34547e+06,239.039,266.514,6600
2014-09-14,285.556,618.71,368.142,2231.5,416.607,6.34495e+06,272.137,257.749,6600
2014-09-21,325.076,704.32,419.105,2654.81,474.274,6.34435e+06,309.807,304.699,6600
2014-09-28,370.049,801.737,477.104,3136.71,539.901,6.34366e+06,352.675,331.954,6600
2014-07-13,105.395,233.323,140.356,146.892,152.475,6.34782e+06,73.6566,86.0949,6650
2014-07-20,124.127,273.585,158.527,306.977,178.257,6.34759e+06,86.1112,84.6137,6650
2014-07-27,145.005,318.614,183.714,490.787,208.997,6.34731e+06,100.961,63.0673,6650
2014-08-03,168.926,370.93,213.807,704.411,243.717,6.34699e+06,117.733,111.128,6650
2014-08-10,196.693,431.854,248.941,953.103,283.826,6.34662e+06,137.109,175.772,6650
2014-08-17,229.003,502.781,289.844,1242.66,330.461,6.34619e+06,159.637,123.636,6650
2014-08-24,266.611,585.338,337.454,1579.79,384.738,6.34568e+06,185.857,181.023,6650
2014-08-31,310.383,681.423,392.87,1972.28,447.913,6.34509e+06,216.375,135.549,6650
2014-09-07,361.326,793.24,457.367,2429.23,521.439,6.34441e+06,251.894,274.129,6650
2014-09-14,420.606,923.351,532.427,2961.17,607.005,6.34361e+06,293.229,322.592,6650
2014-09-21,489.582,1074.73,619.771,3580.4,706.571,6.34269e+06,341.326,158.537,6650
2014-09-28,569.828,1250.83,721.397,4301.19,822.413,6.34161e+06,397.287,345.367,6650
2014-07-13,83.7536,188.772,109.816,114.269,119.502,6.34795e+06,67.785,72.8048,6700
2014-07-20,101.645,227.809,127.013,240.963,143.891,6.34775e+06,81.6193,74.2616,6700
2014-07-27,122.163,272.843,151.321,390.326,173.671,6.34751e+06,98.5115,114.643,6700
2014-08-03,146.369,326.68,181.119,568.838,208.31,6.34723e+06,118.16,53.6669,6700
2014-08-10,175.278,391.161,216.885,782.57,249.498,6.34688e+06,141.522,77.9459,6700
2014-08-17,209.879,468.369,259.709,1038.51,298.76,6.34647e+06,169.466,154.236,6700
2014-08-24,251.302,560.798,310.976,1344.97,357.731,6.34598e+06,202.916,260.758,6700
2014-08-31,300.889,671.437,372.349,1711.92,428.327,6.34539e+06,242.96,292.223,6700
2014-09-07,360.243,803.862,445.816,2151.29,512.832,6.34469e+06,290.893,431.936,6700
2014-09-14,431.281,962.344,533.751,2677.33,613.977,6.34385e+06,348.266,358.547,6700
2014-09-21,516.291,1151.98,638.993,3307.11,735.024,6.34284e+06,416.927,314.892,6700
2014-09-28,618.007,1378.87,764.93,4061.04,879.868,6.34163e+06,499.087,306.388,6700
2014-07-13,88.1073,192.122,118.849,124.968,128.93,6.34793e+06,81.62,86.9999,6750
2014-07-20,101.201,219.917,131.647,259.264,147.094,6.34774e+06,93.119,85.3058,6750
2014-07-27,115.456,250.209,149.104,410.14,168.333,6.34753e+06,106.564,130.199,6750
2014-08-03,131.395,284.577,169.526,581.462,191.744,6.34728e+06,121.385,110.036,6750
2014-08-10,149.464,323.676,192.829,776.307,218.147,6.34701e+06,138.099,140.475,6750
2014-08-17,170.004,368.149,219.334,997.935,248.133,6.34669e+06,157.082,156.186,6750
2014-08-24,193.361,418.724,249.474,1250.02,282.228,6.34634e+06,178.666,166.442,6750
2014-08-31,219.921,476.233,283.749,1536.75,321,6.34593e+06,203.211,200.388,6750
2014-09-07,250.123,541.622,322.723,1862.86,365.087,6.34547e+06,231.121,252.406,6750
2014-09-14,284.461,615.966,367.04,2233.76,415.217,6.34495e+06,262.855,233.597,6750
2014-09-21,323.502,700.485,417.426,2655.58,472.211,6.34435e+06,298.936,348.606,6750
2014-09-28,367.883,796.562,474.71,3135.31,537.006,6.34368e+06,339.955,383.333,6750
2014-07-13,101.691,220.836,137.642,144.908,149.262,6.34784e+06,86.8512,89.8206,6800
2014-07-20,116.02,251.152,151.676,300.055,169.182,6.34763e+06,98.4424,104.536,6800
2014-07-27,131.522,283.962,170.738,473.347,192.354,6.34739e+06,111.925,85.2323,6800
2014-08-03,148.743,320.948,192.911,668.901,217.727,6.34712e+06,126.689,95.3843,6800
2014-08-10,168.139,362.761,218.056,889.914,246.158,6.34681e+06,143.232,157.586,6800
2014-08-17,190.048,410.023,246.477,1139.74,278.243,6.34646e+06,161.902,146.392,6800
2014-08-24,214.807,463.431,278.594,1422.11,314.495,6.34607e+06,182.996,184.96,6800
2014-08-31,242.784,523.779,314.886,1741.28,355.461,6.34563e+06,206.832,250.597,6800
2014-09-07,274.395,591.965,355.895,2102.02,401.75,6.34513e+06,233.767,288.545,6800
2014-09-14,310.111,669,402.232,2509.74,454.051,6.34456e+06,264.199,248.277,6800
2014-09-21,350.46,756.025,454.583,2970.53,513.14,6.34392e+06,298.581,186.962,6800
2014-09-28,396.04,854.326,513.725,3491.28,579.891,6.34319e+06,337.422,367.81,6800
2014-07-13,100.451,220.357,134.816,141.497,146.333,6.34785e+06,76.0093,65.6054,6850
2014-07-20,116.527,254.65,150.483,294.395,168.565,6.34763e+06,87.5573,84.2168,6850
2014-07-27,134.191,292.408,171.987,467.651,194.76,6.34738e+06,101.164,100.44,6850
2014-08-03,154.134,335.65,197.353,666.198,223.913,6.3471e+06,116.307,124.122,6850
2014-08-10,176.953,385.301,226.56,894.097,257.106,6.34677e+06,133.548,145.025,6850
2014-08-17,203.132,442.296,260.088,1155.72,295.154,6.34639e+06,153.312,97.8005,6850
2014-08-24,233.178,507.708,298.566,1456.06,338.817,6.34595e+06,175.991,197.559,6850
2014-08-31,267.659,582.773,342.726,1800.83,388.925,6.34546e+06,202.019,236.769,6850
2014-09-07,307.228,668.909,393.404,2196.58,446.429,6.34488e+06,231.888,264.347,6850
2014-09-14,352.63,767.739,451.557,2650.84,512.414,6.34423e+06,266.163,308.13,6850
2014-09-21,404.722,881.123,518.283,3172.24,588.124,6.34347e+06,305.488,166.389,6850
2014-09-28,464.481,1011.19,594.837,3770.67,674.983,6.34261e+06,350.606,253.926,6850
2014-07-13,118.961,258.487,160.942,169.409,174.538,6.34774e+06,86.978,88.3166,6900
2014-07-20,135.85,294.233,177.479,350.882,198.01,6.34749e+06,98.6746,102.696,6900
2014-07-27,154.136,332.957,199.952,553.739,225.33,6.34721e+06,112.29,127.579,6900
2014-08-03,174.466,376.644,226.112,782.853,255.274,6.34689e+06,127.211,132.974,6900
2014-08-10,197.385,426.076,255.803,1042.02,288.855,6.34653e+06,143.946,158.492,6900
2014-08-17,223.295,481.994,289.39,1335.21,326.782,6.34612e+06,162.846,119.901,6900
2014-08-24,252.597,545.234,327.376,1666.9,369.671,6.34566e+06,184.219,168.616,6900
2014-08-31,285.735,616.749,370.335,2042.11,418.175,6.34514e+06,208.39,165.784,6900
2014-09-07,323.208,697.615,418.915,2466.56,473.026,6.34454e+06,235.724,225.339,6900
2014-09-14,365.578,789.046,473.85,2946.67,535.048,6.34387e+06,266.632,146.596,6900
2014-09-21,413.482,892.411,535.963,3489.73,605.174,6.34312e+06,301.578,300.686,6900
2014-09-28,467.637,1009.25,606.187,4103.96,684.455,6.34226e+06,341.086,327.3,6900
2014-07-13,156.222,336.093,213.101,224.978,230.897,6.34752e+06,117.21,148.097,6950
2014-07-20,175.521,376.611,232.09,463.844,257.855,6.3472e+06,130.894,93.4934,6950
2014-07-27,196.101,419.766,257.632,727.144,288.842,6.34685e+06,146.624,131.351,6950
2014-08-03,218.621,467.702,286.961,1020.08,322.268,6.34646e+06,163.592,275.035,6950
2014-08-10,243.616,521.12,319.757,1346.46,359.171,6.34602e+06,182.325,274.943,6950
2014-08-17,271.445,580.632,356.296,1710.13,400.214,6.34553e+06,203.16,182.216,6950
2014-08-24,302.441,646.919,396.994,2115.36,445.922,6.34499e+06,226.362,110.196,6950
2014-08-31,336.962,720.743,442.324,2566.86,496.832,6.34438e+06,252.205,185.312,6950
2014-09-07,375.408,802.953,492.808,3069.9,553.53,6.34371e+06,280.987,100.882,6950
2014-09-14,418.219,894.492,549.03,3630.35,616.669,6.34296e+06,313.038,655.063,6950
2014-09-21,465.886,996.408,611.635,4254.72,686.974,6.34212e+06,348.727,229.041,6950
2014-09-28,518.954,1109.86,681.339,4950.27,765.249,6.34119e+06,388.462,250.437,6950
2014-07-13,167.379,366.189,225.15,236.503,244.323,6.34745e+06,84.4844,80.747,7000
2014-07-20,193.305,421.369,250.451,491.431,280.229,6.34709e+06,96.9001,99.9185,7000
2014-07-27,221.671,481.841,285.078,779.189,322.386,6.34668e+06,111.478,109.749,7000
2014-08-03,253.554,550.794,325.768,1107.6,369.096,6.34621e+06,127.629,107.487,7000
2014-08-10,289.878,629.626,372.423,1482.98,422.045,6.34568e+06,145.939,172.987,7000
2014-08-17,331.371,719.728,425.751,1912.13,482.476,6.34506e+06,166.835,165.676,7000
2014-08-24,378.785,822.685,486.69,2402.72,551.524,6.34436e+06,190.711,192.971,7000
2014-08-31,432.96,940.317,556.323,2963.51,630.422,6.34356e+06,217.993,225.17,7000
2014-09-07,494.853,1074.7,635.882,3604.51,720.565,6.34264e+06,249.164,269.932,7000
2014-09-14,565.555,1228.19,726.774,4337.16,823.544,6.34159e+06,284.773,262.986,7000
2014-09-21,646.305,1403.48,830.596,5174.51,941.168,6.3404e+06,325.446,362.606,7000
2014-09-28,738.518,1603.63,949.172,6131.43,1075.5,6.33903e+06,371.897,417.699,7000
2014-07-13,91.5157,196.658,124.955,131.964,135.376,6.3479e+06,90.8665,91.301,7050
2014-07-20,102.628,219.969,135.895,271.931,150.907,6.34772e+06,101.291,94.6757,7050
2014-07-27,114.459,244.751,150.594,425.967,168.736,6.34751e+06,113.258,114.612,7050
2014-08-03,127.383,272.233,167.447,597.048,187.934,6.34729e+06,126.145,140.32,7050
2014-08-10,141.704,302.809,186.263,787.327,209.095,6.34703e+06,140.348,97.252,7050
2014-08-17,157.624,336.821,207.193,998.989,232.592,6.34675e+06,156.12,129.477,7050
2014-08-24,175.327,374.646,230.469,1234.43,258.718,6.34644e+06,173.656,136.791,7050
2014-08-31,195.014,416.708,256.353,1496.32,287.772,6.34609e+06,193.158,156.27,7050
2014-09-07,216.907,463.481,285.137,1787.62,320.082,6.3457e+06,214.844,224.49,7050
2014-09-14,241.25,515.487,317.145,2111.62,356.009,6.34526e+06,238.96,321.363,7050
2014-09-21,268.316,573.309,352.736,2471.98,395.957,6.34478e+06,265.773,367.583,7050
2014-09-28,298.409,637.594,392.308,2872.78,440.373,6.34425e+06,295.586,336.647,7050
2014-07-13,98.2245,213.464,132.869,139.852,144.096,6.34787e+06,87.8922,115.777,7100
2014-07-20,112.2,243.049,146.552,289.686,163.517,6.34766e+06,99.7382,54.8351,7100
2014-07-27,127.336,275.108,165.15,457.216,186.128,6.34743e+06,113.53,104.819,7100
2014-08-03,144.17,311.288,186.806,646.477,210.917,6.34716e+06,128.65,130.591,7100
2014-08-10,163.152,352.237,211.391,860.618,238.727,6.34686e+06,145.613,108.137,7100
2014-08-17,184.618,398.573,239.212,1102.94,270.145,6.34652e+06,164.777,193.795,7100
2014-08-24,208.903,450.995,270.684,1377.15,305.684,6.34614e+06,186.454,253.374,7100
2014-08-31,236.376,510.296,306.289,1687.44,345.889,6.34571e+06,210.977,180.096,7100
2014-09-07,267.453,577.374,346.567,2038.53,391.37,6.34522e+06,238.719,253.604,7100
2014-09-14,302.604,653.243,392.128,2435.79,442.816,6.34467e+06,270.099,290.366,7100
2014-09-21,342.361,739.048,443.662,2885.26,501.005,6.34404e+06,305.592,364.928,7100
2014-09-28,387.323,836.082,501.947,3393.79,566.816,6.34333e+06,345.733,481.867,7100
2014-07-13,99.4743,216.34,134.477,141.513,145.849,6.34786e+06,81.4987,72.5525,7150
2014-07-20,113.765,246.609,148.464,293.228,165.701,6.34765e+06,92.5914,75.1072,7150
2014-07-27,129.26,279.452,167.489,463.037,188.835,6.34741e+06,105.518,150.282,7150
2014-08-03,146.513,316.558,189.664,655.089,214.227,6.34714e+06,119.707,97.9046,7150
2014-08-10,165.99,358.603,214.867,872.631,242.745,6.34684e+06,135.643,198.61,7150
2014-08-17,188.04,406.233,243.418,1119.08,275.001,6.34649e+06,153.667,146.901,7150
2014-08-24,213.014,460.178,275.754,1398.27,311.529,6.3461e+06,174.078,173.24,7150
2014-08-31,241.298,521.271,312.376,1714.55,352.898,6.34566e+06,197.195,163.698,7150
2014-09-07,273.329,590.453,353.851,2072.82,399.749,6.34516e+06,223.374,119.536,7150
2014-09-14,309.599,668.789,400.819,2478.66,452.804,6.34459e+06,253.021,339.697,7150
2014-09-21,350.667,757.483,454.003,2938.36,512.88,6.34395e+06,286.59,288.151,7150
2014-09-28,397.164,857.895,514.221,3459.04,580.899,6.34322e+06,324.598,376.812,7150
2014-07-13,86.1794,189.081,115.646,121.37,125.526,6.34794e+06,77.5717,80.3052,7200
2014-07-20,99.999,218.566,129.112,252.54,144.636,6.34775e+06,89.3813,82.5019,7200
2014-07-27,115.189,251.04,147.6,401.21,167.159,6.34753e+06,103.3,105.215,7200
2014-08-03,132.342,288.242,169.414,571.628,192.232,6.34729e+06,118.794,132.718,7200
2014-08-10,151.976,330.97,194.539,767.291,220.787,6.34701e+06,136.44,126.38,7200
2014-08-17,174.508,380.032,223.388,991.971,253.529,6.34668e+06,156.674,175.707,7200
2014-08-24,200.376,436.358,256.507,1249.97,291.114,6.34631e+06,179.9,137.905,7200
2014-08-31,230.071,501.016,294.528,1546.21,334.261,6.34588e+06,206.564,199.176,7200
2014-09-07,264.159,575.235,338.174,1886.35,383.792,6.34539e+06,237.173,196.888,7200
2014-09-14,303.285,660.422,388.275,2276.9,440.646,6.34482e+06,272.307,302.937,7200
2014-09-21,348.192,758.187,445.781,2725.29,505.903,6.34417e+06,312.634,398.703,7200
2014-09-28,399.727,870.379,511.782,3240.09,580.795,6.34343e+06,358.915,382.917,7200
2014-07-13,71.515,158.629,95.079,99.4456,103.307,6.34803e+06,64.5254,70.9506,7250
2014-07-20,84.499,186.582,107.662,208.022,121.159,6.34786e+06,75.6757,70.9475,7250
2014-07-27,99.0157,217.952,125.14,333.044,142.5,6.34767e+06,89.0048,93.5045,7250
2014-08-03,115.702,254.513,146.081,478.784,166.681,6.34745e+06,104.108,98.6213,7250
2014-08-10,135.131,297.221,170.604,648.965,194.704,6.3472e+06,121.611,118.779,7250
2014-08-17,157.811,347.098,199.242,847.714,227.388,6.3469e+06,142.026,93.423,7250
2014-08-24,184.292,405.337,232.681,1079.82,265.548,6.34655e+06,165.86,96.5551,7250
2014-08-31,215.211,473.333,271.724,1350.88,310.104,6.34614e+06,193.69,165.172,7250
2014-09-07,251.309,552.716,317.31,1667.42,362.125,6.34566e+06,226.182,251.876,7250
2014-09-14,293.451,645.386,370.531,2037.06,422.858,6.3451e+06,264.115,253.767,7250
2014-09-21,342.645,753.558,432.661,2468.69,493.756,6.34445e+06,308.398,352.124,7250
2014-09-28,400.066,879.81,505.187,2972.67,576.514,6.34369e+06,360.089,322.389,7250
2014-07-13,148.067,325.801,198.211,207.837,215.203,6.34757e+06,78.2044,55.5128,7300
2014-07-20,172.628,378.324,222.111,433.055,249.117,6.34724e+06,90.5287,102.877,7300
2014-07-27,199.742,436.452,255.021,689.377,289.232,6.34687e+06,105.106,87.1534,7300
2014-08-03,230.502,503.335,294.004,984.486,334.092,6.34644e+06,121.408,124.871,7300
2014-08-10,265.861,580.482,339.093,1324.81,385.411,6.34594e+06,140.058,189.028,7300
2014-08-17,306.615,669.444,391.09,1717.32,444.508,6.34537e+06,161.533,183.921,7300
2014-08-24,353.6,772.006,451.037,2170.01,512.634,6.3447e+06,186.29,225.712,7300
2014-08-31,407.763,890.231,520.147,2692.07,591.173,6.34394e+06,214.831,233.765,7300
2014-09-07,470.196,1026.5,599.815,3294.11,681.708,6.34306e+06,247.731,313.629,7300
2014-09-14,542.15,1183.53,691.642,3988.34,786.057,6.34204e+06,285.651,196.951,7300
2014-09-21,625.066,1364.47,797.471,4788.82,906.312,6.34087e+06,329.352,249.919,7300
2014-09-28,720.598,1572.92,919.418,5711.75,1044.88,6.33953e+06,379.706,356.638,7300
2014-07-13,99.3021,217.896,133.243,139.834,144.629,6.34786e+06,79.1442,45.5313,7350
2014-07-20,115.246,251.915,148.779,290.974,166.676,6.34764e+06,91.2086,66.1304,7350
2014-07-27,132.773,289.391,170.11,462.304,192.662,6.3474e+06,105.429,123.344,7350
2014-08-03,152.569,332.327,195.282,658.728,221.595,6.34711e+06,121.262,113.391,7350
2014-08-10,175.231,381.647,224.277,884.284,254.552,6.34678e+06,139.297,147.275,7350
2014-08-17,201.241,438.286,257.576,1143.33,292.345,6.34641e+06,159.978,146.89,7350
2014-08-24,231.105,503.319,295.808,1440.83,335.734,6.34598e+06,183.721,155.629,7350
2014-08-31,265.391,577.979,339.704,1782.49,385.55,6.34548e+06,210.982,231.353,7350
2014-09-07,304.754,663.688,390.099,2174.83,442.742,6.34492e+06,242.279,199.189,7350
2014-09-14,349.939,762.07,447.954,2625.38,508.398,6.34426e+06,278.207,269.642,7350
2014-09-21,401.803,874.988,514.365,3142.73,583.761,6.34352e+06,319.447,315.368,7350
2014-09-28,461.327,1004.57,590.592,3736.76,670.261,6.34266e+06,366.782,267.657,7350
2014-07-13,81.3577,179.803,108.504,113.618,117.854,6.34797e+06,74.5715,87.8479,7400
2014-07-20,95.5462,210.256,122.28,237.242,137.4,6.34778e+06,86.9391,48.0398,7400
2014-07-27,111.319,244.218,141.339,378.835,160.653,6.34757e+06,101.653,104.008,7400
2014-08-03,129.341,283.57,164.057,542.963,186.845,6.34733e+06,118.226,127.903,7400
2014-08-10,150.205,329.279,190.513,733.53,217.023,6.34705e+06,137.32,166.8,7400
2014-08-17,174.421,382.356,221.233,954.828,252.018,6.34672e+06,159.463,191.161,7400
2014-08-24,202.534,443.979,256.898,1211.81,292.643,6.34633e+06,185.169,216.089,7400
2014-08-31,235.173,515.517,298.305,1510.21,339.808,6.34589e+06,215.012,236.084,7400
2014-09-07,273.061,598.559,346.374,1856.7,394.561,6.34538e+06,249.657,227.573,7400
2014-09-14,317.042,694.948,402.175,2259.02,458.12,6.34478e+06,289.873,392.625,7400
2014-09-21,368.088,806.816,466.946,2726.14,531.894,6.34408e+06,336.554,425.322,7400
2014-09-28,427.33,936.638,542.122,3268.48,617.516,6.34328e+06,390.731,176.501,7400
2014-07-13,92.8119,203.479,124.626,130.825,135.264,6.3479e+06,81.5784,103.33,7450
2014-07-20,107.56,234.925,139.003,272.115,155.667,6.3477e+06,93.8833,101.396,7450
2014-07-27,123.751,269.515,158.725,432.081,179.689,6.34747e+06,108.371,114.284,7450
2014-08-03,142.014,309.093,181.97,615.234,206.398,6.3472e+06,124.479,167.966,7450
2014-08-10,162.891,354.495,208.712,825.272,236.78,6.3469e+06,142.803,121.521,7450
2014-08-17,186.823,406.567,239.382,1066.18,271.575,6.34655e+06,163.788,153.233,7450
2014-08-24,214.263,466.277,274.55,1342.48,311.469,6.34615e+06,187.848,126.616,7450
2014-08-31,245.727,534.738,314.875,1659.37,357.213,6.3457e+06,215.437,276.338,7450
2014-09-07,281.802,613.228,361.111,2022.79,409.662,6.34517e+06,247.069,311.99,7450
2014-09-14,323.16,703.208,414.122,2439.58,469.793,6.34457e+06,283.334,258.306,7450
2014-09-21,370.57,806.35,474.894,2917.53,538.728,6.34388e+06,324.909,320.725,7450
2014-09-28,424.912,924.568,544.559,3465.61,617.748,6.34309e+06,372.566,380.387,7450
2014-07-13,99.1905,215.894,134.004,140.982,145.347,6.34786e+06,86.6055,86.799,7500
2014-07-20,113.588,246.411,148.09,292.235,165.34,6.34765e+06,98.5182,89.139,7500
2014-07-27,129.219,279.567,167.267,461.72,188.662,6.34741e+06,112.415,115.701,7500
2014-08-03,146.645,317.075,189.644,653.637,214.293,6.34714e+06,127.687,163.437,7500
2014-08-10,166.343,359.626,215.106,871.291,243.116,6.34684e+06,144.862,160.397,7500
2014-08-17,188.67,407.888,243.985,1118.17,275.757,6.34649e+06,164.311,139.322,7500
2014-08-24,213.988,462.616,276.733,1398.19,312.766,6.3461e+06,186.362,234.044,7500
2014-08-31,242.696,524.67,313.867,1715.78,354.731,6.34565e+06,211.367,248.677,7500
2014-09-07,275.247,595.027,355.973,2075.99,402.315,6.34515e+06,239.72,260.254,7500
2014-09-14,312.151,674.79,403.714,2484.52,456.265,6.34457e+06,271.867,271.103,7500
2014-09-21,353.988,765.209,457.839,2947.82,517.428,6.34393e+06,308.311,305.019,7500
2014-09-28,401.412,867.699,519.197,3473.23,586.764,6.34319e+06,349.625,308.54,7500
2014-07-13,110.504,241.809,148.62,156.104,161.279,6.34779e+06,85.1581,75.055,7550
2014-07-20,127.664,278.34,165.364,324.401,185.041,6.34755e+06,97.7049,152.276,7550
2014-07-27,146.447,318.391,188.287,514.428,212.95,6.34728e+06,112.441,96.0718,7550
2014-08-03,167.568,364.08,215.232,731.367,243.885,6.34697e+06,128.776,177.293,7550
2014-08-10,191.64,416.338,246.141,979.427,278.968,6.34662e+06,147.3,127.965,7550
2014-08-17,219.152,476.096,281.486,1263.11,319.027,6.34621e+06,168.452,138.237,7550
2014-08-24,250.604,544.415,321.894,1587.52,364.82,6.34575e+06,192.631,183.884,7550
2014-08-31,286.561,622.514,368.091,1958.5,417.172,6.34521e+06,220.274,206.363,7550
2014-09-07,327.664,711.785,420.901,2382.7,477.018,6.34461e+06,251.874,280.762,7550
2014-09-14,374.645,813.818,481.268,2867.76,545.426,6.34391e+06,287.995,268.247,7550
2014-09-21,428.339,930.423,550.267,3422.38,623.613,6.34312e+06,329.279,297.102,7550
2014-09-28,489.698,1063.66,629.123,4056.49,712.968,6.34221e+06,376.46,471.225,7550
2014-07-13,101.246,221.088,136.408,143.368,147.998,6.34785e+06,83.949,64.8519,7600
2014-07-20,116.566,253.646,151.372,297.639,169.235,6.34763e+06,95.9957,122.689,7600
2014-07-27,133.282,289.217,171.814,471.31,194.113,6.34738e+06,110.107,148.75,7600
2014-08-03,152.015,329.662,195.774,668.947,221.596,6.3471e+06,125.696,120.491,7600
2014-08-10,173.298,375.776,223.172,894.211,252.662,6.34678e+06,143.318,132.272,7600
2014-08-17,197.543,428.34,254.403,1151,288.021,6.34642e+06,163.374,164.788,7600
2014-08-24,225.174,488.244,289.995,1443.72,328.311,6.346e+06,186.229,165.929,7600
2014-08-31,256.661,556.508,330.555,1777.39,374.227,6.34553e+06,212.273,184.107,7600
2014-09-07,292.541,634.291,376.776,2157.72,426.55,6.34499e+06,241.953,241.283,7600
2014-09-14,333.423,722.913,429.444,2591.22,486.17,6.34437e+06,275.771,218.067,7600
2014-09-21,380.001,823.876,489.454,3085.31,554.099,6.34367e+06,314.302,328.734,7600
2014-09-28,433.062,938.884,557.822,3648.43,631.486,6.34287e+06,358.199,387.647,7600
2014-07-13,94.2313,205.468,127.113,133.659,137.896,6.34789e+06,82.1461,88.5984,7650
2014-07-20,108.228,235.178,140.795,277.291,157.313,6.34769e+06,93.7135,102.663,7650
2014-07-27,123.465,267.557,159.456,438.647,180.016,6.34746e+06,107.238,122.569,7650
2014-08-03,140.502,304.288,181.284,621.857,205.039,6.3472e+06,122.144,118.484,7650
2014-08-10,159.813,346.074,206.19,830.21,233.258,6.34691e+06,138.955,74.3801,7650
2014-08-17,181.763,393.598,234.517,1067.19,265.304,6.34657e+06,158.045,135.934,7650
2014-08-24,206.722,447.639,266.727,1336.72,301.739,6.34619e+06,179.75,203.164,7650
2014-08-31,235.101,509.083,303.351,1643.26,343.168,6.34576e+06,204.429,251.523,7650
2014-09-07,267.368,578.942,344.995,1991.89,390.273,6.34527e+06,232.491,212.44,7650
2014-09-14,304.053,658.36,392.341,2388.37,443.829,6.34471e+06,264.394,267.187,7650
2014-09-21,345.755,748.637,446.169,2839.26,504.713,6.34407e+06,300.664,315.052,7650
2014-09-28,393.159,851.25,507.359,3351.99,573.924,6.34335e+06,341.894,330.944,7650
2014-07-13,133.006,290.897,178.962,188.004,194.196,6.34766e+06,80.5425,66.7744,7700
2014-07-20,153.528,334.564,198.991,390.596,222.621,6.34737e+06,92.3317,87.0907,7700
2014-07-27,175.971,382.395,226.396,619.174,255.983,6.34705e+06,106.169,101.096,7700
2014-08-03,201.185,436.911,258.586,879.915,292.931,6.34667e+06,121.493,121.292,7700
2014-08-10,229.899,499.213,295.48,1177.82,334.796,6.34625e+06,138.856,131.07,7700
2014-08-17,262.687,570.394,337.633,1518.22,382.557,6.34576e+06,158.665,136.519,7700
2014-08-24,300.138,651.701,385.783,1907.18,437.107,6.34521e+06,181.289,212.727,7700
2014-08-31,342.915,744.564,440.781,2351.6,499.416,6.34457e+06,207.132,228.777,7700
2014-09-07,391.769,850.614,503.598,2859.36,570.58,6.34384e+06,236.647,216.505,7700
2014-09-14,447.559,971.711,575.339,3439.47,651.852,6.34302e+06,270.354,278.664,7700
2014-09-21,511.261,1109.97,657.261,4102.2,744.655,6.34207e+06,308.844,290.884,7700
2014-09-28,583.987,1267.81,750.799,4859.28,850.612,6.34099e+06,352.79,301.426,7700
2014-07-13,89.9904,196.194,121.406,127.664,131.703,6.34791e+06,80.5981,71.6665,7750
2014-07-20,103.334,224.516,134.451,264.836,150.216,6.34772e+06,91.9277,127.384,7750
2014-07-27,117.858,255.374,152.24,418.904,171.858,6.34751e+06,105.172,117.99,7750
2014-08-03,134.093,290.374,173.045,593.806,195.707,6.34726e+06,119.767,111.965,7750
2014-08-10,152.492,330.182,196.779,792.668,222.596,6.34698e+06,136.222,135.957,7750
2014-08-17,173.402,375.448,223.767,1018.81,253.126,6.34666e+06,154.905,126.958,7750
2014-08-24,197.173,426.911,254.449,1275.95,287.83,6.3463e+06,176.143,129.865,7750
2014-08-31,224.197,485.414,289.33,1568.36,327.283,6.34588e+06,200.288,202.787,7750
2014-09-07,254.917,551.916,328.983,1900.84,372.134,6.34541e+06,227.735,316.648,7750
2014-09-14,289.836,627.504,374.058,2278.88,423.117,6.34488e+06,258.935,196.394,7750
2014-09-21,329.524,713.412,425.293,2708.71,481.066,6.34427e+06,294.398,378.049,7750
2014-09-28,374.631,811.042,483.526,3197.41,546.928,6.34358e+06,334.704,349.059,7750
2014-07-13,82.8136,180.625,111.684,117.425,121.161,6.34796e+06,86.1864,107.783,7800
2014-07-20,95.1603,206.839,123.751,243.645,138.287,6.34778e+06,98.3687,92.4915,7800
2014-07-27,108.607,235.422,140.215,385.499,158.318,6.34758e+06,112.618,122.024,7800
2014-08-03,123.65,267.864,159.481,546.639,180.406,6.34735e+06,128.33,74.0889,7800
2014-08-10,140.709,304.787,181.474,729.975,205.329,6.34709e+06,146.059,201.66,7800
2014-08-17,160.108,346.801,206.499,938.594,233.644,6.3468e+06,166.201,177.03,7800
2014-08-24,182.178,394.599,234.969,1175.98,265.853,6.34646e+06,189.112,193.725,7800
2014-08-31,207.284,448.973,267.356,1446.09,302.495,6.34608e+06,215.177,309.537,7800
2014-09-07,235.844,510.823,304.2,1753.42,344.178,6.34565e+06,244.828,174.016,7800
2014-09-14,268.33,581.173,346.11,2103.1,391.593,6.34515e+06,278.556,197.256,7800
2014-09-21,305.279,661.185,393.781,2500.96,445.523,6.34459e+06,316.919,319.375,7800
2014-09-28,347.3,752.177,448.001,2953.6,506.861,6.34395e+06,360.55,292.468,7800
2014-07-13,71.9306,159.818,95.4942,99.8268,103.775,6.34802e+06,69.6558,86.2078,7850
2014-07-20,85.2275,188.485,108.369,208.993,122.041,6.34786e+06,81.9162,98.9327,7850
2014-07-27,100.133,220.747,126.285,335,143.924,6.34767e+06,96.6044,109.941,7850
2014-08-03,117.313,258.449,147.802,482.27,168.787,6.34744e+06,113.293,149.113,7850
2014-08-10,137.37,302.605,173.064,654.687,197.678,6.34718e+06,132.686,144.155,7850
2014-08-17,160.843,354.306,202.642,856.572,231.464,6.34688e+06,155.363,127.123,7850
2014-08-24,188.322,414.832,237.269,1092.96,271.012,6.34652e+06,181.909,104.284,7850
2014-08-31,220.49,485.682,277.804,1369.73,317.309,6.3461e+06,212.984,309.573,7850
2014-09-07,258.145,568.613,325.254,1693.78,371.504,6.3456e+06,249.361,315.548,7850
2014-09-14,302.218,665.675,380.796,2073.18,434.939,6.34503e+06,291.94,281.844,7850
2014-09-21,353.799,779.268,445.805,2517.36,509.184,6.34435e+06,341.774,185.745,7850
2014-09-28,414.162,912.191,521.887,3037.35,596.074,6.34356e+06,400.096,616.807,7850
2014-07-13,103.233,225.426,139.085,146.183,150.903,6.34784e+06,84.6872,100.888,7900
2014-07-20,118.853,258.621,154.342,303.482,172.556,6.34761e+06,96.839,91.4084,7900
2014-07-27,135.895,294.887,175.184,480.56,197.92,6.34736e+06,111.073,114.589,7900
2014-08-03,154.995,336.122,199.612,682.073,225.941,6.34708e+06,126.799,148.674,7900
2014-08-10,176.693,383.136,227.546,911.753,257.614,6.34675e+06,144.574,162.179,7900
2014-08-17,201.411,436.725,259.387,1173.57,293.662,6.34638e+06,164.804,166.375,7900
2014-08-24,229.581,497.797,295.673,1472.03,334.739,6.34595e+06,187.856,136.485,7900
2014-08-31,261.682,567.39,337.024,1812.23,381.55,6.34547e+06,214.127,199.405,7900
2014-09-07,298.26,646.686,384.146,2200,434.892,6.34492e+06,244.062,306.267,7900
2014-09-14,339.938,737.031,437.839,2641.97,495.672,6.34429e+06,278.172,209.74,7900
2014-09-21,387.42,839.954,499.016,3145.72,564.921,6.34358e+06,317.035,328.749,7900
2014-09-28,441.511,957.194,568.712,3719.83,643.811,6.34276e+06,361.309,357.566,7900
2014-07-13,87.6449,192.522,117.496,123.267,127.549,6.34793e+06,71.7728,73.2616,7950
2014-07-20,101.896,222.956,131.375,256.632,147.244,6.34774e+06,82.8554,73.6319,7950
2014-07-27,117.588,256.544,150.453,408.044,170.49,6.34752e+06,95.9364,78.5519,7950
2014-08-03,135.343,295.091,173,581.915,196.418,6.34726e+06,110.526,104.876,7950
2014-08-10,155.702,339.444,199.013,781.903,226.001,6.34697e+06,127.173,125.059,7950
2014-08-17,179.108,390.463,228.937,1011.96,259.984,6.34664e+06,146.295,132.361,7950
2014-08-24,206.028,449.142,263.352,1276.61,299.062,6.34625e+06,168.285,138.298,7950
2014-08-31,236.986,516.621,302.932,1581.04,344.005,6.34581e+06,193.575,203.237,7950
2014-09-07,272.587,594.217,348.449,1931.21,395.69,6.3453e+06,222.659,285.532,7950
2014-09-14,313.523,683.439,400.791,2333.99,455.123,6.34472e+06,256.102,258.302,7950
2014-09-21,360.592,786.019,460.977,2797.26,523.461,6.34405e+06,294.556,330.743,7950
2014-09-28,414.704,903.944,530.176,3330.1,602.03,6.34327e+06,338.768,358.576,7950
2014-07-13,84.811,184.563,114.595,120.569,124.293,6.34795e+06,78.3298,79.9528,8000
2014-07-20,97.0927,210.591,126.612,249.901,141.349,6.34777e+06,89.0782,93.8555,8000
2014-07-27,110.422,238.861,142.969,394.785,161.241,6.34756e+06,101.614,110.98,8000
2014-08-03,125.28,270.834,162.05,558.799,183.096,6.34733e+06,115.387,120.034,8000
2014-08-10,142.069,307.098,183.757,744.758,207.666,6.34707e+06,130.871,123.391,8000
2014-08-17,161.095,348.218,208.372,955.628,235.484,6.34678e+06,148.402,177.48,8000
2014-08-24,182.664,394.837,236.277,1194.74,267.017,6.34644e+06,168.274,196.421,8000
2014-08-31,207.117,447.685,267.912,1465.87,302.765,6.34606e+06,190.803,202.693,8000
2014-09-07,234.836,507.591,303.775,1773.3,343.29,6.34563e+06,216.342,137.605,8000
2014-09-14,266.256,575.493,344.428,2121.87,389.228,6.34514e+06,245.292,173.811,8000
2014-09-21,301.869,652.452,390.508,2517.09,441.297,6.34459e+06,278.106,259.007,8000
2014-09-28,342.231,739.669,442.736,2965.17,500.312,6.34396e+06,315.297,337.355,8000
2014-07-13,161.346,348.368,219.438,231.422,237.84,6.34749e+06,91.1536,86.5453,8050
2014-07-20,182.346,392.585,240.065,477.916,267.121,6.34716e+06,102.376,116.89,8050
2014-07-27,204.863,439.969,267.912,750.999,300.93,6.34679e+06,115.333,142.558,8050
2014-08-03,229.643,492.896,300.045,1056.47,337.608,6.34637e+06,129.39,175.209,8050
2014-08-10,257.301,552.199,336.168,1398.68,378.331,6.34591e+06,144.998,171.968,8050
2014-08-17,288.262,618.629,376.635,1782.09,423.872,6.34538e+06,162.452,186.05,8050
2014-08-24,322.936,693.025,421.954,2211.64,474.868,6.3448e+06,181.996,86.5092,8050
2014-08-31,361.766,776.332,472.706,2692.86,531.977,6.34415e+06,203.883,228.005,8050
2014-09-07,405.244,869.607,529.539,3231.96,595.926,6.34341e+06,228.392,175.723,8050
2014-09-14,453.923,974.033,593.175,3835.85,667.529,6.34259e+06,255.834,283.676,8050
2014-09-21,508.418,1090.93,664.421,4512.29,747.691,6.34167e+06,286.557,275.087,8050
2014-09-28,569.416,1221.76,744.177,5269.96,837.425,6.34064e+06,320.948,361.469,8050
2014-07-13,76.1182,166.419,102.449,107.636,111.166,6.348e+06,82.9285,102.899,8100
2014-07-20,87.8117,191.295,113.864,223.587,127.366,6.34783e+06,95.0133,87.8434,8100
2014-07-27,100.595,218.53,129.477,354.346,146.372,6.34765e+06,109.192,89.1246,8100
2014-08-03,114.949,249.558,147.809,503.424,167.411,6.34743e+06,124.887,155.606,8100
2014-08-10,131.289,285.003,168.811,673.662,191.239,6.34719e+06,142.662,114.737,8100
2014-08-17,149.94,325.484,192.797,868.088,218.413,6.34691e+06,162.933,118.762,8100
2014-08-24,171.236,371.708,220.185,1090.14,249.437,6.3466e+06,186.077,240.692,8100
2014-08-31,195.552,424.486,251.457,1343.73,284.861,6.34623e+06,212.503,120.606,8100
2014-09-07,223.315,484.743,287.164,1633.33,325.308,6.34582e+06,242.676,187.391,8100
2014-09-14,255.011,553.534,327.931,1964.05,371.487,6.34535e+06,277.126,168.195,8100
2014-09-21,291.196,632.064,374.474,2341.71,424.207,6.34481e+06,316.454,252.054,8100
2014-09-28,332.502,721.702,427.606,2772.97,484.391,6.3442e+06,361.35,401.036,8100
2014-07-13,68.9186,149.994,93.1138,97.9645,100.995,6.34804e+06,73.8327,96.3775,8150
2014-07-20,78.9126,171.176,102.891,203.059,114.872,6.34789e+06,83.978,100.835,8150
2014-07-27,89.7612,194.187,116.202,320.809,131.06,6.34773e+06,95.8122,34.7853,8150
2014-08-03,101.855,220.217,131.733,454.127,148.849,6.34754e+06,108.817,83.6078,8150
2014-08-10,115.525,249.746,149.404,605.309,168.852,6.34733e+06,123.44,120.336,8150
2014-08-17,131.019,283.237,169.445,776.771,191.504,6.34709e+06,140,148.882,8150
2014-08-24,148.588,321.214,192.171,971.231,217.186,6.34682e+06,158.775,235.28,8150
2014-08-31,168.509,364.275,217.94,1191.77,246.307,6.34651e+06,180.064,122.28,8150
2014-09-07,191.098,413.099,247.158,1441.88,279.327,6.34616e+06,204.203,164.105,8150
2014-09-14,216.708,468.453,280.287,1725.51,316.765,6.34576e+06,231.573,168.769,8150
2014-09-21,245.743,531.206,317.849,2047.16,359.211,6.34531e+06,262.603,282.397,8150
2014-09-28,278.658,602.345,360.432,2411.91,407.332,6.3448e+06,297.782,388.428,8150
2014-07-13,173.873,378.716,234.757,246.927,254.645,6.34742e+06,82.7985,86.5408,8200
2014-07-20,199.345,432.735,259.67,512.018,290.004,6.34705e+06,94.2955,96.5354,8200
2014-07-27,227.026,491.489,293.609,809.363,331.285,6.34663e+06,107.718,114.171,8200
2014-08-03,257.918,558.018,333.246,1146.43,376.699,6.34615e+06,122.485,140.052,8200
2014-08-10,292.869,633.564,378.391,1529.1,427.82,6.34562e+06,139.107,101.166,8200
2014-08-17,332.523,719.323,429.643,1963.61,485.765,6.345e+06,157.948,172.138,8200
2014-08-24,377.527,816.654,487.812,2456.97,551.523,6.34431e+06,179.329,198.152,8200
2014-08-31,428.6,927.103,553.828,3017.1,626.15,6.34352e+06,203.594,190.588,8200
2014-09-07,486.553,1052.42,628.745,3653.02,710.837,6.34263e+06,231.13,239.252,8200
2014-09-14,552.305,1194.59,713.751,4374.94,806.925,6.34161e+06,262.374,266.448,8200
2014-09-21,626.893,1355.86,810.193,5194.43,915.936,6.34046e+06,297.819,358.379,8200
2014-09-28,711.493,1538.74,919.594,6124.62,1039.59,6.33916e+06,338.025,296.664,8200
2014-07-13,176.334,381.489,239.425,252.35,259.55,6.3474e+06,89.6219,89.2253,8250
2014-07-20,199.936,431.267,262.586,521.616,292.427,6.34703e+06,100.974,86.003,8250
2014-07-27,225.32,484.789,293.918,820.766,330.483,6.34663e+06,114.115,112.108,8250
2014-08-03,253.345,544.757,330.171,1156.41,371.899,6.34617e+06,128.416,139.759,8250
2014-08-10,284.719,612.152,371.045,1533.56,418.025,6.34565e+06,144.343,102.703,8250
2014-08-17,319.948,687.872,416.973,1957.4,469.766,6.34507e+06,162.209,165.393,8250
2014-08-24,359.518,772.927,468.562,2433.69,527.878,6.34442e+06,182.275,175.584,8250
2014-08-31,403.964,868.453,526.509,2968.89,593.151,6.34368e+06,204.813,90.3192,8250
2014-09-07,453.879,975.728,591.593,3570.27,666.461,6.34286e+06,230.127,185.306,8250
2014-09-14,509.93,1096.18,664.684,4245.97,748.788,6.34193e+06,258.555,267.258,8250
2014-09-21,572.864,1231.41,746.759,5005.12,841.229,6.34089e+06,290.474,364.101,8250
2014-09-28,643.514,1383.21,838.908,5857.98,945.013,6.33973e+06,326.311,266.32,8250
2014-07-13,94.9733,207.915,127.685,134.096,138.566,6.34789e+06,81.8389,89.6167,8300
2014-07-20,109.801,239.491,142.149,278.725,159.093,6.34768e+06,93.9627,126.641,8300
2014-07-27,126.042,274.139,161.961,442.13,183.217,6.34745e+06,108.211,119.415,8300
2014-08-03,144.318,313.691,185.265,628.803,209.977,6.34718e+06,124.015,123.602,8300
2014-08-10,165.163,358.963,212.015,842.4,240.346,6.34687e+06,141.952,125.868,8300
2014-08-17,189.004,410.768,242.625,1086.84,275.047,6.34652e+06,162.447,180.14,8300
2014-08-24,216.279,470.039,277.646,1366.56,314.744,6.34612e+06,185.892,202.222,8300
2014-08-31,247.483,537.845,317.712,1686.65,360.16,6.34566e+06,212.715,153.421,8300
2014-09-07,283.179,615.408,363.548,2052.93,412.115,6.34513e+06,243.401,220.441,8300
2014-09-14,324.011,704.126,415.982,2472.05,471.548,6.34453e+06,278.503,332.293,8300
2014-09-21,370.713,805.594,475.958,2951.6,539.528,6.34385e+06,318.653,354.029,8300
2014-09-28,424.125,921.631,544.556,3500.28,617.279,6.34306e+06,364.573,378.138,8300
2014-07-13,99.6715,217.359,134.437,141.354,145.842,6.34786e+06,80.7303,98.1634,8350
2014-07-20,114.502,248.842,148.932,293.273,166.414,6.34764e+06,92.1181,107.228,8350
2014-07-27,130.649,283.159,168.705,463.971,190.471,6.3474e+06,105.435,132.139,8350
2014-08-03,148.707,322.097,191.839,657.83,216.992,6.34713e+06,120.115,133.958,8350
2014-08-10,169.18,366.403,218.239,878.336,246.906,6.34682e+06,136.674,150.315,8350
2014-08-17,192.455,416.802,248.272,1129.19,280.884,6.34646e+06,155.482,112.041,8350
2014-08-24,218.926,474.123,282.427,1414.55,319.522,6.34606e+06,176.87,186.549,8350
2014-08-31,249.031,539.309,321.272,1739.17,363.465,6.3456e+06,201.195,245.284,8350
2014-09-07,283.265,613.434,365.447,2108.44,413.437,6.34508e+06,228.857,190.524,8350
2014-09-14,322.192,697.717,415.682,2528.46,470.263,6.34449e+06,260.313,185.101,8350
2014-09-21,366.453,793.542,472.802,3006.22,534.877,6.34381e+06,296.079,280.501,8350
2014-09-28,416.772,902.478,537.747,3549.62,608.339,6.34304e+06,336.744,289.93,8350
2014-07-13,82.3021,180.623,110.417,115.873,119.854,6.34796e+06,76.1105,78.8442,8400
2014-07-20,95.5428,208.879,123.318,241.134,138.161,6.34778e+06,87.736,72.8671,8400
2014-07-27,110.102,240.015,141.035,383.162,159.745,6.34758e+06,101.442,74.4343,8400
2014-08-03,126.552,275.699,161.946,546.034,183.783,6.34734e+06,116.707,144.788,8400
2014-08-10,145.388,316.7,186.041,733.111,211.172,6.34707e+06,134.1,166.018,8400
2014-08-17,167.014,363.801,213.72,948.023,242.591,6.34676e+06,154.051,146.584,8400
2014-08-24,191.851,417.898,245.509,1194.91,278.671,6.3464e+06,176.963,104.224,8400
2014-08-31,220.376,480.025,282.019,1478.51,320.11,6.34599e+06,203.278,265.406,8400
2014-09-07,253.135,551.369,323.949,1804.27,367.699,6.34552e+06,233.498,217.015,8400
2014-09-14,290.753,633.291,372.1,2178.47,422.35,6.34498e+06,268.203,326.762,8400
2014-09-21,333.946,727.353,427.393,2608.28,485.104,6.34435e+06,308.053,292.837,8400
2014-09-28,383.539,835.342,490.881,3101.95,557.157,6.34364e+06,353.808,413.243,8400
2014-07-13,107.692,231.65,146.922,155.118,159.189,6.34781e+06,101.885,77.4074,8450
2014-07-20,120.964,259.512,159.982,319.788,177.73,6.34759e+06,113.751,150.382,8450
2014-07-27,135.115,289.182,177.546,501.262,199.038,6.34735e+06,127.389,122.436,8450
2014-08-03,150.597,322.134,197.712,703.115,222.02,6.34708e+06,142.098,176.796,8450
2014-08-10,167.779,358.85,220.258,927.958,247.388,6.34678e+06,158.334,191.251,8450
2014-08-17,186.905,399.75,245.374,1178.44,275.599,6.34644e+06,176.39,117.746,8450
2014-08-24,208.207,445.302,273.346,1457.48,307.012,6.34607e+06,196.495,168.405,8450
2014-08-31,231.93,496.031,304.498,1768.33,341.997,6.34565e+06,218.886,154.941,8450
2014-09-07,258.347,552.52,339.19,2114.59,380.958,6.34519e+06,243.822,206.867,8450
2014-09-14,287.764,615.42,377.823,2500.3,424.344,6.34467e+06,271.59,366.26,8450
2014-09-21,320.519,685.452,420.841,2929.94,472.653,6.34409e+06,302.509,302.113,8450
2014-09-28,356.986,763.42,468.739,3408.48,526.441,6.34345e+06,336.935,273.684,8450
2014-07-13,116.652,259.251,154.829,161.839,168.259,6.34776e+06,68.297,65.7196,8500
2014-07-20,138.277,305.884,175.766,338.865,197.963,6.34749e+06,80.3539,72.9922,8500
2014-07-27,162.529,358.387,204.908,543.282,233.56,6.34718e+06,94.8029,103.32,8500
2014-08-03,190.49,419.762,239.92,782.291,274.02,6.34682e+06,111.226,123.394,8500
2014-08-10,223.146,491.666,281.038,1062.22,321.051,6.34639e+06,130.316,118.006,8500
2014-08-17,261.375,575.882,329.198,1390.13,376.067,6.34589e+06,152.647,176.171,8500
2014-08-24,306.14,674.497,385.594,1774.22,440.485,6.34531e+06,178.795,186.119,8500
2014-08-31,358.557,789.96,451.631,2224.1,515.915,6.34463e+06,209.412,150.716,8500
2014-09-07,419.925,925.134,528.952,2751.01,604.233,6.34382e+06,245.261,233.528,8500
2014-09-14,491.766,1083.36,619.475,3368.11,707.627,6.34289e+06,287.229,278.768,8500
2014-09-21,575.854,1268.55,725.443,4090.8,828.657,6.34179e+06,336.356,328.526,8500
2014-09-28,674.263,1485.25,849.472,4937.08,970.309,6.3405e+06,393.853,334.6,8500
2014-07-13,135.786,295.466,183.487,193.057,199.013,6.34764e+06,84.6766,59.5262,8550
2014-07-20,155.425,337.081,202.704,400.128,226.288,6.34735e+06,96.2814,97.3042,8550
2014-07-27,176.736,382.27,228.857,632.067,258.092,6.34703e+06,109.814,140.079,8550
2014-08-03,200.482,433.365,259.36,894.592,293.027,6.34666e+06,124.678,114.446,8550
2014-08-10,227.309,491.3,294.052,1192.19,332.293,6.34625e+06,141.385,138.026,8550
2014-08-17,257.702,556.976,333.382,1529.6,376.737,6.34577e+06,160.295,159.376,8550
2014-08-24,292.147,631.411,377.956,1912.13,427.101,6.34524e+06,181.724,172.834,8550
2014-08-31,331.184,715.761,428.473,2345.79,484.18,6.34463e+06,206.01,215.943,8550
2014-09-07,375.419,811.34,485.721,2837.41,548.864,6.34394e+06,233.532,234.31,8550
2014-09-14,425.541,919.631,550.592,3394.69,622.158,6.34316e+06,264.717,300.805,8550
2014-09-21,482.326,1042.31,624.093,4026.39,705.2,6.34227e+06,300.05,303.764,8550
2014-09-28,546.651,1181.27,707.363,4742.4,799.276,6.34127e+06,340.078,416.117,8550
2014-07-13,100.808,217.96,136.947,144.366,148.449,6.34785e+06,95.674,111.58,8600
2014-07-20,114.188,246.166,150.08,298.324,167.091,6.34764e+06,107.689,106.555,8600
2014-07-27,128.566,276.466,167.836,469.224,188.656,6.34741e+06,121.587,115.678,8600
2014-08-03,144.426,310.388,188.366,660.799,212.104,6.34715e+06,136.699,145.873,8600
2014-08-10,162.168,348.482,211.495,875.868,238.199,6.34685e+06,153.517,150.357,8600
2014-08-17,182.075,391.252,237.464,1117.35,267.447,6.34652e+06,172.367,170.965,8600
2014-08-24,204.421,439.262,266.613,1388.47,300.273,6.34615e+06,193.523,192.908,8600
2014-08-31,229.502,493.149,299.332,1692.87,337.12,6.34574e+06,217.27,198.46,8600
2014-09-07,257.653,553.628,336.057,2034.62,378.477,6.34527e+06,243.924,190.812,8600
2014-09-14,289.246,621.501,377.275,2418.3,424.894,6.34474e+06,273.839,263.448,8600
2014-09-21,324.701,697.665,423.534,2849.02,476.985,6.34416e+06,307.412,278.343,8600
2014-09-28,364.486,783.126,475.446,3332.55,535.441,6.34349e+06,345.086,396.461,8600
2014-07-13,93.4665,201.421,127.32,134.35,137.974,6.34789e+06,86.2206,115.606,8650
2014-07-20,105.302,226.305,138.956,277.206,154.492,6.3477e+06,96.543,102.039,8650
2014-07-27,117.957,252.888,154.636,435.047,173.521,6.34749e+06,108.434,101.645,8650
2014-08-03,131.844,282.497,172.683,611.105,194.105,6.34725e+06,121.297,111.134,8650
2014-08-10,147.3,315.582,192.916,807.764,216.892,6.34699e+06,135.538,132.568,8650
2014-08-17,164.554,352.542,215.519,1027.47,242.306,6.34669e+06,151.419,141.231,8650
2014-08-24,183.826,393.823,240.765,1272.91,270.686,6.34636e+06,169.154,147.495,8650
2014-08-31,205.349,439.927,268.96,1547.09,302.383,6.34599e+06,188.961,141.683,8650
2014-09-07,229.386,491.414,300.45,1853.39,337.783,6.34558e+06,211.083,256.477,8650
2014-09-14,256.229,548.909,335.617,2195.54,377.316,6.34511e+06,235.787,273.417,8650
2014-09-21,286.203,613.108,374.888,2577.73,421.462,6.3446e+06,263.375,310.876,8650
2014-09-28,319.671,684.787,418.74,3004.63,470.757,6.34402e+06,294.179,301.936,8650
2014-07-13,112.797,243.29,153.541,161.976,166.401,6.34778e+06,101.063,110.032,8700
2014-07-20,127.261,273.722,167.756,334.342,186.58,6.34755e+06,113.318,93.845,8700
2014-07-27,142.747,306.279,186.926,525.021,209.85,6.34729e+06,127.451,116.479,8700
2014-08-03,159.763,342.589,209.018,737.985,235.055,6.347e+06,142.759,138.781,8700
2014-08-10,178.727,383.213,233.816,976.185,262.997,6.34668e+06,159.73,162.129,8700
2014-08-17,199.924,428.654,261.555,1242.64,294.199,6.34632e+06,178.68,154.242,8700
2014-08-24,223.629,479.472,292.575,1540.71,329.087,6.34591e+06,199.869,177.408,8700
2014-08-31,250.138,536.297,327.265,1874.12,368.101,6.34546e+06,223.564,227.488,8700
2014-09-07,279.779,599.836,366.056,2247.06,411.729,6.34496e+06,250.061,238.581,8700
2014-09-14,312.921,670.876,409.431,2664.2,460.51,6.34439e+06,279.688,331.057,8700
2014-09-21,349.975,750.295,457.927,3130.75,515.05,6.34376e+06,312.812,333.242,8700
2014-09-28,391.397,839.073,512.147,3652.55,576.024,6.34305e+06,349.845,347.773,8700
2014-07-13,81.9719,179.513,110.174,115.694,119.566,6.34796e+06,77.1236,72.1958,8750
2014-07-20,94.8228,206.889,122.708,240.514,137.354,6.34779e+06,88.5973,94.4704,8750
2014-07-27,108.907,236.945,139.883,381.607,158.268,6.34758e+06,102.087,106.62,8750
2014-08-03,124.764,271.274,160.094,542.876,181.48,6.34735e+06,117.06,135.189,8750
2014-08-10,142.861,310.59,183.306,727.502,207.838,6.34709e+06,134.061,157.461,8750
2014-08-17,163.57,355.606,209.884,938.898,237.973,6.34678e+06,153.499,209.013,8750
2014-08-24,187.276,407.138,240.307,1180.94,272.465,6.34643e+06,175.748,182.72,8750
2014-08-31,214.412,466.124,275.134,1458.06,311.949,6.34604e+06,201.216,250.864,8750
2014-09-07,245.473,533.638,314.998,1775.34,357.145,6.34558e+06,230.368,245.563,8750
2014-09-14,281.023,610.908,360.628,2138.59,408.875,6.34506e+06,263.736,217.117,8750
2014-09-21,321.709,699.336,412.852,2554.44,468.081,6.34446e+06,301.925,396.408,8750
2014-09-28,368.269,800.524,472.619,3030.51,535.836,6.34378e+06,345.629,341.393,8750
2014-07-13,103.723,225.725,140.146,147.45,152.006,6.34783e+06,86.3685,90.3335,8800
2014-07-20,118.749,257.57,154.848,305.621,172.873,6.34761e+06,98.2247,97.8063,8800
2014-07-27,135.058,292.159,174.859,482.819,197.21,6.34737e+06,112.053,122.76,8800
2014-08-03,153.235,331.277,198.205,683.422,223.949,6.34708e+06,127.246,128.929,8800
2014-08-10,173.777,375.645,224.763,910.875,254.011,6.34676e+06,144.327,150.575,8800
2014-08-17,197.055,425.956,254.879,1168.8,288.046,6.3464e+06,163.665,138.879,8800
2014-08-24,223.445,482.992,289.021,1461.29,326.626,6.34599e+06,185.586,183.794,8800
2014-08-31,253.361,547.648,327.725,1792.95,370.363,6.34553e+06,210.437,264.931,8800
2014-09-07,287.273,620.935,371.601,2169.02,419.942,6.345e+06,238.607,273.985,8800
2014-09-14,325.71,704,421.335,2595.42,476.141,6.3444e+06,270.539,306.15,8800
2014-09-21,369.274,798.137,477.707,3078.89,539.837,6.34373e+06,306.73,362.224,8800
2014-09-28,418.643,904.812,541.594,3627.02,612.025,6.34296e+06,347.747,368.112,8800
2014-07-13,82.6203,178.593,112.261,118.351,121.687,6.34796e+06,93.307,105.012,8850
2014-07-20,93.5496,201.629,122.99,244.539,136.917,6.34779e+06,104.985,102.723,8850
2014-07-27,105.29,226.366,137.492,384.566,154.529,6.3476e+06,118.489,79.0396,8850
2014-08-03,118.237,254.051,154.255,541.476,173.673,6.34738e+06,133.169,115.958,8850
2014-08-10,132.715,285.131,173.134,717.567,194.97,6.34714e+06,149.499,120.325,8850
2014-08-17,148.955,320.015,194.325,915.211,218.834,6.34687e+06,167.797,162.661,8850
2014-08-24,167.178,359.16,218.103,1137.04,245.608,6.34657e+06,188.327,165.91,8850
2014-08-31,187.626,403.085,244.784,1386.01,275.653,6.34623e+06,211.364,227.95,8850
2014-09-07,210.57,452.37,274.724,1665.44,309.365,6.34585e+06,237.214,79.722,8850
2014-09-14,236.313,507.664,308.317,1979.04,347.191,6.34542e+06,266.218,169.161,8850
2014-09-21,265.194,569.698,346.008,2330.98,389.631,6.34494e+06,298.76,193.409,8850
2014-09-28,297.595,639.288,388.294,2725.93,437.242,6.3444e+06,335.267,116.742,8850
2014-07-13,112.129,245.074,150.954,158.613,163.794,6.34778e+06,86.3095,82.5984,8900
2014-07-20,129.289,281.57,167.708,329.431,187.571,6.34754e+06,98.8385,86.5559,8900
2014-07-27,148.037,321.502,190.616,521.978,215.455,6.34727e+06,113.532,116.554,8900
2014-08-03,169.08,366.971,217.501,741.399,246.305,6.34696e+06,129.787,164.928,8900
2014-08-10,193.019,418.883,248.284,991.84,281.225,6.3466e+06,148.188,184.94,8900
2014-08-17,220.328,478.137,283.422,1277.73,321.025,6.34619e+06,169.16,193.917,8900
2014-08-24,251.493,545.757,323.52,1604.07,366.438,6.34573e+06,193.09,167.888,8900
2014-08-31,287.055,622.917,369.279,1976.57,418.262,6.34519e+06,220.398,209.302,8900
2014-09-07,327.634,710.955,421.494,2401.75,477.398,6.34459e+06,251.559,268.193,8900
2014-09-14,373.931,811.394,481.072,2887.05,544.87,6.3439e+06,287.113,304.182,8900
2014-09-21,426.747,925.97,549.045,3440.92,621.848,6.34311e+06,327.675,308.34,8900
2014-09-28,486.994,1056.66,626.588,4073.04,709.661,6.34221e+06,373.947,386.377,8900
2014-07-13,94.3954,205.878,127.308,133.853,138.11,6.34789e+06,81.5867,152.537,8950
2014-07-20,108.462,235.743,141.056,277.727,157.621,6.34769e+06,93.113,62.2564,8950
2014-07-27,123.781,268.303,159.812,439.412,180.442,6.34746e+06,106.594,91.166,8950
2014-08-03,140.916,305.255,181.76,623.069,205.604,6.3472e+06,121.458,130.159,8950
2014-08-10,160.346,347.309,206.812,832.009,233.992,6.3469e+06,138.228,171.773,8950
2014-08-17,182.44,395.156,235.315,1069.75,266.242,6.34657e+06,157.28,167.649,8950
2014-08-24,207.573,449.585,267.738,1340.25,302.924,6.34618e+06,178.949,226.641,8950
2014-08-31,236.161,511.496,304.62,1648.01,344.649,6.34575e+06,203.598,228.769,8950
2014-09-07,268.678,581.911,346.573,1998.17,392.11,6.34525e+06,231.635,294.521,8950
2014-09-14,305.66,661.993,394.289,2396.55,446.091,6.34469e+06,263.523,209.595,8950
2014-09-21,347.718,753.061,448.557,2849.76,507.482,6.34405e+06,299.79,358.02,8950
2014-09-28,395.544,856.611,510.272,3365.34,577.296,6.34332e+06,341.031,269.496,8950
2014-07-13,88.1516,191.73,119.162,125.394,129.24,6.34793e+06,75.8828,68.3084,9000
2014-07-20,100.829,218.584,131.569,259.837,146.85,6.34774e+06,86.2221,94.439,9000
2014-07-27,114.576,247.725,148.447,410.332,167.374,6.34753e+06,98.2725,64.2938,9000
2014-08-03,129.886,280.655,168.122,580.561,189.904,6.34729e+06,111.501,104.141,9000
2014-08-10,147.172,317.973,190.487,773.408,215.212,6.34702e+06,126.36,109.126,9000
2014-08-17,166.744,360.255,215.827,991.909,243.841,6.34672e+06,143.17,162.171,9000
2014-08-24,188.915,408.15,244.53,1239.47,276.266,6.34637e+06,162.208,198.18,9000
2014-08-31,214.029,462.4,277.042,1519.96,312.996,6.34598e+06,183.774,132.678,9000
2014-09-07,242.474,523.844,313.87,1837.73,354.599,6.34553e+06,208.201,164.563,9000
2014-09-14,274.69,593.432,355.581,2197.73,401.719,6.34503e+06,235.867,273.655,9000
2014-09-21,311.175,672.236,402.822,2605.58,455.084,6.34446e+06,267.2,344.251,9000
2014-09-28,352.49,761.469,456.321,3067.6,515.518,6.34381e+06,302.684,330.679,9000
2014-07-13,92.51,202.182,124.549,130.871,135.142,6.3479e+06,86.1297,83.2007,9050
2014-07-20,106.657,232.269,138.362,271.803,154.745,6.3477e+06,98.623,115.512,9050
2014-07-27,122.113,265.187,157.247,430.65,177.732,6.34747e+06,113.273,100.58,9050
2014-08-03,139.458,302.666,179.409,611.651,203.163,6.34722e+06,129.481,148.41,9050
2014-08-10,159.191,345.454,204.784,818.223,231.947,6.34692e+06,147.826,112.72,9050
2014-08-17,181.7,394.292,233.747,1054.01,264.752,6.34659e+06,168.733,176.452,9050
2014-08-24,207.386,450.025,266.797,1323.14,302.183,6.3462e+06,192.589,169.837,9050
2014-08-31,236.697,513.619,304.512,1630.33,344.896,6.34576e+06,219.811,174.897,9050
2014-09-07,270.141,586.179,347.548,1980.93,393.635,6.34527e+06,250.874,242.196,9050
2014-09-14,308.298,668.961,396.651,2381.07,449.245,6.3447e+06,286.316,339.216,9050
2014-09-21,351.831,763.399,452.675,2837.73,512.691,6.34404e+06,326.751,228.91,9050
2014-09-28,401.49,871.121,516.588,3358.89,585.069,6.3433e+06,372.88,283.628,9050
2014-07-13,77.7688,170.133,104.616,109.892,113.524,6.34799e+06,81.625,77.342,9100
2014-07-20,89.8074,195.756,116.364,228.341,130.196,6.34782e+06,93.6127,106.427,9100
2014-07-27,102.98,223.839,132.444,362.034,149.773,6.34763e+06,107.688,109.398,9100
2014-08-03,117.787,255.863,151.339,514.602,171.464,6.34741e+06,123.285,84.4434,9100
2014-08-10,134.658,292.481,173.007,688.99,196.056,6.34716e+06,140.967,136.101,9100
2014-08-17,153.933,334.341,197.777,888.347,224.126,6.34688e+06,161.15,194.479,9100
2014-08-24,175.963,382.185,226.087,1116.24,256.205,6.34655e+06,184.215,135.375,9100
2014-08-31,201.142,436.864,258.442,1376.75,292.868,6.34618e+06,210.576,218.221,9100
2014-09-07,229.916,499.351,295.421,1674.55,334.769,6.34575e+06,240.703,169.31,9100
2014-09-14,262.798,570.755,337.68,2014.94,382.653,6.34526e+06,275.132,234.456,9100
2014-09-21,300.371,652.343,385.971,2404.02,437.371,6.34471e+06,314.475,324.351,9100
2014-09-28,343.302,745.559,441.151,2848.73,499.893,6.34407e+06,359.429,332.752,9100
2014-07-13,90.4055,196.156,122.456,128.955,132.784,6.34791e+06,87.7754,58.9194,9150
2014-07-20,102.996,222.774,134.793,266.913,150.295,6.34772e+06,99.3508,95.0401,9150
2014-07-27,116.599,251.54,151.534,420.813,170.641,6.34751e+06,112.8,105.205,9150
2014-08-03,131.689,283.923,170.984,594.254,192.89,6.34727e+06,127.508,159.277,9150
2014-08-10,148.662,320.485,193.012,790.012,217.786,6.347e+06,143.965,136.706,9150
2014-08-17,167.81,361.756,217.878,1010.99,245.845,6.34669e+06,162.513,166.039,9150
2014-08-24,189.419,408.334,245.94,1260.43,277.506,6.34635e+06,183.442,124.334,9150
2014-08-31,213.805,460.897,277.609,1542,313.237,6.34596e+06,207.062,209.862,9150
2014-09-07,241.324,520.209,313.348,1859.82,353.558,6.34552e+06,233.716,236.985,9150
2014-09-14,272.376,587.134,353.676,2218.55,399.058,6.34502e+06,263.793,235.333,9150
2014-09-21,307.411,662.641,399.182,2623.44,450.398,6.34446e+06,297.73,239.24,9150
2014-09-28,346.939,747.825,450.525,3080.42,508.321,6.34382e+06,336.02,364.436,9150
2014-07-13,95.3585,206.25,129.506,136.508,140.388,6.34788e+06,89.6447,102.706,9200
2014-07-20,108.077,233.069,141.987,282.131,158.105,6.34768e+06,100.958,23.1992,9200
2014-07-27,121.752,261.897,158.869,443.859,178.609,6.34746e+06,114.051,120.92,9200
2014-08-03,136.845,294.19,178.398,625.248,200.918,6.34722e+06,128.296,95.912,9200
2014-08-10,153.739,330.474,200.411,828.992,225.757,6.34694e+06,144.157,96.3451,9200
2014-08-17,172.704,371.234,225.14,1057.88,253.614,6.34662e+06,161.946,148.802,9200
2014-08-24,194.004,417.013,252.913,1315,284.897,6.34627e+06,181.921,263.135,9200
2014-08-31,217.925,468.425,284.104,1603.84,320.029,6.34588e+06,204.355,149.369,9200
2014-09-07,244.789,526.158,319.133,1928.3,359.485,6.34543e+06,229.549,135.826,9200
2014-09-14,274.955,590.985,358.471,2292.75,403.792,6.34493e+06,257.842,250.335,9200
2014-09-21,308.827,663.773,402.643,2702.12,453.544,6.34437e+06,289.611,282.103,9200
2014-09-28,346.856,745.493,452.241,3161.93,509.405,6.34374e+06,325.281,326.768,9200
2014-07-13,125.55,274.069,169.199,177.851,183.57,6.3477e+06,81.5721,95.6359,9250
2014-07-20,144.469,314.264,187.682,369.17,209.801,6.34743e+06,93.2281,99.6403,9250
2014-07-27,165.099,358.15,212.92,584.445,240.514,6.34713e+06,106.876,103.347,9250
2014-08-03,188.207,408.022,242.488,829.302,274.424,6.34678e+06,121.944,141.565,9250
2014-08-10,214.444,464.852,276.28,1108.24,312.733,6.34639e+06,138.967,143.221,9250
2014-08-17,244.316,529.593,314.777,1426.06,356.31,6.34594e+06,158.331,189.748,9250
2014-08-24,278.34,603.332,358.625,1788.14,405.937,6.34542e+06,180.384,224.256,9250
2014-08-31,317.09,687.309,408.565,2200.66,462.459,6.34484e+06,205.5,249.735,9250
2014-09-07,361.218,782.937,465.44,2670.62,526.829,6.34417e+06,234.104,227.894,9250
2014-09-14,411.466,891.821,530.208,3205.98,600.131,6.34341e+06,266.677,300.719,9250
2014-09-21,468.677,1015.78,603.957,3815.83,683.594,6.34255e+06,303.765,328.151,9250
2014-09-28,533.807,1156.9,687.923,4510.48,778.617,6.34156e+06,345.989,441.714,9250
2014-07-13,88.4389,194.235,118.576,124.407,128.719,6.34792e+06,79.1404,91.6937,9300
2014-07-20,102.793,224.885,132.556,258.984,148.558,6.34773e+06,91.3377,70.7383,9300
2014-07-27,118.594,258.701,151.77,411.739,171.969,6.34751e+06,105.731,105.018,9300
2014-08-03,136.468,297.501,174.472,587.11,198.073,6.34725e+06,121.781,121.336,9300
2014-08-10,156.958,342.133,200.658,788.775,227.851,6.34696e+06,140.09,137.67,9300
2014-08-17,180.51,393.463,230.774,1020.71,262.049,6.34662e+06,161.116,200.005,9300
2014-08-24,207.59,452.482,265.402,1287.45,301.365,6.34624e+06,185.288,197.905,9300
2014-08-31,238.725,520.338,305.215,1594.2,346.571,6.34579e+06,213.082,156.355,9300
2014-09-07,274.521,598.348,350.991,1946.97,398.544,6.34528e+06,245.037,261.153,9300
2014-09-14,315.672,688.023,403.617,2352.64,458.295,6.34469e+06,281.774,255.886,9300
2014-09-21,362.974,791.1,464.115,2819.12,526.982,6.34401e+06,324.004,215.933,9300
2014-09-28,417.343,909.566,533.656,3355.52,605.933,6.34323e+06,372.546,373.067,9300
2014-07-13,115.955,251.188,157.275,165.701,170.514,6.34776e+06,92.3377,101.438,9350
2014-07-20,131.756,284.549,172.769,342.714,192.508,6.34752e+06,104.248,107.236,9350
2014-07-27,148.785,320.502,193.76,539.733,218.01,6.34725e+06,118.058,74.2379,9350
2014-08-03,167.625,360.871,218.092,761.226,245.825,6.34694e+06,133.121,130.621,9350
2014-08-10,188.764,406.336,245.583,1010.6,276.87,6.3466e+06,149.932,104.035,9350
2014-08-17,212.55,457.528,276.538,1291.42,311.768,6.34621e+06,168.831,173.222,9350
2014-08-24,239.326,515.155,311.383,1607.62,351.048,6.34578e+06,190.102,221.489,9350
2014-08-31,269.466,580.021,350.608,1963.66,395.265,6.34529e+06,214.046,268.276,9350
2014-09-07,303.391,653.029,394.76,2364.54,445.035,6.34473e+06,240.998,151.198,9350
2014-09-14,341.572,735.193,444.455,2815.9,501.053,6.34411e+06,271.333,269.769,9350
2014-09-21,384.541,827.653,500.385,3324.07,564.098,6.34341e+06,305.474,318.899,9350
2014-09-28,432.893,931.69,563.327,3896.17,635.043,6.34263e+06,343.892,293.994,9350
2014-07-13,83.1045,182.796,111.281,116.698,120.817,6.34796e+06,76.1995,107.479,9400
2014-07-20,96.8349,212.151,124.644,243.114,139.779,6.34777e+06,88.1587,104.16,9400
2014-07-27,111.986,244.624,143.039,386.918,162.199,6.34756e+06,102.299,97.0711,9400
2014-08-03,129.166,281.971,164.819,552.398,187.261,6.34732e+06,118.106,108.94,9400
2014-08-10,148.908,325.034,190.002,743.134,215.918,6.34704e+06,136.18,158.208,9400
2014-08-17,171.653,374.675,219.03,963.013,248.907,6.34672e+06,156.986,249.119,9400
2014-08-24,197.867,431.887,252.486,1216.48,286.923,6.34635e+06,180.963,140.443,9400
2014-08-31,228.079,497.821,291.043,1508.66,330.736,6.34592e+06,208.596,181.943,9400
2014-09-07,262.894,573.8,335.479,1845.45,381.228,6.34543e+06,240.441,247.992,9400
2014-09-14,303.012,661.347,386.685,2233.66,439.413,6.34487e+06,277.139,222.277,9400
2014-09-21,349.238,762.215,445.69,2681.11,506.457,6.34421e+06,319.424,423.318,9400
2014-09-28,402.494,878.42,513.676,3196.83,583.703,6.34346e+06,368.143,414.086,9400
2014-07-13,78.9678,172.83,106.19,111.531,115.237,6.34798e+06,73.9362,60.6921,9450
2014-07-20,91.2569,198.996,118.18,231.794,132.252,6.34781e+06,84.8535,62.9591,9450
2014-07-27,104.713,227.694,134.598,367.618,152.243,6.34762e+06,97.6794,92.1216,9450
2014-08-03,119.848,260.443,153.903,522.721,174.408,6.34739e+06,111.901,144.162,9450
2014-08-10,137.105,297.913,176.055,700.124,199.554,6.34714e+06,128.035,120.325,9450
2014-08-17,156.835,340.776,201.395,903.061,228.277,6.34685e+06,146.463,176.407,9450
2014-08-24,179.399,389.799,230.375,1135.2,261.122,6.34652e+06,167.537,268.126,9450
2014-08-31,205.204,445.862,263.518,1400.75,298.687,6.34613e+06,191.638,195.834,9450
2014-09-07,234.714,509.972,301.422,1704.49,341.646,6.3457e+06,219.201,157.245,9450
2014-09-14,268.46,583.279,344.767,2051.92,390.771,6.3452e+06,250.72,274.705,9450
2014-09-21,307.045,667.097,394.332,2449.3,446.945,6.34463e+06,286.761,335.723,9450
2014-09-28,351.16,762.923,451.004,2903.8,511.172,6.34398e+06,327.97,205.685,9450
2014-07-13,85.0691,186.374,114.296,120.008,124.045,6.34794e+06,75.6579,68.7453,9500
2014-07-20,98.4735,214.938,127.368,249.531,142.595,6.34776e+06,86.9721,90.6865,9500
2014-07-27,113.173,246.321,145.286,396.029,164.417,6.34755e+06,100.281,88.406,9500
2014-08-03,129.736,282.19,166.385,563.583,188.652,6.34731e+06,115.063,112.088,9500
2014-08-10,148.649,323.296,190.632,755.526,216.19,6.34703e+06,131.86,108.863,9500
2014-08-17,170.306,370.389,218.411,975.442,247.695,6.34672e+06,151.075,141.738,9500
2014-08-24,195.113,424.334,250.231,1227.4,283.778,6.34635e+06,173.083,142.124,9500
2014-08-31,223.527,486.121,286.678,1516.06,325.109,6.34594e+06,198.291,282.978,9500
2014-09-07,256.071,556.886,328.425,1846.76,372.448,6.34546e+06,227.165,255.781,9500
2014-09-14,293.342,637.927,376.239,2225.61,426.666,6.34492e+06,260.233,182.661,9500
2014-09-21,336.024,730.727,430.997,2659.61,488.758,6.34429e+06,298.105,343.559,9500
2014-09-28,384.898,836.985,493.703,3156.77,559.86,6.34358e+06,341.471,288.387,9500
2014-07-13,137.147,299.323,184.86,194.325,200.558,6.34763e+06,83.5971,81.4896,9550
2014-07-20,157.759,343.107,204.999,403.326,229.14,6.34734e+06,95.5108,81.9186,9550
2014-07-27,180.229,390.896,232.494,638.427,262.596,6.34701e+06,109.456,125.197,9550
2014-08-03,205.388,445.183,264.694,905.749,299.523,6.34663e+06,124.848,131.12,9550
2014-08-10,233.944,507.023,301.483,1210.18,341.225,6.3462e+06,142.23,131.287,9550
2014-08-17,266.445,577.447,343.381,1556.93,388.644,6.34571e+06,161.996,138.985,9550
2014-08-24,303.449,657.629,391.084,1951.86,442.629,6.34515e+06,184.498,156.305,9550
2014-08-31,345.579,748.911,445.396,2401.64,504.092,6.34451e+06,210.117,232.966,9550
2014-09-07,393.538,852.819,507.228,2913.87,574.064,6.34378e+06,239.283,261.783,9550
2014-09-14,448.129,971.085,577.614,3497.2,653.714,6.34296e+06,272.483,304.61,9550
2014-09-21,510.26,1105.68,657.731,4161.45,744.372,6.34201e+06,310.271,284.637,9550
2014-09-28,580.963,1258.83,748.911,4917.82,847.545,6.34094e+06,353.276,296.65,9550
2014-07-13,144.335,309.069,197.645,208.948,214.061,6.34759e+06,105.491,136.939,9600
2014-07-20,160.933,343.785,214.014,429.88,237.301,6.3473e+06,116.943,119.513,9600
2014-07-27,178.508,380.471,235.926,671.827,263.86,6.34698e+06,130.031,127.764,9600
2014-08-03,197.598,420.925,260.929,939.121,292.297,6.34663e+06,144.046,142.073,9600
2014-08-10,218.634,465.688,288.694,1234.82,323.464,6.34624e+06,159.405,156.703,9600
2014-08-17,241.889,515.207,319.411,1561.98,357.881,6.34581e+06,176.366,114.219,9600
2014-08-24,267.607,569.975,353.383,1923.95,395.939,6.34534e+06,195.121,185.77,9600
2014-08-31,296.051,630.542,390.955,2324.41,438.03,6.34481e+06,215.863,209.879,9600
2014-09-07,327.504,697.517,432.506,2767.44,484.577,6.34423e+06,238.802,224.552,9600
2014-09-14,362.284,771.57,478.453,3257.54,536.05,6.34358e+06,264.168,239.235,9600
2014-09-21,400.739,853.443,529.259,3799.69,592.962,6.34287e+06,292.215,254.533,9600
2014-09-28,443.252,943.95,585.432,4399.41,655.885,6.34208e+06,323.224,259.959,9600
2014-07-13,99.2213,217.765,133.111,139.686,144.488,6.34786e+06,74.8437,101.044,9650
2014-07-20,115.193,251.85,148.672,290.695,166.571,6.34764e+06,86.2824,85.2216,9650
2014-07-27,132.756,289.411,170.043,461.93,192.606,6.3474e+06,99.7687,122.931,9650
2014-08-03,152.601,332.459,195.269,658.309,221.605,6.34711e+06,114.79,122.272,9650
2014-08-10,175.324,381.925,224.336,883.888,254.647,6.34678e+06,131.905,226.564,9650
2014-08-17,201.415,438.751,257.729,1143.05,292.551,6.34641e+06,151.539,193.885,9650
2014-08-24,231.381,504.018,296.081,1440.78,336.081,6.34598e+06,174.088,189.889,9650
2014-08-31,265.796,578.973,340.129,1782.8,386.076,6.34548e+06,199.985,179.258,9650
2014-09-07,305.319,665.048,390.717,2175.71,443.492,6.34491e+06,229.726,140.925,9650
2014-09-14,350.703,763.883,448.811,2627.04,509.426,6.34426e+06,263.879,171.869,9650
2014-09-21,402.813,877.359,515.519,3145.47,585.135,6.34351e+06,303.096,428.211,9650
2014-09-28,462.639,1007.63,592.111,3740.93,672.06,6.34265e+06,348.122,218.695,9650
2014-07-13,76.4701,166.228,103.421,108.848,112.162,6.348e+06,70.3719,89.7023,9700
2014-07-20,87.3856,189.34,114.106,225.491,127.328,6.34783e+06,79.8878,35.7916,9700
2014-07-27,99.2125,214.396,128.635,355.955,144.992,6.34765e+06,90.9705,75.5263,9700
2014-08-03,112.372,242.686,145.557,503.398,164.366,6.34745e+06,103.126,85.8941,9700
2014-08-10,127.217,274.718,164.778,670.288,186.11,6.34721e+06,116.768,182.619,9700
2014-08-17,144.011,310.98,186.536,859.215,210.686,6.34695e+06,132.187,117.992,9700
2014-08-24,163.02,352.023,211.162,1073.09,238.497,6.34665e+06,149.637,169.83,9700
2014-08-31,184.533,398.473,239.033,1315.19,269.974,6.34631e+06,169.386,230.672,9700
2014-09-07,208.88,451.04,270.576,1589.24,305.598,6.34593e+06,191.737,173.426,9700
2014-09-14,236.433,510.526,306.274,1899.46,345.913,6.3455e+06,217.031,250.97,9700
2014-09-21,267.611,577.836,346.671,2250.6,391.535,6.34501e+06,245.655,167.927,9700
2014-09-28,302.89,653.996,392.384,2648.04,443.158,6.34445e+06,278.044,370.928,9700
2014-07-13,113.874,247.664,153.939,161.992,166.958,6.34777e+06,91.1786,84.2185,9750
2014-07-20,130.239,282.329,169.957,335.667,189.692,6.34753e+06,103.594,82.6932,9750
2014-07-27,147.985,319.942,191.745,530.064,216.185,6.34726e+06,118.062,106.528,9750
2014-08-03,167.744,362.439,217.141,749.934,245.266,6.34695e+06,133.944,126.216,9750
2014-08-10,190.051,410.593,246.005,998.997,277.927,6.3466e+06,151.781,120.148,9750
2014-08-17,215.305,465.144,278.704,1281.17,314.869,6.34621e+06,171.955,145.934,9750
2014-08-24,243.908,526.927,315.738,1600.84,356.704,6.34576e+06,194.802,166.352,9750
2014-08-31,276.301,596.895,357.681,1962.98,404.085,6.34526e+06,220.677,251.649,9750
2014-09-07,312.985,676.127,405.182,2373.22,457.743,6.34468e+06,249.981,330.831,9750
2014-09-14,354.523,765.839,458.972,2837.93,518.504,6.34403e+06,283.164,230.919,9750
2014-09-21,401.555,867.41,519.881,3364.33,587.304,6.3433e+06,320.736,316.2,9750
2014-09-28,454.8,982.392,588.842,3960.57,665.198,6.34246e+06,363.276,210.352,9750
2014-07-13,113.607,244.731,154.803,163.368,167.75,6.34777e+06,97.1843,97.203,9800
2014-07-20,127.914,274.802,168.872,337.021,187.722,6.34754e+06,108.755,123.041,9800
2014-07-27,143.203,306.905,187.821,528.79,210.718,6.34728e+06,122.077,119.996,9800
2014-08-03,159.969,342.639,209.621,742.567,235.577,6.347e+06,136.479,166.447,9800
2014-08-10,178.617,382.542,234.046,981.223,263.081,6.34667e+06,152.413,163.052,9800
2014-08-17,199.423,427.093,261.316,1247.69,293.735,6.34631e+06,170.172,177.549,9800
2014-08-24,222.646,476.82,291.754,1545.19,327.945,6.34591e+06,189.991,277.688,9800
2014-08-31,248.566,532.321,325.728,1877.35,366.129,6.34547e+06,212.113,259.677,9800
2014-09-07,277.494,594.261,363.646,2248.18,408.746,6.34497e+06,236.803,311.633,9800
2014-09-14,309.778,663.382,405.965,2662.17,456.308,6.34441e+06,264.358,279.866,9800
2014-09-21,345.803,740.509,453.192,3124.33,509.385,6.34379e+06,295.107,193.083,9800
2014-09-28,386,826.564,505.891,3640.24,568.61,6.34309e+06,329.418,419.747,9800
2014-07-13,116.215,253.06,156.945,165.095,170.237,6.34776e+06,88.6394,100.331,9850
2014-07-20,133.18,289.032,173.54,342.29,193.79,6.34751e+06,100.903,121.958,9850
2014-07-27,151.61,328.143,196.142,540.968,221.28,6.34723e+06,115.217,94.9377,9850
2014-08-03,172.172,372.415,222.531,766.092,251.512,6.34692e+06,130.958,167.589,9850
2014-08-10,195.428,422.674,252.577,1021.58,285.532,6.34656e+06,148.672,130.47,9850
2014-08-17,221.806,479.713,286.678,1311.56,324.083,6.34615e+06,168.744,125.755,9850
2014-08-24,251.735,544.434,325.371,1640.69,367.82,6.34569e+06,191.517,241.146,9850
2014-08-31,285.694,617.863,369.274,2014.23,417.445,6.34516e+06,217.357,190.296,9850
2014-09-07,324.221,701.167,419.086,2438.17,473.749,6.34457e+06,246.673,260.434,9850
2014-09-14,367.927,795.663,475.596,2919.28,537.623,6.34389e+06,279.931,244.911,9850
2014-09-21,417.503,902.844,539.702,3465.25,610.08,6.34312e+06,317.658,318.216,9850
2014-09-28,473.731,1024.4,612.417,4084.8,692.264,6.34225e+06,360.45,281.898,9850
2014-07-13,104.521,228.336,140.77,147.934,152.737,6.34783e+06,77.2403,85.0187,9900
2014-07-20,120.421,262.139,156.297,307.179,174.773,6.3476e+06,88.3844,86.5822,9900
2014-07-27,137.781,299.095,177.518,486.559,200.601,6.34735e+06,101.446,86.5623,9900
2014-08-03,157.249,341.144,202.405,690.825,229.153,6.34706e+06,115.885,142.008,9900
2014-08-10,179.381,389.116,230.882,923.797,261.448,6.34673e+06,132.217,141.218,9900
2014-08-17,204.61,443.835,263.363,1189.55,298.23,6.34635e+06,150.818,124.657,9900
2014-08-24,233.381,506.234,300.403,1492.68,340.17,6.34592e+06,172.027,182.326,9900
2014-08-31,266.188,577.386,342.641,1838.43,387.995,6.34543e+06,196.213,230.474,9900
2014-09-07,303.596,658.512,390.805,2232.8,442.529,6.34486e+06,223.791,207.35,9900
2014-09-14,346.246,751.001,445.722,2682.59,504.708,6.34422e+06,255.236,262.898,9900
2014-09-21,394.869,856.436,508.333,3195.57,575.597,6.34349e+06,291.085,325.308,9900
2014-09-28,450.294,976.614,579.711,3780.61,656.409,6.34266e+06,331.952,365.686,9900
2014-07-13,109.707,234.695,150.343,158.985,162.817,6.3478e+06,90.4124,96.8527,9950
2014-07-20,122.134,260.669,162.604,326.949,180.225,6.34758e+06,100.079,86.5912,9950
2014-07-27,135.275,288.074,179.003,510.648,200.097,6.34734e+06,111.114,154.101,9950
2014-08-03,149.528,318.252,197.691,713.303,221.344,6.34707e+06,122.912,62.5704,9950
2014-08-10,165.212,351.599,218.416,937.176,244.598,6.34678e+06,135.825,135.516,9950
2014-08-17,182.527,388.44,241.314,1184.52,270.24,6.34645e+06,150.064,143.74,9950
2014-08-24,201.651,429.132,266.604,1457.79,298.559,6.34609e+06,165.789,170.707,9950
2014-08-31,222.773,474.075,294.536,1759.69,329.836,6.3457e+06,183.158,146.737,9950
2014-09-07,246.101,523.708,325.386,2093.22,364.38,6.34526e+06,202.34,190.479,9950
2014-09-14,271.863,578.518,359.457,2461.68,402.529,6.34478e+06,223.524,195.774,9950
2014-09-21,300.31,639.039,397.083,2868.71,444.658,6.34424e+06,246.918,262.084,9950
2014-09-28,331.722,705.864,438.63,3318.34,491.177,6.34366e+06,272.751,267.014,9950
2014-07-13,117.403,253.103,159.875,168.682,173.258,6.34775e+06,85.1115,76.0318,10000
2014-07-20,132.354,284.546,174.571,348.107,194.12,6.34751e+06,95.3598,76.8103,10000
2014-07-27,148.349,318.156,194.381,546.461,218.164,6.34724e+06,107.171,50.0874,10000
2014-08-03,165.91,355.613,217.194,767.836,244.188,6.34694e+06,119.955,102.565,10000
2014-08-10,185.467,397.489,242.784,1015.26,273.014,6.34661e+06,134.115,128.397,10000
2014-08-17,207.311,444.295,271.387,1291.84,305.179,6.34624e+06,149.916,218.196,10000
2014-08-24,231.721,496.601,303.35,1600.99,341.118,6.34582e+06,167.571,123.462,10000
2014-08-31,258.997,555.046,339.066,1946.55,381.277,6.34535e+06,187.299,234.779,10000
2014-09-07,289.474,620.346,378.976,2332.79,426.151,6.34483e+06,209.342,245.829,10000
2014-09-14,323.525,693.3,423.568,2764.49,476.288,6.34425e+06,233.972,242.318,10000
2014-09-21,361.565,774.798,473.389,3246.97,532.302,6.34359e+06,261.488,235.102,10000
2014-09-28,404.059,865.831,529.046,3786.19,594.876,6.34286e+06,292.227,332.537,10000
2014-07-13,76.0429,164.488,103.265,108.845,111.943,6.348e+06,76.9912,109.207,10050
2014-07-20,86.1991,185.907,113.231,224.969,126.09,6.34784e+06,86.7213,126.381,10050
2014-07-27,97.1209,208.934,126.713,353.952,142.465,6.34766e+06,97.9834,96.4927,10050
2014-08-03,109.178,234.734,142.311,498.638,160.284,6.34747e+06,110.239,114.675,10050
2014-08-10,122.676,263.728,159.897,661.182,180.129,6.34724e+06,123.887,85.1402,10050
2014-08-17,137.832,296.305,179.656,843.811,202.389,6.34699e+06,139.197,148.942,10050
2014-08-24,154.857,332.902,201.851,1049.01,227.391,6.34671e+06,156.393,200.049,10050
2014-08-31,173.982,374.011,226.784,1279.55,255.476,6.3464e+06,175.709,130.365,10050
2014-09-07,195.465,420.185,254.791,1538.57,287.024,6.34604e+06,197.407,193.036,10050
2014-09-14,219.594,472.047,286.249,1829.57,322.46,6.34564e+06,221.779,278.912,10050
2014-09-21,246.694,530.292,321.583,2156.49,362.26,6.34519e+06,249.152,307.77,10050
2014-09-28,277.129,595.703,361.268,2523.77,406.96,6.34469e+06,279.896,245.94,10050
2014-07-13,92.6432,201.607,125.178,131.703,135.771,6.3479e+06,78.8346,67.0789,10100
2014-07-20,106.06,230.04,138.305,272.979,154.403,6.3477e+06,89.6528,107.113,10100
2014-07-27,120.621,260.922,156.173,431.243,176.132,6.34748e+06,102.27,46.4193,10100
2014-08-03,136.85,295.848,177.016,610.405,200.006,6.34723e+06,116.132,135.843,10100
2014-08-10,155.19,335.46,200.729,813.538,226.846,6.34695e+06,131.716,179.28,10100
2014-08-17,175.972,380.377,227.616,1043.88,257.233,6.34662e+06,149.36,152.495,10100
2014-08-24,199.533,431.298,258.098,1305.08,291.677,6.34626e+06,169.36,170.536,10100
2014-08-31,226.242,489.023,292.653,1601.25,330.725,6.34584e+06,192.033,236.633,10100
2014-09-07,256.519,554.454,331.825,1937.06,374.989,6.34537e+06,217.735,192.49,10100
2014-09-14,290.836,628.616,376.228,2317.83,425.163,6.34484e+06,246.868,129.781,10100
2014-09-21,329.732,712.667,426.558,2749.53,482.033,6.34423e+06,279.889,286.181,10100
2014-09-28,373.812,807.915,483.599,3238.97,546.486,6.34355e+06,317.313,306.236,10100
2014-07-13,106.744,231.059,144.873,152.669,157.057,6.34781e+06,87.3063,95.1846,10150
2014-07-20,121.139,261.433,158.994,315.65,177.102,6.34759e+06,98.4489,96.6774,10150
2014-07-27,136.634,294.124,178.109,496.857,200.322,6.34734e+06,111.357,105.034,10150
2014-08-03,153.758,330.789,200.244,700.338,225.617,6.34706e+06,125.418,79.1065,10150
2014-08-10,172.948,372.035,225.225,929.173,253.816,6.34675e+06,141.093,152.883,10150
2014-08-17,194.517,418.423,253.321,1186.56,285.479,6.3464e+06,158.694,165.34,10150
2014-08-24,218.77,470.585,284.912,1476.04,321.077,6.346e+06,178.483,123.378,10150
2014-08-31,246.039,529.232,320.434,1801.62,361.103,6.34555e+06,200.733,229.6,10150
2014-09-07,276.697,595.167,360.373,2167.79,406.107,6.34505e+06,225.75,199.283,10150
2014-09-14,311.165,669.29,405.276,2579.59,456.704,6.34448e+06,253.876,224.607,10150
2014-09-21,349.911,752.609,455.756,3042.69,513.583,6.34385e+06,285.495,301.109,10150
2014-09-28,393.463,846.258,512.502,3563.47,577.521,6.34313e+06,321.037,466.103,10150
2014-07-13,103.171,221.724,140.858,148.756,152.607,6.34784e+06,102.665,83.7301,10200
2014-07-20,115.715,248.038,153.207,306.545,170.138,6.34763e+06,114.459,107.31,10200
2014-07-27,129.071,276.019,169.801,480.217,190.265,6.34739e+06,127.999,128.171,10200
2014-08-03,143.664,307.05,188.828,673.13,211.941,6.34714e+06,142.581,158.588,10200
2014-08-10,159.835,341.579,210.073,887.72,235.834,6.34685e+06,158.655,159.433,10200
2014-08-17,177.813,379.991,233.707,1126.45,262.368,6.34653e+06,176.505,98.1748,10200
2014-08-24,197.808,422.714,259.993,1392.04,291.874,6.34618e+06,196.355,197.86,10200
2014-08-31,220.045,470.227,289.228,1687.5,324.69,6.34578e+06,218.432,208.587,10200
2014-09-07,244.775,523.065,321.741,2016.17,361.186,6.34534e+06,242.985,292.811,10200
2014-09-14,272.276,581.819,357.898,2381.78,401.772,6.34486e+06,270.289,288.323,10200
2014-09-21,302.855,647.149,398.106,2788.48,446.904,6.34431e+06,300.65,255.727,10200
2014-09-28,336.856,719.783,442.814,3240.86,497.086,6.34371e+06,334.41,423.449,10200
2014-07-13,78.4289,172.052,105.258,110.473,114.25,6.34798e+06,70.256,53.7689,10250
2014-07-20,90.9842,198.836,117.493,229.85,131.613,6.34781e+06,80.9332,69.8464,10250
2014-07-27,104.781,228.329,134.289,365.127,152.072,6.34762e+06,93.5145,69.1627,10250
2014-08-03,120.359,262.108,154.102,520.158,174.844,6.34739e+06,107.517,99.232,10250
2014-08-10,138.185,300.897,176.917,698.116,200.773,6.34714e+06,123.462,83.4568,10250
2014-08-17,158.638,345.428,203.109,902.421,230.497,6.34684e+06,141.741,142.756,10250
2014-08-24,182.115,396.542,233.171,1136.97,264.611,6.3465e+06,162.718,168.056,10250
2014-08-31,209.06,455.206,267.677,1406.23,303.766,6.34611e+06,186.796,173.145,10250
2014-09-07,239.985,522.532,307.28,1715.33,348.706,6.34566e+06,214.431,188.909,10250
2014-09-14,275.475,599.793,352.731,2070.16,400.281,6.34515e+06,246.146,187.11,10250
2014-09-21,316.201,688.448,404.891,2477.47,459.467,6.34456e+06,282.542,292.492,10250
2014-09-28,362.931,790.169,464.746,2945,527.382,6.34389e+06,324.305,391.595,10250
2014-07-13,88.7232,196.709,118.004,123.441,128.21,6.34792e+06,71.8162,69.8455,10300
2014-07-20,104.752,231.203,133.541,258.158,150.254,6.34772e+06,84.1637,83.4888,10300
2014-07-27,122.659,269.882,155.111,413.176,176.588,6.34749e+06,98.9149,107.317,10300
2014-08-03,143.227,314.928,180.938,593.754,206.405,6.34722e+06,115.617,101.736,10300
2014-08-10,167.158,367.508,211.161,804.465,240.934,6.3469e+06,134.958,144.591,10300
2014-08-17,195.071,428.867,246.429,1050.37,281.175,6.34653e+06,157.498,171.404,10300
2014-08-24,227.637,500.457,287.578,1337.35,328.122,6.3461e+06,183.795,160.415,10300
2014-08-31,265.632,583.976,335.587,1672.23,382.895,6.34559e+06,214.476,230.609,10300
2014-09-07,309.957,681.404,391.597,2063.02,446.796,6.345e+06,250.27,266.188,10300
2014-09-14,361.661,795.045,456.935,2519.02,521.338,6.34432e+06,292.024,327.933,10300
2014-09-21,421.966,927.585,533.15,3051.09,608.286,6.34352e+06,340.727,367.778,10300
2014-09-28,492.297,1082.14,622.043,3671.89,709.693,6.34258e+06,397.53,439.697,10300
2014-07-13,80.4091,175.625,108.315,113.834,117.52,6.34797e+06,87.0264,84.3811,10350
2014-07-20,92.6095,201.558,120.23,236.35,134.431,6.3478e+06,99.5491,97.1036,10350
2014-07-27,105.926,229.902,136.511,374.314,154.246,6.3476e+06,114.223,119.332,10350
2014-08-03,120.856,262.143,155.601,531.37,176.145,6.34738e+06,130.439,104.482,10350
2014-08-10,137.823,298.916,177.438,710.441,200.908,6.34713e+06,148.777,115.652,10350
2014-08-17,157.161,340.849,202.339,914.643,229.103,6.34684e+06,169.656,184.595,10350
2014-08-24,179.207,388.657,230.728,1147.5,261.245,6.3465e+06,193.458,138.259,10350
2014-08-31,204.341,443.16,263.093,1413.02,297.888,6.34613e+06,220.593,192.438,10350
2014-09-07,232.993,505.289,299.99,1715.79,339.662,6.3457e+06,251.527,314.296,10350
2014-09-14,265.654,576.109,342.052,2061.01,387.282,6.34521e+06,286.791,279.771,10350
2014-09-21,302.882,656.828,389.998,2454.62,441.563,6.34465e+06,326.987,325.942,10350
2014-09-28,345.312,748.821,444.647,2903.41,503.432,6.34401e+06,372.803,278.973,10350
2014-07-13,97.4393,212.469,131.438,138.205,142.587,6.34787e+06,88.4985,83.4183,10400
2014-07-20,111.918,243.204,145.59,286.725,162.673,6.34766e+06,100.965,93.1864,10400
2014-07-27,127.681,276.7,164.894,453.58,186.159,6.34743e+06,115.542,147.073,10400
2014-08-03,145.306,314.701,187.476,643.044,212.045,6.34716e+06,131.609,115.036,10400
2014-08-10,165.284,357.932,213.242,858.517,241.24,6.34686e+06,149.729,153.136,10400
2014-08-17,187.994,407.103,242.548,1103.6,274.394,6.34651e+06,170.307,127.091,10400
2014-08-24,213.818,463.017,275.873,1382.37,312.091,6.34611e+06,193.703,225.218,10400
2014-08-31,243.182,526.595,313.767,1699.43,354.956,6.34567e+06,220.308,227.06,10400
2014-09-07,276.57,598.88,356.855,2060.04,403.696,6.34516e+06,250.56,239.803,10400
2014-09-14,314.529,681.06,405.846,2470.16,459.112,6.34458e+06,284.955,367.921,10400
2014-09-21,357.682,774.479,461.545,2936.58,522.114,6.34392e+06,324.057,394.054,10400
2014-09-28,406.736,880.665,524.863,3466.99,593.733,6.34317e+06,368.509,300.359,10400
2014-07-13,82.8204,180.171,111.937,117.784,121.406,6.34796e+06,78.936,69.0249,10450
2014-07-20,94.7623,205.472,123.623,244.09,137.992,6.34778e+06,89.7202,102.864,10450
2014-07-27,107.717,232.938,139.524,385.517,157.329,6.34758e+06,102.292,77.7223,10450
2014-08-03,122.148,263.984,158.066,545.539,178.563,6.34736e+06,116.098,71.2137,10450
2014-08-10,138.447,299.179,179.148,726.879,202.423,6.34711e+06,131.612,129.741,10450
2014-08-17,156.909,339.068,203.043,932.406,229.422,6.34682e+06,149.166,132.708,10450
2014-08-24,177.828,384.268,230.118,1165.34,260.012,6.34649e+06,169.055,122.054,10450
2014-08-31,201.532,435.483,260.797,1429.34,294.674,6.34612e+06,191.592,114.04,10450
2014-09-07,228.389,493.508,295.559,1728.53,333.948,6.3457e+06,217.127,224.908,10450
2014-09-14,258.816,559.245,334.944,2067.59,378.445,6.34523e+06,246.058,296.637,10450
2014-09-21,293.287,633.715,379.565,2451.82,428.857,6.34469e+06,278.835,346.032,10450
2014-09-28,332.335,718.069,430.114,2887.24,485.965,6.34408e+06,315.965,364.919,10450
2014-07-13,125.795,271.575,171.106,180.457,185.452,6.3477e+06,91.1914,89.8185,10500
2014-07-20,142.14,305.987,187.16,372.644,208.242,6.34744e+06,102.398,98.6849,10500
2014-07-27,159.662,342.857,208.832,585.526,234.554,6.34715e+06,115.336,113.644,10500
2014-08-03,178.943,384.036,233.837,823.616,263.095,6.34683e+06,129.37,104.099,10500
2014-08-10,200.461,430.171,261.943,1090.29,294.779,6.34647e+06,144.95,136.257,10500
2014-08-17,224.546,481.845,293.426,1389.01,330.208,6.34606e+06,162.371,182.683,10500
2014-08-24,251.518,539.712,328.68,1723.64,369.876,6.34561e+06,181.877,189.46,10500
2014-08-31,281.719,604.507,368.158,2098.46,414.297,6.3451e+06,203.72,217.872,10500
2014-09-07,315.536,677.053,412.363,2518.29,464.037,6.34453e+06,228.178,156.142,10500
2014-09-14,353.396,758.27,461.857,2988.52,519.727,6.34389e+06,255.562,266.305,10500
2014-09-21,395.781,849.187,517.27,3515.18,582.074,6.34317e+06,286.22,261.824,10500
2014-09-28,443.225,950.951,579.303,4105.01,651.867,6.34237e+06,320.539,386.6,10500
2014-07-13,79.046,174.478,105.532,110.549,114.613,6.34798e+06,66.2637,76.1597,10550
2014-07-20,92.6412,203.629,118.74,230.694,133.353,6.3478e+06,77.0987,66.1458,10550
2014-07-27,107.725,236.068,136.99,368.058,155.613,6.3476e+06,89.9683,33.2695,10550
2014-08-03,124.926,273.584,158.705,526.979,180.636,6.34737e+06,104.436,53.4483,10550
2014-08-10,144.801,317.077,183.945,711.149,209.41,6.34709e+06,121.071,80.9989,10550
2014-08-17,167.824,367.484,213.199,924.609,242.713,6.34678e+06,140.326,165.266,10550
2014-08-24,194.503,425.897,247.096,1172.01,281.301,6.34641e+06,162.635,54.3336,10550
2014-08-31,225.417,493.578,286.376,1458.75,326.014,6.34599e+06,188.486,167.369,10550
2014-09-07,261.235,571.995,331.889,1791.06,377.824,6.34549e+06,218.44,211.453,10550
2014-09-14,302.733,662.843,384.622,2176.17,437.851,6.34492e+06,253.145,192.924,10550
2014-09-21,350.808,768.082,445.717,2622.47,507.394,6.34426e+06,293.351,230.43,10550
2014-09-28,406.496,889.98,516.492,3139.65,587.954,6.3435e+06,339.927,372.472,10550
2014-07-13,80.7987,175.563,109.313,115.065,118.548,6.34797e+06,80.9278,63.1102,10600
2014-07-20,92.268,199.839,120.544,238.322,134.488,6.3478e+06,91.8092,99.4671,10600
2014-07-27,104.687,226.139,135.806,376.102,153.042,6.34761e+06,104.476,123.531,10600
2014-08-03,118.495,255.812,153.572,531.713,173.378,6.34739e+06,118.358,101.468,10600
2014-08-10,134.062,289.389,173.738,707.734,196.187,6.34715e+06,133.929,126.326,10600
2014-08-17,151.662,327.375,196.552,906.869,221.949,6.34687e+06,151.516,168.903,10600
2014-08-24,171.569,370.341,222.356,1132.15,251.084,6.34655e+06,171.405,191.885,10600
2014-08-31,194.084,418.935,251.541,1387,284.038,6.3462e+06,193.901,193.504,10600
2014-09-07,219.548,473.891,284.549,1675.3,321.308,6.3458e+06,219.344,209.24,10600
2014-09-14,248.345,536.039,321.88,2001.43,363.458,6.34534e+06,248.118,191.637,10600
2014-09-21,280.91,606.315,364.098,2370.34,411.125,6.34483e+06,280.658,239.97,10600
2014-09-28,317.733,685.776,411.838,2787.62,465.025,6.34425e+06,317.454,300.312,10600
2014-07-13,155.775,341.575,209.141,219.532,226.997,6.34752e+06,78.2698,84.222,10650
2014-07-20,180.578,394.465,233.318,456.662,261.307,6.34718e+06,90.1001,83.0795,10650
2014-07-27,207.812,452.652,266.488,725.202,301.709,6.3468e+06,104.031,102.64,10650
2014-08-03,238.534,519.238,305.589,1032.74,346.639,6.34635e+06,119.523,114.668,10650
2014-08-10,273.661,595.633,350.577,1385.51,397.754,6.34584e+06,137.148,157.707,10650
2014-08-17,313.929,683.257,402.18,1790.2,456.3,6.34526e+06,157.335,146.341,10650
2014-08-24,360.106,783.736,461.356,2254.46,523.43,6.34459e+06,180.481,196.857,10650
2014-08-31,413.053,898.943,529.213,2787.01,600.407,6.34382e+06,207.023,249.974,10650
2014-09-07,473.758,1031.02,607.018,3397.87,688.667,6.34294e+06,237.456,296.661,10650
2014-09-14,543.347,1182.41,696.219,4098.52,789.85,6.34193e+06,272.344,273.725,10650
2014-09-21,623.109,1355.92,798.472,4902.1,905.834,6.34077e+06,312.336,337.638,10650
2014-09-28,714.517,1554.74,915.669,5823.67,1038.76,6.33944e+06,358.171,357.013,10650
2014-07-13,69.1335,151.859,92.6798,97.2323,100.609,6.34804e+06,74.525,59.7277,10700
2014-07-20,80.3748,175.866,103.627,202.429,116.144,6.34789e+06,86.0326,91.566,10700
2014-07-27,92.7532,202.361,118.676,321.862,134.482,6.34771e+06,99.6156,111.598,10700
2014-08-03,106.759,232.77,136.462,459.011,154.934,6.34751e+06,114.766,123.8,10700
2014-08-10,122.82,267.76,156.983,616.761,178.272,6.34729e+06,132.053,102.266,10700
2014-08-17,141.286,308.012,180.59,798.235,205.081,6.34702e+06,151.911,141.099,10700
2014-08-24,162.524,354.309,207.741,1007,235.911,6.34672e+06,174.748,111.988,10700
2014-08-31,186.951,407.555,238.968,1247.14,271.371,6.34637e+06,201.015,158.256,10700
2014-09-07,215.043,468.788,274.883,1523.38,312.153,6.34597e+06,231.224,237.55,10700
2014-09-14,247.349,539.204,316.186,1841.13,359.054,6.34551e+06,265.964,195.567,10700
2014-09-21,284.498,620.172,363.684,2206.62,412.987,6.34498e+06,305.915,304.602,10700
2014-09-28,327.213,713.268,418.302,2627,475.003,6.34436e+06,351.853,400.006,10700
2014-07-13,90.5004,197.645,121.919,128.135,132.279,6.34791e+06,85.2094,101.172,10750
2014-07-20,104.214,226.793,135.313,266.03,151.289,6.34772e+06,97.4545,140.077,10750
2014-07-27,119.18,258.644,153.613,421.29,173.56,6.3475e+06,111.801,85.1009,10750
2014-08-03,135.955,294.866,175.065,598.005,198.168,6.34725e+06,127.653,113.859,10750
2014-08-10,155.017,336.174,199.601,799.46,225.991,6.34696e+06,145.575,104.261,10750
2014-08-17,176.738,383.269,227.575,1029.15,257.663,6.34663e+06,165.977,205.202,10750
2014-08-24,201.496,436.952,259.461,1291.03,293.762,6.34626e+06,189.23,205.789,10750
2014-08-31,229.716,498.14,295.806,1589.59,334.908,6.34584e+06,215.735,239.695,10750
2014-09-07,261.88,567.876,337.232,1929.97,381.807,6.34535e+06,245.946,224.777,10750
2014-09-14,298.536,647.349,384.448,2318.01,435.258,6.3448e+06,280.377,356.389,10750
2014-09-21,340.309,737.91,438.256,2760.38,496.172,6.34417e+06,319.616,397.709,10750
2014-09-28,387.908,841.096,499.575,3264.64,565.586,6.34346e+06,364.33,322.145,10750
2014-07-13,84.6839,184.302,114.415,120.377,124.099,6.34795e+06,82.5546,55.8587,10800
2014-07-20,96.9609,210.322,126.427,249.512,141.147,6.34777e+06,93.8956,128.046,10800
2014-07-27,110.287,238.588,142.778,394.194,161.033,6.34756e+06,107.124,87.7127,10800
2014-08-03,125.143,270.559,161.855,558.001,182.884,6.34733e+06,121.66,118.457,10800
2014-08-10,141.932,306.826,183.56,743.748,207.453,6.34707e+06,138.004,149.494,10800
2014-08-17,160.961,347.956,208.176,954.406,235.274,6.34678e+06,156.511,131.965,10800
2014-08-24,182.536,394.592,236.086,1193.31,266.813,6.34644e+06,177.493,92.9277,10800
2014-08-31,206.999,447.466,267.731,1464.24,302.574,6.34606e+06,201.282,167.093,10800
2014-09-07,234.733,507.409,303.609,1771.48,343.119,6.34563e+06,228.253,318.606,10800
2014-09-14,266.175,575.362,344.285,2119.89,389.084,6.34514e+06,258.831,291.166,10800
2014-09-21,301.816,652.39,390.398,2514.97,441.192,6.34459e+06,293.495,332.609,10800
2014-09-28,342.216,739.696,442.669,2962.95,500.258,6.34396e+06,332.787,381.249,10800
2014-07-13,83.65,181.436,113.339,119.366,122.893,6.34795e+06,84.9944,107.316,10850
2014-07-20,95.2457,205.944,124.703,247.025,139.024,6.34778e+06,96.1502,116.79,10850
2014-07-27,107.767,232.415,140.118,389.367,157.757,6.34758e+06,109.107,94.3739,10850
2014-08-03,121.65,262.198,158.019,549.698,178.232,6.34736e+06,123.267,151.803,10850
2014-08-10,137.258,295.807,178.284,730.564,201.131,6.34711e+06,139.104,144.895,10850
2014-08-17,154.856,333.727,201.147,934.626,226.925,6.34683e+06,156.944,115.37,10850
2014-08-24,174.706,376.501,226.935,1164.85,256.016,6.34651e+06,177.063,173.881,10850
2014-08-31,197.096,424.746,256.024,1424.59,288.83,6.34615e+06,199.758,174.612,10850
2014-09-07,222.349,479.16,288.834,1717.63,325.841,6.34574e+06,225.355,263.359,10850
2014-09-14,250.831,540.526,325.84,2048.2,367.585,6.34528e+06,254.226,178.793,10850
2014-09-21,282.951,609.73,367.576,2421.13,414.663,6.34477e+06,286.785,257.9,10850
2014-09-28,319.171,687.765,414.642,2841.82,467.753,6.34419e+06,323.503,354.499,10850
2014-07-13,101.438,220.699,137.086,144.241,148.684,6.34785e+06,81.2876,58.4535,10900
2014-07-20,116.087,251.739,151.421,298.936,169.03,6.34763e+06,92.4108,140.482,10900
2014-07-27,131.981,285.44,170.928,472.181,192.752,6.34739e+06,105.38,97.3905,10900
2014-08-03,149.689,323.54,193.677,668.237,218.806,6.34711e+06,119.624,109.421,10900
2014-08-10,169.693,366.737,219.548,890.452,248.086,6.3468e+06,135.632,110.878,10900
2014-08-17,192.354,415.702,248.874,1142.35,281.224,6.34645e+06,153.749,96.6052,10900
2014-08-24,218.034,471.193,282.108,1427.89,318.774,6.34605e+06,174.278,152.034,10900
2014-08-31,247.135,534.075,319.769,1751.56,361.327,6.3456e+06,197.542,250.236,10900
2014-09-07,280.112,605.326,362.448,2118.43,409.547,6.34508e+06,223.905,194.918,10900
2014-09-14,317.476,686.053,410.807,2534.25,464.186,6.3445e+06,253.776,218.223,10900
2014-09-21,359.808,777.51,465.601,3005.55,526.092,6.34384e+06,287.621,285.532,10900
2014-09-28,407.764,881.11,527.679,3539.7,596.226,6.34309e+06,325.964,293.824,10900
2014-07-13,91.9377,200.767,123.864,130.183,134.388,6.3479e+06,86.002,87.1103,10950
2014-07-20,105.855,230.345,137.457,270.27,153.68,6.34771e+06,98.348,82.2568,10950
2014-07-27,121.04,262.661,156.027,427.98,176.28,6.34748e+06,112.811,95.2829,10950
2014-08-03,138.06,299.408,177.794,607.461,201.248,6.34723e+06,128.789,109.753,10950
2014-08-10,157.397,341.307,202.686,812.042,229.474,6.34694e+06,146.852,138.2,10950
2014-08-17,179.427,389.072,231.063,1045.27,261.601,6.34661e+06,167.412,122.157,10950
2014-08-24,204.536,443.51,263.403,1311.14,298.212,6.34623e+06,190.841,179.045,10950
2014-08-31,233.151,505.55,300.262,1614.22,339.938,6.3458e+06,217.544,246.347,10950
2014-09-07,265.761,576.249,342.268,1959.7,387.491,6.34531e+06,247.976,210.472,10950
2014-09-14,302.922,656.807,390.137,2353.51,441.68,6.34475e+06,282.654,234.853,10950
2014-09-21,345.263,748.593,444.684,2802.39,503.427,6.34411e+06,322.169,251.52,10950
2014-09-28,393.503,853.16,506.835,3314.02,573.78,6.34338e+06,367.192,383.325,10950
2014-07-13,111.575,241.165,151.611,159.839,164.341,6.34779e+06,95.27,109.847,11000
2014-07-20,126.321,272.243,166.087,330.253,184.889,6.34756e+06,107.182,113.476,11000
2014-07-27,142.159,305.61,185.653,519.337,208.65,6.3473e+06,120.956,101.971,11000
2014-08-03,159.621,342.948,208.265,731.198,234.474,6.34701e+06,135.927,86.382,11000
2014-08-10,179.146,384.857,233.729,968.931,263.197,6.34668e+06,152.578,179.084,11000
2014-08-17,201.042,431.887,262.304,1235.73,295.375,6.34632e+06,171.232,190.842,11000
2014-08-24,225.608,484.653,294.364,1535.14,331.473,6.34591e+06,192.158,224.843,11000
2014-08-31,253.168,543.847,330.332,1871.15,371.971,6.34545e+06,215.635,186.534,11000
2014-09-07,284.086,610.249,370.682,2248.2,417.404,6.34494e+06,241.973,147.303,11000
2014-09-14,318.766,684.73,415.948,2671.3,468.369,6.34436e+06,271.518,259.229,11000
2014-09-21,357.665,768.267,466.722,3146.06,525.535,6.34371e+06,304.658,261.726,11000
2014-09-28,401.291,861.949,523.671,3678.77,589.651,6.34298e+06,341.826,330.194,11000
2014-07-13,118.19,256.368,160.13,168.642,173.63,6.34775e+06,89.5733,99.0579,11050
2014-07-20,134.586,291.023,176.198,349.011,196.438,6.3475e+06,101.339,59.3423,11050
2014-07-27,152.292,328.455,197.996,550.141,222.928,6.34722e+06,115.005,115.086,11050
2014-08-03,171.924,370.571,223.309,776.708,251.88,6.34691e+06,129.942,157.07,11050
2014-08-10,193.995,418.099,251.965,1032.31,284.262,6.34655e+06,146.647,157.186,11050
2014-08-17,218.881,471.722,284.296,1320.72,320.737,6.34615e+06,165.464,132.62,11050
2014-08-24,246.95,532.206,320.764,1646.13,361.875,6.3457e+06,186.686,210.937,11050
2014-08-31,278.611,600.425,361.897,2013.27,408.276,6.3452e+06,210.624,166.525,11050
2014-09-07,314.318,677.36,408.291,2427.49,460.61,6.34462e+06,237.622,261.92,11050
2014-09-14,354.586,764.118,460.615,2894.79,519.632,6.34398e+06,268.071,279.621,11050
2014-09-21,399.994,861.943,519.621,3421.98,586.189,6.34325e+06,302.407,326.183,11050
2014-09-28,451.191,972.234,586.156,4016.68,661.237,6.34242e+06,341.123,294.185,11050
2014-07-13,101.058,220.976,136.001,142.881,147.575,6.34785e+06,81.3704,87.9922,11100
2014-07-20,116.609,254.061,151.18,296.819,169.117,6.34763e+06,93.2484,79.2006,11100
2014-07-27,133.612,290.29,171.945,470.448,194.394,6.34738e+06,107.186,104.66,11100
2014-08-03,152.708,331.571,196.329,668.445,222.381,6.3471e+06,122.617,149.85,11100
2014-08-10,174.448,378.736,224.269,894.587,254.083,6.34678e+06,140.097,147.913,11100
2014-08-17,199.267,432.609,256.184,1152.91,290.24,6.34641e+06,160.034,160.337,11100
2014-08-24,227.61,494.132,292.63,1447.99,331.527,6.34599e+06,182.799,156.899,11100
2014-08-31,259.975,564.386,334.251,1785.05,378.676,6.34551e+06,208.796,207.513,11100
2014-09-07,296.933,644.602,381.778,2170.04,432.516,6.34496e+06,238.483,324.877,11100
2014-09-14,339.13,736.187,436.047,2609.76,493.99,6.34433e+06,272.379,220.882,11100
2014-09-21,387.304,840.739,498.008,3111.98,564.177,6.34361e+06,311.079,111.93,11100
2014-09-28,442.298,960.083,568.746,3685.54,644.303,6.34279e+06,355.259,352.056,11100
2014-07-13,99.8291,220.524,133.19,139.488,144.661,6.34786e+06,76.7152,101.376,11150
2014-07-20,117.15,257.686,150.011,291.195,168.528,6.34763e+06,89.372,71.9316,11150
2014-07-27,136.39,299.095,173.272,464.839,196.905,6.34738e+06,104.42,103.807,11150
2014-08-03,158.358,347.041,200.979,665.975,228.843,6.34708e+06,121.357,128.066,11150
2014-08-10,183.77,402.689,233.221,899.345,265.612,6.34673e+06,140.857,152.68,11150
2014-08-17,213.242,467.259,270.633,1170.15,308.22,6.34633e+06,163.452,163.235,11150
2014-08-24,247.432,542.166,314.034,1484.4,357.644,6.34586e+06,189.662,177.263,11150
2014-08-31,287.094,629.058,364.383,1849.03,414.979,6.34532e+06,220.067,150.657,11150
2014-09-07,333.099,729.842,422.787,2272.11,481.488,6.34469e+06,255.337,193.189,11150
2014-09-14,386.457,846.727,490.531,2762.99,558.63,6.34396e+06,296.246,302.015,11150
2014-09-21,448.337,982.271,569.101,3332.52,648.097,6.34312e+06,343.691,310.391,11150
2014-09-28,520.091,1139.43,660.217,3993.25,751.846,6.34214e+06,398.71,436.579,11150
2014-07-13,94.783,204.579,128.946,136.002,139.755,6.34789e+06,93.945,103.99,11200
2014-07-20,107.06,230.424,141.007,280.817,156.875,6.34769e+06,105.454,110.049,11200
2014-07-27,120.218,258.106,157.284,441.176,176.637,6.34747e+06,118.738,134.677,11200
2014-08-03,134.693,289.016,176.06,620.466,198.066,6.34723e+06,133.143,151.895,11200
2014-08-10,150.843,323.635,197.159,821.216,221.849,6.34696e+06,149.13,165.01,11200
2014-08-17,168.915,362.403,220.787,1046.02,248.436,6.34665e+06,167.002,184.771,11200
2014-08-24,189.148,405.807,247.239,1297.77,278.198,6.34631e+06,187.008,161.773,11200
2014-08-31,211.8,454.397,276.853,1579.67,311.517,6.34593e+06,209.406,201.524,11200
2014-09-07,237.157,508.789,310.005,1895.34,348.817,6.3455e+06,234.48,266.768,11200
2014-09-14,265.541,569.673,347.118,2248.8,390.573,6.34502e+06,262.548,183.62,11200
2014-09-21,297.312,637.818,388.661,2644.57,437.311,6.34448e+06,293.966,286.927,11200
2014-09-28,332.871,714.084,435.159,3087.69,489.624,6.34388e+06,329.131,327.199,11200
2014-07-13,109.098,235.265,148.53,156.699,160.968,6.3478e+06,86.8095,92.8133,11250
2014-07-20,123.049,264.612,162.241,323.419,180.431,6.34758e+06,97.3063,93.2568,11250
2014-07-27,137.98,295.998,180.729,507.803,202.872,6.34733e+06,109.409,112.535,11250
2014-08-03,154.382,330.992,202.028,713.676,227.172,6.34705e+06,122.513,157.478,11250
2014-08-10,172.656,370.132,225.93,943.875,254.101,6.34674e+06,137.036,152.358,11250
2014-08-17,193.077,413.901,252.66,1201.31,284.164,6.34639e+06,153.249,135.09,11250
2014-08-24,215.907,462.834,282.542,1489.2,317.769,6.346e+06,171.372,181.071,11250
2014-08-31,241.43,517.537,315.949,1811.13,355.338,6.34556e+06,191.633,212.902,11250
2014-09-07,269.961,578.685,353.296,2171.12,397.336,6.34508e+06,214.283,215.405,11250
2014-09-14,301.853,647.033,395.045,2573.65,444.284,6.34453e+06,239.601,234.712,11250
2014-09-21,337.498,723.423,441.71,3023.75,496.759,6.34392e+06,267.901,219.865,11250
2014-09-28,377.336,808.791,493.867,3527,555.409,6.34324e+06,299.531,224.272,11250
2014-07-13,108.663,236.211,146.957,154.669,159.378,6.3478e+06,83.7613,92.6463,11300
2014-07-20,124.176,269.057,162.144,320.415,180.933,6.34757e+06,95.0897,119.837,11300
2014-07-27,140.984,304.666,182.792,505.805,206.038,6.34732e+06,108.283,87.1782,11300
2014-08-03,159.685,344.867,206.842,715.326,233.57,6.34702e+06,122.753,71.9959,11300
2014-08-10,180.78,390.385,234.156,952.482,264.47,6.34669e+06,138.992,131.271,11300
2014-08-17,204.645,441.91,265.075,1220.96,299.392,6.34632e+06,157.346,162.217,11300
2014-08-24,231.653,500.223,300.066,1524.87,338.91,6.34589e+06,178.114,190.553,11300
2014-08-31,262.217,566.211,339.666,1868.9,383.631,6.34541e+06,201.618,228.985,11300
2014-09-07,296.803,640.878,384.479,2258.33,434.24,6.34487e+06,228.215,209.719,11300
2014-09-14,335.937,725.361,435.187,2699.13,491.505,6.34425e+06,258.311,225.991,11300
2014-09-21,380.214,820.939,492.563,3198.05,556.298,6.34356e+06,292.363,303.136,11300
2014-09-28,430.303,929.058,557.477,3762.74,629.602,6.34277e+06,330.887,491.594,11300
2014-07-13,135.478,290.852,185.126,195.566,200.548,6.34764e+06,104.181,42.4659,11350
2014-07-20,151.692,324.835,201.096,402.817,223.221,6.34737e+06,115.959,65.8155,11350
2014-07-27,168.928,360.904,222.531,630.596,249.214,6.34707e+06,129.462,104.868,11350
2014-08-03,187.726,400.838,247.075,883.213,277.161,6.34673e+06,143.98,108.937,11350
2014-08-10,208.523,445.199,274.434,1163.77,307.914,6.34636e+06,159.955,104.32,11350
2014-08-17,231.605,494.466,304.822,1475.39,342.009,6.34594e+06,177.667,224.832,11350
2014-08-24,257.233,549.17,338.561,1821.51,379.859,6.34548e+06,197.329,238.897,11350
2014-08-31,285.687,609.904,376.022,2205.93,421.885,6.34497e+06,219.161,240.409,11350
2014-09-07,317.277,677.328,417.614,2632.89,468.544,6.3444e+06,243.399,341.391,11350
2014-09-14,352.345,752.172,463.788,3107.05,520.342,6.34377e+06,270.307,283.627,11350
2014-09-21,391.271,835.244,515.045,3633.64,577.841,6.34307e+06,300.177,300.811,11350
2014-09-28,434.474,927.441,571.94,4218.41,641.663,6.3423e+06,333.331,239.683,11350
2014-07-13,117.93,255.999,159.677,168.126,173.151,6.34775e+06,91.3784,92.4813,11400
2014-07-20,134.458,290.954,175.868,348.068,196.132,6.3475e+06,103.507,96.4776,11400
2014-07-27,152.327,328.758,197.849,548.936,222.85,6.34722e+06,117.607,99.5813,11400
2014-08-03,172.163,371.344,223.403,775.47,252.087,6.34691e+06,133.036,145.167,11400
2014-08-10,194.491,419.457,252.364,1031.33,284.826,6.34655e+06,150.314,140.023,11400
2014-08-17,219.694,473.803,285.076,1320.37,321.747,6.34615e+06,169.798,189.009,11400
2014-08-24,248.156,535.175,322.018,1646.86,363.435,6.3457e+06,191.799,150.182,11400
2014-08-31,280.296,604.475,363.734,2015.66,410.512,6.34519e+06,216.643,211.591,11400
2014-09-07,316.586,682.72,410.84,2432.22,463.67,6.34461e+06,244.697,248.194,11400
2014-09-14,357.559,771.057,464.027,2902.73,523.691,6.34395e+06,276.372,267.613,11400
2014-09-21,403.815,870.779,524.078,3434.13,591.453,6.34322e+06,312.133,296.963,11400
2014-09-28,456.029,983.338,591.869,4034.29,667.948,6.34238e+06,352.502,352.645,11400
2014-07-13,118.233,255.723,160.572,169.254,174.065,6.34775e+06,91.6768,88.436,11450
2014-07-20,134.001,288.972,176.047,349.81,196.03,6.3475e+06,103.246,126.635,11450
2014-07-27,150.954,324.709,196.976,550.331,221.45,6.34723e+06,116.634,134.126,11450
2014-08-03,169.664,364.739,221.185,775.227,249.105,6.34692e+06,131.199,148.192,11450
2014-08-10,190.604,409.714,248.473,1027.83,279.896,6.34657e+06,147.416,143.566,11450
2014-08-17,214.111,460.233,279.126,1311.61,314.425,6.34618e+06,165.602,181.639,11450
2014-08-24,240.51,516.967,313.549,1630.38,353.197,6.34575e+06,186.023,117.181,11450
2014-08-31,270.155,580.676,352.206,1988.46,396.738,6.34526e+06,208.955,273.003,11450
2014-09-07,303.442,652.21,395.615,2390.68,445.631,6.34471e+06,234.706,240.245,11450
2014-09-14,340.817,732.523,444.358,2842.47,500.53,6.34409e+06,263.62,294.18,11450
2014-09-21,382.778,822.686,499.086,3349.91,562.167,6.3434e+06,296.084,221.299,11450
2014-09-28,429.883,923.895,560.527,3919.83,631.364,6.34262e+06,332.528,381.188,11450
2014-07-13,110.547,241.532,148.87,156.44,161.527,6.34779e+06,79.9183,88.2667,11500
2014-07-20,127.39,277.343,165.317,324.862,184.87,6.34756e+06,91.4674,103.085,11500
2014-07-27,145.783,316.504,187.798,514.613,212.232,6.34729e+06,105.005,100.765,11500
2014-08-03,166.414,361.069,214.168,730.729,242.486,6.34698e+06,119.974,129.148,11500
2014-08-10,189.872,411.921,244.347,977.265,276.714,6.34663e+06,136.909,123.246,11500
2014-08-17,216.618,469.934,278.775,1258.54,315.703,6.34623e+06,156.2,120.919,11500
2014-08-24,247.123,536.103,318.043,1579.44,360.168,6.34577e+06,178.199,174.823,11500
2014-08-31,281.915,611.566,362.829,1945.54,410.882,6.34525e+06,203.291,226.192,11500
2014-09-07,321.592,697.621,413.908,2363.18,468.719,6.34465e+06,231.907,313.597,11500
2014-09-14,366.836,795.746,472.157,2839.6,534.675,6.34398e+06,264.539,237.807,11500
2014-09-21,418.425,907.621,538.579,3383.06,609.882,6.3432e+06,301.749,203.315,11500
2014-09-28,477.239,1035.16,614.312,4002.96,695.629,6.34232e+06,344.174,503.002,11500
2014-07-13,73.7582,162.205,98.7827,103.598,107.246,6.34801e+06,67.9571,94.8139,11550
2014-07-20,85.9158,188.194,110.616,215.802,124.037,6.34785e+06,78.5971,97.6771,11550
2014-07-27,99.3271,216.932,126.902,343.402,143.886,6.34766e+06,91.1748,113.315,11550
2014-08-03,114.53,249.976,146.18,490.191,166.067,6.34745e+06,105.23,102.681,11550
2014-08-10,131.995,288.064,168.463,659.33,191.422,6.3472e+06,121.296,120.452,11550
2014-08-17,152.11,331.959,194.142,854.253,220.601,6.34692e+06,139.786,154.592,11550
2014-08-24,175.288,382.535,223.728,1078.88,254.217,6.34659e+06,161.087,153.479,11550
2014-08-31,201.991,440.804,257.817,1337.74,292.949,6.34621e+06,185.63,140.597,11550
2014-09-07,232.756,507.933,297.092,1636.04,337.573,6.34578e+06,213.906,203.895,11550
2014-09-14,268.198,585.264,342.339,1979.78,388.982,6.34527e+06,246.481,235.99,11550
2014-09-21,309.025,674.339,394.464,2375.85,448.203,6.3447e+06,284.008,312.574,11550
2014-09-28,356.05,776.934,454.507,2832.23,516.42,6.34403e+06,327.233,277.786,11550
2014-07-13,82.4515,177.622,112.347,118.562,121.744,6.34796e+06,93.653,86.7594,11600
2014-07-20,92.8404,199.459,122.563,244.593,136.246,6.34779e+06,104.808,96.5295,11600
2014-07-27,103.943,222.773,136.323,383.777,152.944,6.3476e+06,117.654,124.241,11600
2014-08-03,116.119,248.727,152.154,538.944,170.998,6.34739e+06,131.542,172.395,11600
2014-08-10,129.665,277.714,169.893,712.178,190.974,6.34716e+06,146.909,151.126,11600
2014-08-17,144.779,310.08,189.702,905.611,213.241,6.3469e+06,164.038,106.62,11600
2014-08-24,161.652,346.214,211.814,1121.59,238.095,6.34661e+06,183.157,238.736,11600
2014-08-31,180.488,386.549,236.499,1362.75,265.84,6.34628e+06,204.5,200.105,11600
2014-09-07,201.513,431.572,264.054,1632.01,296.812,6.34592e+06,228.326,223.467,11600
2014-09-14,224.981,481.825,294.813,1932.63,331.383,6.34552e+06,254.92,273.354,11600
2014-09-21,251.175,537.912,329.145,2268.27,369.971,6.34506e+06,284.604,241.464,11600
2014-09-28,280.41,600.507,367.464,2642.99,413.039,6.34456e+06,317.735,378.245,11600
2014-07-13,111.351,243.183,150.006,157.654,162.753,6.34779e+06,79.3257,45.2971,11650
2014-07-20,128.226,279.051,166.488,327.317,186.145,6.34755e+06,90.7272,103.796,11650
2014-07-27,146.642,318.244,189.007,518.349,213.551,6.34728e+06,104.085,103.356,11650
2014-08-03,167.285,362.816,215.405,735.784,243.833,6.34697e+06,118.844,99.8745,11650
2014-08-10,190.741,413.644,245.597,983.66,278.069,6.34662e+06,135.53,174.989,11650
2014-08-17,217.466,471.591,280.018,1266.28,317.041,6.34621e+06,154.526,159.537,11650
2014-08-24,247.928,537.641,319.252,1588.5,361.457,6.34576e+06,176.174,175.571,11650
2014-08-31,282.648,612.918,363.97,1955.87,412.082,6.34523e+06,200.849,237.592,11650
2014-09-07,322.217,698.705,414.937,2374.68,469.78,6.34464e+06,228.971,171.184,11650
2014-09-14,367.309,796.46,473.021,2852.13,535.535,6.34396e+06,261.019,251.503,11650
2014-09-21,418.689,907.841,539.211,3396.4,610.462,6.34319e+06,297.539,257.751,11650
2014-09-28,477.228,1034.73,614.63,4016.82,695.835,6.34231e+06,339.15,378.317,11650
2014-07-13,151.429,333.031,202.798,212.68,220.173,6.34755e+06,81.9607,53.3913,11700
2014-07-20,176.402,386.412,227.104,443.037,254.664,6.34722e+06,94.8001,105.17,11700
2014-07-27,203.948,445.438,260.556,705.02,295.435,6.34684e+06,109.977,112.542,11700
2014-08-03,235.172,513.299,300.152,1006.41,340.991,6.34639e+06,126.936,116.765,11700
2014-08-10,271.038,591.514,345.916,1353.72,393.064,6.34589e+06,146.32,148.178,11700
2014-08-17,312.343,681.637,398.649,1753.97,452.983,6.3453e+06,168.626,136.087,11700
2014-08-24,359.925,785.455,459.397,2215.22,522.002,6.34463e+06,194.318,181.903,11700
2014-08-31,414.734,905.035,529.377,2746.75,601.509,6.34385e+06,223.915,181.546,11700
2014-09-07,477.862,1042.75,609.984,3359.23,693.086,6.34296e+06,258.005,239.308,11700
2014-09-14,550.56,1201.34,702.82,4064.95,798.554,6.34193e+06,297.266,376.72,11700
2014-09-21,634.266,1383.92,809.727,4878.04,920.003,6.34074e+06,342.476,375.717,11700
2014-09-28,730.633,1594.09,932.82,5814.78,1059.83,6.33938e+06,394.528,379.652,11700
2014-07-13,95.1573,209.467,127.338,133.505,138.259,6.34788e+06,77.0133,77.1474,11750
2014-07-20,111.019,243.4,142.769,278.23,160.156,6.34767e+06,89.2101,78.8461,11750
2014-07-27,128.542,280.984,164.028,443.042,186.072,6.34743e+06,103.646,72.3559,11750
2014-08-03,148.436,324.261,189.226,632.918,215.075,6.34716e+06,119.801,107.178,11750
2014-08-10,171.323,374.219,218.393,852.031,248.279,6.34683e+06,138.297,157.822,11750
2014-08-17,197.723,431.874,252.054,1104.92,286.546,6.34646e+06,159.612,196.602,11750
2014-08-24,228.183,498.398,290.892,1396.77,330.695,6.34604e+06,184.204,142.098,11750
2014-08-31,263.328,575.148,335.704,1733.6,381.635,6.34554e+06,212.578,178.514,11750
2014-09-07,303.873,663.691,387.406,2122.3,440.405,6.34497e+06,245.315,306.083,11750
2014-09-14,350.647,765.827,447.052,2570.86,508.205,6.34432e+06,283.081,382.679,11750
2014-09-21,404.599,883.632,515.858,3088.47,586.415,6.34356e+06,326.645,179.302,11750
2014-09-28,466.824,1019.49,595.223,3685.73,676.623,6.34268e+06,376.893,424.154,11750
2014-07-13,86.8527,191.771,115.923,121.422,125.901,6.34793e+06,75.0364,89.6391,11800
2014-07-20,101.844,223.923,130.485,253.423,146.564,6.34774e+06,87.3508,47.3192,11800
2014-07-27,118.485,259.722,150.613,404.411,171.115,6.34752e+06,101.984,67.7659,11800
2014-08-03,137.471,301.144,174.573,579.18,198.729,6.34726e+06,118.441,141.563,11800
2014-08-10,159.42,349.187,202.435,781.814,230.497,6.34696e+06,137.374,192.371,11800
2014-08-17,184.857,404.895,234.743,1016.79,267.283,6.34661e+06,159.299,166.567,11800
2014-08-24,214.346,469.479,272.198,1289.26,309.926,6.3462e+06,184.714,219.494,11800
2014-08-31,248.533,544.346,315.619,1605.2,359.362,6.34574e+06,214.177,223.812,11800
2014-09-07,288.161,631.127,365.955,1971.54,416.67,6.34519e+06,248.332,330.159,11800
2014-09-14,334.093,731.708,424.302,2396.29,483.097,6.34456e+06,287.922,337.805,11800
2014-09-21,387.329,848.274,491.93,2888.75,560.089,6.34383e+06,333.809,302.977,11800
2014-09-28,449.021,983.348,570.309,3459.68,649.316,6.34299e+06,386.988,372.996,11800
2014-07-13,65.8859,144.104,88.6478,93.1256,96.1941,6.34806e+06,73.2574,122.749,11850
2014-07-20,76.0565,165.747,98.574,193.48,110.281,6.34792e+06,83.9855,89.5157,11850
2014-07-27,87.1814,189.46,112.157,306.715,126.817,6.34775e+06,96.5786,114.238,11850
2014-08-03,99.6823,216.491,128.114,435.891,145.133,6.34757e+06,110.528,157.655,11850
2014-08-10,113.921,247.389,146.406,583.49,165.891,6.34736e+06,126.336,111.27,11850
2014-08-17,130.184,282.7,167.31,752.165,189.578,6.34712e+06,144.375,166.801,11850
2014-08-24,148.765,323.046,191.194,944.92,216.639,6.34684e+06,164.983,147.168,11850
2014-08-31,169.994,369.143,218.482,1165.19,247.557,6.34653e+06,188.529,158.786,11850
2014-09-07,194.249,421.805,249.66,1416.89,282.882,6.34617e+06,215.431,162.353,11850
2014-09-14,221.958,481.966,285.28,1704.51,323.239,6.34576e+06,246.165,282.158,11850
2014-09-21,253.612,550.689,325.972,2033.16,369.342,6.34529e+06,281.275,143.329,11850
2014-09-28,289.77,629.187,372.457,2408.68,422.007,6.34475e+06,321.383,366.077,11850
2014-07-13,112.184,241.515,152.943,161.435,165.726,6.34778e+06,99.6148,96.8592,11900
2014-07-20,126.183,270.924,166.713,332.939,185.274,6.34755e+06,111.365,90.9635,11900
2014-07-27,141.129,302.287,185.249,522.168,207.764,6.3473e+06,124.883,113.978,11900
2014-08-03,157.502,337.163,206.554,732.916,232.053,6.34702e+06,139.483,163.665,11900
2014-08-10,175.696,376.072,230.403,967.966,258.899,6.3467e+06,155.62,140.32,11900
2014-08-17,195.976,419.471,257.004,1230.16,288.791,6.34635e+06,173.587,143.626,11900
2014-08-24,218.59,467.867,286.668,1522.61,322.12,6.34595e+06,193.621,155.152,11900
2014-08-31,243.806,521.831,319.746,1848.82,359.285,6.34552e+06,215.96,251.7,11900
2014-09-07,271.923,582,356.63,2212.66,400.726,6.34503e+06,240.87,233.225,11900
2014-09-14,303.272,649.08,397.756,2618.47,446.932,6.34448e+06,268.643,271.478,11900
2014-09-21,338.221,723.861,443.608,3071.06,498.446,6.34387e+06,299.607,271.545,11900
2014-09-28,377.18,807.219,494.725,3575.82,555.874,6.3432e+06,334.126,385.401,11900
2014-07-13,117.317,258.255,156.988,164.589,170.453,6.34775e+06,85.248,106.556,11950
2014-07-20,136.879,300.105,176.019,343.015,197.458,6.34749e+06,98.7538,145.911,11950
2014-07-27,158.491,346.458,202.238,546.216,229.42,6.3472e+06,114.739,132.656,11950
2014-08-03,183.027,399.834,233.316,780.328,265.19,6.34685e+06,132.629,108.249,11950
2014-08-10,211.255,461.448,269.288,1050.5,306.143,6.34646e+06,153.11,140.498,11950
2014-08-17,243.813,532.554,310.802,1362.32,353.338,6.346e+06,176.714,270.113,11950
2014-08-24,281.38,614.596,358.702,1722.21,407.787,6.34547e+06,203.945,217.692,11950
2014-08-31,324.721,709.245,413.967,2137.55,470.609,6.34486e+06,235.364,245.523,11950
2014-09-07,374.721,818.428,477.727,2616.88,543.085,6.34416e+06,271.611,219.803,11950
2014-09-14,432.396,944.364,551.28,3170.02,626.691,6.34335e+06,313.425,330.789,11950
2014-09-21,498.917,1089.6,636.122,3808.3,723.125,6.34242e+06,361.654,428.419,11950
2014-09-28,575.629,1257.08,733.972,4544.79,834.342,6.34134e+06,417.276,593.649,11950
2014-07-13,90.5171,196.226,122.697,129.243,133.035,6.34791e+06,91.6464,109.552,12000
2014-07-20,102.975,222.544,134.909,267.4,150.369,6.34772e+06,103.587,140.438,12000
2014-07-27,116.416,250.943,151.465,421.33,170.486,6.34751e+06,117.447,102.627,12000
2014-08-03,131.305,282.87,170.677,594.573,192.455,6.34727e+06,132.58,141.2,12000
2014-08-10,148.03,318.868,192.407,789.846,217.004,6.347e+06,149.492,157.779,12000
2014-08-17,166.873,359.448,216.904,1009.98,244.633,6.3467e+06,168.525,197.344,12000
2014-08-24,188.108,405.185,244.513,1258.14,275.767,6.34635e+06,189.974,203.709,12000
2014-08-31,212.041,456.73,275.628,1537.88,310.857,6.34597e+06,214.146,251.467,12000
2014-09-07,239.013,514.815,310.694,1853.22,350.402,6.34553e+06,241.389,372.108,12000
2014-09-14,269.405,580.267,350.211,2208.67,394.966,6.34504e+06,272.088,238.78,12000
2014-09-21,303.652,654.014,394.742,2609.32,445.182,6.34449e+06,306.681,276.243,12000
2014-09-28,342.237,737.101,444.917,3060.91,501.762,6.34386e+06,345.659,354.601,12000
2014-07-13,88.6972,194.427,119.117,125.048,129.283,6.34792e+06,80.8102,93.7884,12050
2014-07-20,102.765,224.418,132.831,260.079,148.745,6.34773e+06,92.9754,87.5457,12050
2014-07-27,118.205,257.398,151.641,412.924,171.655,6.34751e+06,107.296,100.551,12050
2014-08-03,135.615,295.124,173.807,587.88,197.122,6.34726e+06,123.214,149.624,12050
2014-08-10,155.515,338.392,199.3,788.471,226.084,6.34697e+06,141.317,158.293,12050
2014-08-17,178.319,388.006,228.532,1018.48,259.244,6.34664e+06,162.045,179.557,12050
2014-08-24,204.461,444.883,262.042,1282.23,297.255,6.34626e+06,185.804,169.928,12050
2014-08-31,234.43,510.081,300.458,1584.64,340.83,6.34582e+06,213.041,256.269,12050
2014-09-07,268.782,584.814,344.495,1931.39,390.78,6.34532e+06,244.263,237.939,12050
2014-09-14,308.156,670.468,394.972,2328.94,448.034,6.34475e+06,280.05,329.332,12050
2014-09-21,353.283,768.629,452.828,2784.74,513.656,6.34409e+06,321.068,347.245,12050
2014-09-28,404.997,881.115,519.135,3307.3,588.861,6.34334e+06,368.076,395.609,12050
2014-07-13,87.7835,187.819,120.287,127.197,130.269,6.34793e+06,103.781,93.4678,12100
2014-07-20,97.7479,208.648,130.118,261.592,144.226,6.34775e+06,114.9,114.823,12100
2014-07-27,108.287,230.63,143.267,408.603,160.161,6.34756e+06,127.595,154.115,12100
2014-08-03,119.721,254.842,158.256,570.817,177.203,6.34735e+06,141.172,141.077,12100
2014-08-10,132.305,281.604,174.882,750.051,195.859,6.34711e+06,156.034,179.68,12100
2014-08-17,146.202,311.177,193.256,948.115,216.438,6.34685e+06,172.429,160.202,12100
2014-08-24,161.555,343.85,213.554,1166.99,239.169,6.34656e+06,190.538,191.072,12100
2014-08-31,178.517,379.946,235.98,1408.84,264.282,6.34625e+06,210.544,211.658,12100
2014-09-07,197.255,419.821,260.754,1676.09,292.025,6.3459e+06,232.647,251.556,12100
2014-09-14,217.954,463.867,288.123,1971.4,322.673,6.34551e+06,257.063,332.746,12100
2014-09-21,240.818,512.52,318.356,2297.69,356.528,6.34508e+06,284.034,229.529,12100
2014-09-28,266.073,566.257,351.751,2658.22,393.924,6.34461e+06,313.826,306.824,12100
2014-07-13,91.5726,199.766,123.478,129.818,133.957,6.34791e+06,88.1697,90.6559,12150
2014-07-20,105.257,228.824,136.851,269.381,152.937,6.34771e+06,100.662,70.5278,12150
2014-07-27,120.165,260.518,155.1,426.273,175.141,6.34749e+06,115.277,107.011,12150
2014-08-03,136.846,296.5,176.461,604.546,199.633,6.34724e+06,131.397,158.476,12150
2014-08-10,155.769,337.463,200.851,807.43,227.274,6.34695e+06,149.59,178.675,12150
2014-08-17,177.293,384.086,228.611,1038.36,258.687,6.34662e+06,170.266,205.638,12150
2014-08-24,201.786,437.141,260.2,1301.2,294.429,6.34625e+06,193.791,206.594,12150
2014-08-31,229.656,497.51,296.146,1600.35,335.1,6.34583e+06,220.56,301.395,12150
2014-09-07,261.368,566.196,337.047,1940.83,381.377,6.34534e+06,251.02,245.694,12150
2014-09-14,297.447,644.339,383.585,2328.32,434.031,6.3448e+06,285.676,256.314,12150
2014-09-21,338.493,733.234,436.531,2769.31,493.935,6.34417e+06,325.104,382.209,12150
2014-09-28,385.184,834.35,496.765,3271.16,562.081,6.34346e+06,369.958,375.558,12150
2014-07-13,84.3354,186.378,112.478,117.781,122.17,6.34795e+06,76.3457,66.4674,12200
2014-07-20,99.038,217.934,126.753,245.93,142.425,6.34776e+06,89.003,89.2118,12200
2014-07-27,115.381,253.123,146.503,392.7,166.52,6.34754e+06,104.061,99.0452,12200
2014-08-03,134.054,293.896,170.042,562.82,193.659,6.34729e+06,121.02,130.829,12200
2014-08-10,155.671,341.251,197.453,760.335,224.926,6.347e+06,140.559,142.954,12200
2014-08-17,180.758,396.238,229.281,989.689,261.182,6.34665e+06,163.216,170.094,12200
2014-08-24,209.882,460.073,266.23,1256.01,303.268,6.34626e+06,189.516,181.99,12200
2014-08-31,243.692,534.175,309.125,1565.24,352.127,6.3458e+06,220.049,267.167,12200
2014-09-07,282.938,620.188,358.918,1924.29,408.843,6.34526e+06,255.491,233.727,12200
2014-09-14,328.49,720.018,416.717,2341.17,474.676,6.34464e+06,296.631,303.296,12200
2014-09-21,381.358,835.873,483.802,2825.17,551.084,6.34392e+06,344.38,351.516,12200
2014-09-28,442.709,970.31,561.659,3387.07,639.758,6.34309e+06,399.793,432.668,12200
2014-07-13,77.9813,169.466,105.489,111.034,114.402,6.34799e+06,81.7311,91.2868,12250
2014-07-20,89.0715,192.942,116.347,229.99,129.814,6.34782e+06,92.7416,86.159,12250
2014-07-27,101.083,218.382,131.106,362.988,147.757,6.34764e+06,105.561,90.4271,12250
2014-08-03,114.441,247.092,148.291,513.231,167.428,6.34743e+06,119.614,145.322,12250
2014-08-10,129.504,279.586,167.8,683.217,189.495,6.34719e+06,135.379,183.414,12250
2014-08-17,146.538,316.355,189.876,875.568,214.426,6.34692e+06,153.191,185.956,12250
2014-08-24,165.808,357.953,214.85,1093.22,242.628,6.34662e+06,173.338,212.668,12250
2014-08-31,187.609,405.012,243.104,1339.5,274.532,6.34627e+06,196.131,188.905,12250
2014-09-07,212.271,458.244,275.067,1618.16,310.624,6.34589e+06,221.916,283.817,12250
2014-09-14,240.167,518.457,311.223,1933.45,351.451,6.34545e+06,251.084,258.609,12250
2014-09-21,271.721,586.561,352.122,2290.19,397.632,6.34495e+06,284.077,353.079,12250
2014-09-28,307.409,663.583,398.381,2693.79,449.865,6.34439e+06,321.393,39.3728,12250
2014-07-13,139.507,303.06,188.775,198.72,204.718,6.34762e+06,99.7485,119.648,12300
2014-07-20,159.251,344.841,208.11,411.547,232.162,6.34733e+06,113.12,75.5087,12300
2014-07-27,180.62,390.082,234.379,649.374,264.096,6.347e+06,128.68,100.894,12300
2014-08-03,204.37,441.103,264.947,917.886,299.081,6.34662e+06,145.726,140.086,12300
2014-08-10,231.131,498.809,299.628,1221.51,338.3,6.3462e+06,164.836,126.901,12300
2014-08-17,261.372,564.058,338.844,1564.87,382.577,6.34572e+06,186.41,144.198,12300
2014-08-24,295.559,637.822,383.177,1953.16,432.625,6.34518e+06,210.796,220.948,12300
2014-08-31,334.204,721.2,433.292,2392.24,489.202,6.34457e+06,238.363,233.323,12300
2014-09-07,377.884,815.437,489.942,2888.75,553.153,6.34388e+06,269.523,248.613,12300
2014-09-14,427.251,921.936,553.972,3450.15,625.434,6.3431e+06,304.741,235.761,12300
2014-09-21,483.039,1042.28,626.336,4084.91,707.12,6.34221e+06,344.543,301.932,12300
2014-09-28,546.075,1178.24,708.11,4802.56,799.425,6.34122e+06,389.518,300.041,12300
2014-07-13,62.385,138.379,82.9402,86.749,90.1181,6.34808e+06,66.3287,41.4856,12350
2014-07-20,73.7126,162.766,93.9177,181.464,105.692,6.34794e+06,77.7917,65.7836,12350
2014-07-27,86.3775,190.135,109.166,290.526,124.31,6.34777e+06,91.4949,100.678,12350
2014-08-03,100.936,222.033,127.436,417.663,145.407,6.34758e+06,107.022,154.765,12350
2014-08-10,117.888,259.297,148.831,566.125,169.857,6.34736e+06,125.018,107.734,12350
2014-08-17,137.676,302.817,173.818,739.512,198.374,6.3471e+06,146.007,159.124,12350
2014-08-24,160.783,353.636,202.995,942.006,231.671,6.34679e+06,170.514,131.166,12350
2014-08-31,187.763,412.972,237.064,1178.49,270.549,6.34643e+06,199.13,220.179,12350
2014-09-07,219.265,482.249,276.843,1454.65,315.945,6.34602e+06,232.542,190.808,12350
2014-09-14,256.043,563.127,323.287,1777.15,368.946,6.34553e+06,271.551,313.234,12350
2014-09-21,298.979,657.542,377.51,2153.75,430.823,6.34496e+06,317.094,218.464,12350
2014-09-28,349.099,767.749,440.811,2593.51,503.056,6.3443e+06,370.259,366.957,12350
2014-07-13,76.0117,166.108,102.346,107.543,111.049,6.348e+06,84.0874,100.045,12400
2014-07-20,87.6213,190.797,113.681,223.345,127.137,6.34783e+06,96.269,98.9091,12400
2014-07-27,100.303,217.805,129.179,353.847,146,6.34765e+06,110.552,67.743,12400
2014-08-03,114.534,248.551,147.363,502.528,166.865,6.34744e+06,126.352,163.765,12400
2014-08-10,130.721,283.649,168.181,672.189,190.479,6.3472e+06,144.232,208.521,12400
2014-08-17,149.184,323.706,191.939,865.819,217.388,6.34692e+06,164.608,162.384,12400
2014-08-24,170.25,369.412,219.048,1086.8,248.089,6.3466e+06,187.855,215.474,12400
2014-08-31,194.287,421.562,249.979,1338.99,283.119,6.34625e+06,214.38,254.62,12400
2014-09-07,221.712,481.059,285.271,1626.78,323.086,6.34584e+06,244.644,226.608,12400
2014-09-14,253,548.934,325.537,1955.2,368.686,6.34537e+06,279.172,285.41,12400
2014-09-21,288.692,626.362,371.473,2329.97,420.707,6.34483e+06,318.563,197.832,12400
2014-09-28,329.407,714.68,423.876,2757.62,480.049,6.34422e+06,363.497,320.863,12400
2014-07-13,81.0664,177.611,108.915,114.356,118.205,6.34797e+06,80.0799,91.1617,12450
2014-07-20,93.8456,204.844,121.377,237.785,135.89,6.34779e+06,92.0606,100.199,12450
2014-07-27,107.861,234.766,138.46,377.396,156.694,6.34759e+06,106.155,123.848,12450
2014-08-03,123.653,268.968,158.576,537.081,179.801,6.34736e+06,121.809,144.931,12450
2014-08-10,141.687,308.165,181.695,720.021,206.06,6.3471e+06,139.598,178.109,12450
2014-08-17,162.339,353.075,208.184,929.633,236.101,6.3468e+06,159.95,141.27,12450
2014-08-24,185.996,404.523,238.528,1169.8,270.511,6.34645e+06,183.262,149.585,12450
2014-08-31,213.096,463.453,273.287,1444.97,309.928,6.34606e+06,209.965,234.333,12450
2014-09-07,244.136,530.952,313.103,1760.23,355.079,6.3456e+06,240.554,259.597,12450
2014-09-14,279.689,608.258,358.708,2121.42,406.794,6.34508e+06,275.589,234.397,12450
2014-09-21,320.405,696.789,410.941,2535.21,466.024,6.34449e+06,315.715,237.946,12450
2014-09-28,367.032,798.167,470.761,3009.25,533.855,6.3438e+06,361.668,364.009,12450
2014-07-13,102.984,225.441,138.46,145.414,150.258,6.34784e+06,86.3639,66.9204,12500
2014-07-20,119.053,259.661,154.136,302.243,172.505,6.34761e+06,99.1508,112.999,12500
2014-07-27,136.653,297.204,175.606,479.421,198.648,6.34736e+06,114.177,122.875,12500
2014-08-03,156.456,340.059,200.859,681.814,227.645,6.34707e+06,130.843,117.983,12500
2014-08-10,179.041,389.106,229.843,913.379,260.55,6.34674e+06,149.756,132.487,12500
2014-08-17,204.869,445.227,263.008,1178.36,298.146,6.34636e+06,171.365,193.693,12500
2014-08-24,234.415,509.429,300.947,1481.57,341.15,6.34592e+06,196.082,196.685,12500
2014-08-31,268.214,582.869,344.348,1828.51,390.344,6.34543e+06,224.358,240.181,12500
2014-09-07,306.874,666.867,393.995,2225.48,446.617,6.34486e+06,256.702,249.361,12500
2014-09-14,351.091,762.935,450.781,2679.68,510.981,6.34421e+06,293.696,329.458,12500
2014-09-21,401.66,872.795,515.729,3199.33,584.594,6.34346e+06,336.007,366.489,12500
2014-09-28,459.485,998.412,590.004,3793.83,668.775,6.34261e+06,384.392,353.989,12500
2014-07-13,78.3839,174.376,103.948,108.621,112.976,6.34798e+06,71.7974,64.6676,12550
2014-07-20,93.0694,206.07,118.159,227.546,133.136,6.34781e+06,84.6093,75.2264,12550
2014-07-27,109.564,241.817,137.96,365.073,157.328,6.3476e+06,99.9836,87.1848,12550
2014-08-03,128.615,283.672,161.784,526.12,184.871,6.34735e+06,117.488,89.7006,12550
2014-08-10,150.9,332.789,189.808,715.037,216.941,6.34706e+06,137.869,156.875,12550
2014-08-17,177.031,390.411,222.684,936.678,254.517,6.34672e+06,161.749,174.383,12550
2014-08-24,207.682,458,261.246,1196.7,298.588,6.34633e+06,189.756,219.97,12550
2014-08-31,243.633,537.271,306.477,1501.75,350.28,6.34586e+06,222.607,196.49,12550
2014-09-07,285.796,630.237,359.526,1859.61,410.908,6.34531e+06,261.137,219.234,12550
2014-09-14,335.242,739.253,421.742,2279.41,482.009,6.34467e+06,306.323,324.61,12550
2014-09-21,393.222,867.08,494.702,2771.83,565.387,6.34392e+06,359.31,306.574,12550
2014-09-28,461.202,1016.94,580.253,3349.43,663.151,6.34304e+06,421.44,352.296,12550
2014-07-13,89.7447,197.482,120.131,125.963,130.43,6.34792e+06,73.4752,80.4101,12600
2014-07-20,104.642,229.343,134.627,262.467,151,6.34772e+06,85.0626,65.0811,12600
2014-07-27,121.091,264.612,154.59,417.838,175.334,6.34749e+06,98.7707,127.916,12600
2014-08-03,139.756,305.2,178.241,596.739,202.552,6.34723e+06,114.103,110.67,12600
2014-08-10,161.216,352.029,205.602,803.073,233.695,6.34693e+06,131.647,167.758,12600
2014-08-17,185.957,406.044,237.161,1041.08,269.566,6.34658e+06,151.855,176.902,12600
2014-08-24,214.488,468.335,273.555,1315.62,310.93,6.34618e+06,175.156,197.898,12600
2014-08-31,247.389,540.164,315.525,1632.28,358.63,6.34571e+06,202.027,187.499,12600
2014-09-07,285.326,622.985,363.922,1997.51,413.634,6.34518e+06,233.012,256.503,12600
2014-09-14,329.068,718.473,419.726,2418.76,477.056,6.34456e+06,268.74,429.214,12600
2014-09-21,379.498,828.553,484.067,2904.6,550.178,6.34385e+06,309.931,276.669,12600
2014-09-28,437.631,955.442,558.244,3464.9,634.474,6.34303e+06,357.418,380.615,12600
2014-07-13,96.9807,215.376,128.801,134.665,139.964,6.34787e+06,75.6835,74.9423,12650
2014-07-20,114.82,253.82,146.079,281.863,164.476,6.34765e+06,88.9378,93.9098,12650
2014-07-27,134.802,297.05,170.108,451.657,193.823,6.3474e+06,104.807,117.875,12650
2014-08-03,157.814,347.529,198.947,649.959,227.141,6.3471e+06,122.823,116.418,12650
2014-08-10,184.66,406.603,232.781,881.951,265.826,6.34674e+06,143.741,139.621,12650
2014-08-17,216.054,475.717,272.364,1153.4,311.028,6.34633e+06,168.184,145.696,12650
2014-08-24,252.776,556.562,318.667,1470.99,363.899,6.34585e+06,196.773,234.04,12650
2014-08-31,295.728,651.12,372.827,1842.57,425.742,6.34529e+06,230.213,182.009,12650
2014-09-07,345.964,761.705,436.175,2277.3,498.075,6.34463e+06,269.326,227.83,12650
2014-09-14,404.712,891.022,510.263,2785.88,582.668,6.34386e+06,315.069,306.175,12650
2014-09-21,473.408,1042.22,596.904,3380.83,681.591,6.34296e+06,368.56,321.717,12650
2014-09-28,553.724,1218.99,698.211,4076.78,797.255,6.3419e+06,431.103,440.838,12650
2014-07-13,89.9028,194.792,121.918,128.442,132.183,6.34791e+06,90.9933,102.887,12700
2014-07-20,102.188,220.734,133.964,265.678,149.281,6.34773e+06,102.763,76.1662,12700
2014-07-27,115.432,248.702,150.286,418.469,169.113,6.34752e+06,116.415,88.3079,12700
2014-08-03,130.091,280.119,169.212,590.292,190.75,6.34728e+06,131.309,138.682,12700
2014-08-10,146.543,315.513,190.602,783.81,214.908,6.34701e+06,147.94,209.617,12700
2014-08-17,165.064,355.381,214.697,1001.79,242.076,6.34671e+06,166.642,124.763,12700
2014-08-24,185.92,400.28,241.83,1247.32,272.666,6.34637e+06,187.7,210.915,12700
2014-08-31,209.407,450.838,272.385,1523.88,307.115,6.34599e+06,211.414,196.061,12700
2014-09-07,235.853,507.767,306.793,1835.38,345.907,6.34556e+06,238.117,218.811,12700
2014-09-14,265.632,571.865,345.537,2186.23,389.586,6.34508e+06,268.186,241.061,12700
2014-09-21,299.159,644.029,389.161,2581.37,438.767,6.34454e+06,302.041,421.621,12700
2014-09-28,336.904,725.268,438.276,3026.39,494.136,6.34392e+06,340.157,331.958,12700
2014-07-13,92.543,204.558,123.403,129.213,134.039,6.3479e+06,75.0526,56.72,12750
2014-07-20,108.713,239.269,139.102,269.827,156.313,6.34769e+06,87.5242,70.0502,12750
2014-07-27,126.692,277.988,160.824,430.921,182.817,6.34745e+06,102.365,103.607,12750
2014-08-03,147.242,322.866,186.723,617.701,212.678,6.34718e+06,119.085,141.855,12750
2014-08-10,171.038,375.004,216.89,834.626,247.092,6.34685e+06,138.354,165.532,12750
2014-08-17,198.662,435.561,251.928,1086.6,287.009,6.34648e+06,160.705,185.769,12750
2014-08-24,230.741,505.884,292.616,1379.27,333.358,6.34604e+06,186.657,256.723,12750
2014-08-31,267.99,587.54,339.864,1719.2,387.18,6.34554e+06,216.794,202.587,12750
2014-09-07,311.241,682.345,394.727,2114.01,449.676,6.34495e+06,251.787,278.768,12750
2014-09-14,361.456,792.409,458.427,2572.55,522.237,6.34427e+06,292.416,331.19,12750
2014-09-21,419.749,920.173,532.382,3105.07,606.477,6.34347e+06,339.585,291.47,12750
2014-09-28,487.413,1068.47,618.233,3723.49,704.264,6.34255e+06,394.338,342.832,12750
2014-07-13,89.6944,195.051,121.266,127.614,131.52,6.34792e+06,83.1162,88.4525,12800
2014-07-20,102.564,222.308,133.862,264.416,149.398,6.34773e+06,94.4145,97.2879,12800
2014-07-27,116.516,251.878,150.994,417.513,170.229,6.34751e+06,107.58,161.567,12800
2014-08-03,132.049,285.283,170.96,590.638,193.091,6.34727e+06,122.028,88.7405,12800
2014-08-10,149.582,323.128,193.65,786.713,218.765,6.347e+06,138.252,137.761,12800
2014-08-17,169.429,365.996,219.351,1008.81,247.8,6.34669e+06,156.601,133.907,12800
2014-08-24,191.905,414.542,248.455,1260.38,280.675,6.34633e+06,177.378,207.809,12800
2014-08-31,217.357,469.513,281.414,1545.33,317.905,6.34594e+06,200.906,126.088,12800
2014-09-07,246.177,531.758,318.735,1868.07,360.062,6.34549e+06,227.548,292.92,12800
2014-09-14,278.809,602.232,360.995,2233.61,407.797,6.34497e+06,257.715,304.327,12800
2014-09-21,315.754,682.018,408.843,2647.6,461.844,6.3444e+06,291.87,311.45,12800
2014-09-28,357.579,772.337,463.016,3116.46,523.032,6.34374e+06,330.539,315.344,12800
2014-07-13,93.9546,205.023,126.658,133.149,137.411,6.34789e+06,85.0366,87.7531,12850
2014-07-20,108.048,234.958,140.429,276.333,156.955,6.34769e+06,97.1314,110.38,12850
2014-07-27,123.409,267.624,159.227,437.363,179.829,6.34746e+06,111.287,131.347,12850
2014-08-03,140.605,304.727,181.239,620.422,205.07,6.3472e+06,126.908,99.8556,12850
2014-08-10,160.121,346.985,206.384,828.848,233.572,6.34691e+06,144.546,181.237,12850
2014-08-17,182.33,395.105,235.017,1066.19,265.977,6.34657e+06,164.6,137.218,12850
2014-08-24,207.613,449.887,267.613,1336.46,302.864,6.34619e+06,187.427,199.034,12850
2014-08-31,236.396,512.249,304.722,1644.21,344.857,6.34575e+06,213.415,83.7133,12850
2014-09-07,269.161,583.235,346.966,1994.63,392.661,6.34526e+06,242.998,209.261,12850
2014-09-14,306.455,664.03,395.052,2393.62,447.076,6.34469e+06,276.672,392.886,12850
2014-09-21,348.901,755.983,449.785,2847.89,509.01,6.34405e+06,315,348.999,12850
2014-09-28,397.208,860.623,512.079,3365.1,579.498,6.34331e+06,358.622,320.958,12850
2014-07-13,125.021,271.05,169.454,178.489,183.732,6.34771e+06,86.5734,88.0277,12900
2014-07-20,142.249,307.448,186.342,369.304,207.703,6.34744e+06,97.8682,104.37,12900
2014-07-27,160.838,346.728,209.239,581.934,235.526,6.34715e+06,110.978,100.423,12900
2014-08-03,181.433,390.889,235.81,821.273,265.911,6.34682e+06,125.295,116.1,12900
2014-08-10,204.569,440.687,265.867,1091.08,299.868,6.34645e+06,141.295,102.783,12900
2014-08-17,230.634,496.825,299.753,1395.28,338.087,6.34603e+06,159.304,203.315,12900
2014-08-24,260.012,560.099,337.945,1738.25,381.158,6.34555e+06,179.599,201.542,12900
2014-08-31,293.121,631.407,380.99,2124.91,429.702,6.34502e+06,202.472,223.162,12900
2014-09-07,330.434,711.763,429.502,2560.81,484.41,6.34442e+06,228.25,202.896,12900
2014-09-14,372.479,802.307,484.17,3052.2,546.06,6.34374e+06,257.299,283.014,12900
2014-09-21,419.853,904.319,545.772,3606.12,615.526,6.34297e+06,290.031,361.657,12900
2014-09-28,473.225,1019.24,615.179,4230.51,693.792,6.34211e+06,326.91,297.605,12900
2014-07-13,94.9001,207.28,127.832,134.346,138.697,6.34789e+06,74.9179,77.8469,12950
2014-07-20,109.303,237.895,141.899,278.94,158.66,6.34768e+06,85.7012,84.8987,12950
2014-07-27,125.023,271.356,161.119,441.772,182.053,6.34745e+06,98.3365,62.1499,12950
2014-08-03,142.649,309.418,183.655,627.141,207.905,6.34719e+06,112.301,169.882,12950
2014-08-10,162.68,352.83,209.435,838.501,237.139,6.34689e+06,128.092,96.2817,12950
2014-08-17,185.508,402.334,238.831,1079.53,270.425,6.34654e+06,146.071,153.672,12950
2014-08-24,211.535,458.772,272.346,1354.38,308.369,6.34615e+06,166.567,179.096,12950
2014-08-31,241.205,523.112,310.553,1667.8,351.627,6.34571e+06,189.933,239.377,12950
2014-09-07,275.028,596.452,354.11,2025.19,400.941,6.3452e+06,216.57,193.193,12950
2014-09-14,313.582,680.046,403.762,2432.69,457.154,6.34462e+06,246.934,254.122,12950
2014-09-21,357.524,775.319,460.358,2897.32,521.226,6.34396e+06,281.543,350.44,12950
2014-09-28,407.603,883.891,524.862,3427.07,594.25,6.34321e+06,320.987,267.045,12950
2014-07-13,118.522,255.595,161.357,170.23,174.869,6.34774e+06,97.7837,132.673,13000
2014-07-20,133.683,287.489,176.258,351.352,196.022,6.3475e+06,109.612,145.785,13000
2014-07-27,149.911,321.599,196.35,551.67,220.41,6.34723e+06,123.249,142.109,13000
2014-08-03,167.737,359.631,219.498,775.341,246.819,6.34693e+06,138.016,194.519,13000
2014-08-10,187.598,402.17,245.475,1025.45,276.087,6.34659e+06,154.382,191.106,13000
2014-08-17,209.792,449.74,274.525,1305.16,308.76,6.34621e+06,172.653,138.53,13000
2014-08-24,234.605,502.924,307.003,1617.97,345.283,6.34579e+06,193.076,232.56,13000
2014-08-31,262.344,562.378,343.312,1967.77,386.115,6.34531e+06,215.908,233.702,13000
2014-09-07,293.353,628.837,383.902,2358.94,431.762,6.34478e+06,241.433,229.373,13000
2014-09-14,328.015,703.121,429.277,2796.35,482.787,6.34419e+06,269.965,326.528,13000
2014-09-21,366.756,786.142,479.994,3285.46,539.819,6.34353e+06,301.857,345.905,13000
2014-09-28,410.052,878.92,536.68,3832.33,603.56,6.34279e+06,337.5,294.15,13000
2014-07-13,68.448,149.596,92.1529,96.8299,99.9908,6.34804e+06,71.8582,87.5401,13050
2014-07-20,78.9168,171.86,102.374,201.105,114.496,6.3479e+06,82.2827,107.358,13050
2014-07-27,90.3546,196.222,116.349,318.637,131.508,6.34773e+06,94.5077,90.9175,13050
2014-08-03,103.192,223.96,132.75,452.564,150.327,6.34754e+06,108.033,116.455,13050
2014-08-10,117.796,255.63,151.53,605.415,171.631,6.34732e+06,123.342,41.4078,13050
2014-08-17,134.457,291.782,172.967,779.89,195.912,6.34707e+06,140.792,155.304,13050
2014-08-24,153.471,333.04,197.431,979.045,223.619,6.34679e+06,160.703,153.016,13050
2014-08-31,175.171,380.124,225.35,1206.37,255.239,6.34646e+06,183.427,208.709,13050
2014-09-07,199.934,433.853,257.211,1465.83,291.325,6.34609e+06,209.36,190.149,13050
2014-09-14,228.191,495.161,293.57,1761.97,332.502,6.34567e+06,238.952,233.619,13050
2014-09-21,260.433,565.113,335.058,2099.97,379.489,6.34519e+06,272.719,295.068,13050
2014-09-28,297.219,644.922,382.397,2485.74,433.101,6.34464e+06,311.247,346.145,13050
2014-07-13,96.712,209.342,131.258,138.322,142.297,6.34787e+06,93.2392,94.9842,13100
2014-07-20,109.753,236.858,144.051,285.986,160.456,6.34767e+06,105.138,100.338,13100
2014-07-27,123.79,266.475,161.368,450.161,181.492,6.34745e+06,118.921,139.563,13100
2014-08-03,139.304,299.691,181.421,634.515,204.407,6.3472e+06,133.936,140.461,13100
2014-08-10,156.689,337.058,204.052,841.838,229.954,6.34691e+06,150.676,148.673,13100
2014-08-17,176.23,379.085,229.505,1075.02,258.64,6.34659e+06,169.472,177.027,13100
2014-08-24,198.202,426.343,258.126,1337.29,290.89,6.34623e+06,190.604,137.652,13100
2014-08-31,222.908,479.478,290.308,1632.27,327.154,6.34583e+06,214.365,176.675,13100
2014-09-07,250.686,539.219,326.493,1964.01,367.929,6.34537e+06,241.082,311.375,13100
2014-09-14,281.916,606.38,367.177,2337.1,413.771,6.34486e+06,271.12,328.091,13100
2014-09-21,317.024,681.879,412.917,2756.67,465.309,6.34428e+06,304.89,288.315,13100
2014-09-28,356.489,766.743,464.335,3228.49,523.245,6.34363e+06,342.852,317.247,13100
2014-07-13,140.446,301.338,192.007,202.869,207.991,6.34761e+06,89.5081,116.81,13150
2014-07-20,157.103,336.234,208.418,417.748,231.29,6.34733e+06,99.5348,173.333,13150
2014-07-27,174.794,373.233,230.432,653.717,257.983,6.34702e+06,111.022,101.057,13150
2014-08-03,194.07,414.16,255.618,915.185,286.654,6.34667e+06,123.36,163.641,13150
2014-08-10,215.377,459.582,283.669,1205.31,318.175,6.34629e+06,136.925,146.864,13150
2014-08-17,239.002,509.982,314.796,1527.27,353.088,6.34586e+06,151.95,225.517,13150
2014-08-24,265.21,565.893,349.326,1884.55,391.812,6.34539e+06,168.615,196.031,13150
2014-08-31,294.281,627.911,387.629,2281.02,434.769,6.34486e+06,187.101,270.432,13150
2014-09-07,326.527,696.697,430.117,2720.95,482.418,6.34428e+06,207.606,278.033,13150
2014-09-14,362.29,772.983,477.244,3209.09,535.267,6.34363e+06,230.35,205.72,13150
2014-09-21,401.952,857.578,529.51,3750.7,593.879,6.34291e+06,255.573,379.195,13150
2014-09-28,445.931,951.378,587.472,4351.61,658.876,6.34211e+06,283.544,190.652,13150
2014-07-13,95.011,205.102,129.24,136.306,140.076,6.34788e+06,87.3974,78.7482,13200
2014-07-20,107.344,231.067,141.355,281.464,157.273,6.34769e+06,98.127,99.6353,13200
2014-07-27,120.565,258.886,157.707,442.238,177.126,6.34747e+06,110.514,69.8619,13200
2014-08-03,135.112,289.954,176.574,622.031,198.66,6.34723e+06,123.95,109.354,13200
2014-08-10,151.346,324.76,197.78,823.39,222.565,6.34695e+06,138.865,90.0291,13200
2014-08-17,169.517,363.744,221.532,1048.93,249.294,6.34665e+06,155.542,125.974,13200
2014-08-24,189.866,407.401,248.129,1301.56,279.222,6.3463e+06,174.215,191.494,13200
2014-08-31,212.651,456.285,277.913,1584.51,312.734,6.34592e+06,195.124,206.788,13200
2014-09-07,238.164,511.019,311.263,1901.42,350.26,6.34549e+06,218.538,272.208,13200
2014-09-14,266.729,572.299,348.605,2256.35,392.277,6.34501e+06,244.753,242.504,13200
2014-09-21,298.71,640.903,390.414,2653.86,439.318,6.34447e+06,274.104,293.088,13200
2014-09-28,334.512,717.7,437.221,3099.04,491.982,6.34386e+06,306.962,369.02,13200
2014-07-13,67.2614,146.667,90.7296,95.4008,98.4258,6.34805e+06,82.0265,52.3559,13250
2014-07-20,77.2572,167.886,100.5,197.923,112.292,6.34791e+06,93.5828,82.1776,13250
2014-07-27,88.1399,191.013,113.827,313.102,128.507,6.34774e+06,107.096,72.3691,13250
2014-08-03,100.309,217.251,129.418,443.891,146.38,6.34756e+06,121.99,212.051,13250
2014-08-10,114.105,247.105,147.209,592.638,166.538,6.34735e+06,138.79,122.836,13250
2014-08-17,129.787,281.063,167.445,761.834,189.432,6.34711e+06,157.87,90.4831,13250
2014-08-24,147.623,319.683,190.459,954.286,215.466,6.34684e+06,179.566,145.126,13250
2014-08-31,167.905,363.601,216.631,1173.19,245.073,6.34653e+06,204.24,143.975,13250
2014-09-07,190.971,413.543,246.395,1422.17,278.742,6.34618e+06,232.299,247.792,13250
2014-09-14,217.198,470.331,280.24,1705.35,317.028,6.34578e+06,264.206,334.507,13250
2014-09-21,247.021,534.899,318.726,2027.42,360.563,6.34532e+06,300.488,510.499,13250
2014-09-28,280.928,608.309,362.487,2393.73,410.063,6.3448e+06,341.74,367.584,13250
2014-07-13,76.1931,164.168,103.805,109.542,112.489,6.348e+06,95.3886,89.6658,13300
2014-07-20,85.8169,184.399,113.268,226.002,125.922,6.34784e+06,106.779,104.45,13300
2014-07-27,96.1045,206.005,126.016,354.647,141.393,6.34767e+06,119.898,123.878,13300
2014-08-03,107.391,230.066,140.686,498.1,158.123,6.34747e+06,134.085,131.782,13300
2014-08-10,119.949,256.944,157.129,658.298,176.641,6.34726e+06,149.788,138.856,13300
2014-08-17,133.966,286.965,175.494,837.221,197.288,6.34702e+06,167.296,164.106,13300
2014-08-24,149.617,320.488,196.001,1037.05,220.34,6.34675e+06,186.844,176.706,13300
2014-08-31,167.094,357.92,218.9,1260.24,246.081,6.34645e+06,208.671,204.419,13300
2014-09-07,186.608,399.715,244.47,1509.49,274.823,6.34611e+06,233.044,254.484,13300
2014-09-14,208.397,446.378,273.019,1787.86,306.915,6.34573e+06,260.257,222.726,13300
2014-09-21,232.722,498.474,304.895,2098.73,342.745,6.34532e+06,290.641,316.523,13300
2014-09-28,259.879,556.632,340.483,2445.88,382.747,6.34485e+06,324.561,337.374,13300
2014-07-13,91.2459,196.082,124.584,131.572,134.975,6.34791e+06,93.2399,87.2803,13350
2014-07-20,102.329,219.33,135.495,271.126,150.464,6.34772e+06,103.94,106.684,13350
2014-07-27,114.128,244.048,150.155,424.712,168.245,6.34752e+06,116.223,98.3327,13350
2014-08-03,127.018,271.458,166.964,595.296,187.394,6.34729e+06,129.45,134.066,13350
2014-08-10,141.302,301.955,185.73,785.029,208.499,6.34704e+06,144.03,79.3289,13350
2014-08-17,157.18,335.879,206.606,996.088,231.935,6.34675e+06,160.219,214.046,13350
2014-08-24,174.839,373.608,229.822,1230.87,257.994,6.34644e+06,178.221,159.081,13350
2014-08-31,194.476,415.566,255.64,1492.02,286.975,6.34609e+06,198.241,186.103,13350
2014-09-07,216.314,462.223,284.352,1782.51,319.203,6.3457e+06,220.504,240.57,13350
2014-09-14,240.597,514.102,316.281,2105.63,355.042,6.34527e+06,245.261,270.134,13350
2014-09-21,267.598,571.784,351.784,2465.02,394.892,6.34479e+06,272.789,108.255,13350
2014-09-28,297.618,635.915,391.26,2864.74,439.201,6.34426e+06,303.397,263.988,13350
2014-07-13,103.385,224.455,139.966,147.366,151.778,6.34783e+06,80.8752,86.848,13400
2014-07-20,117.901,255.16,154.185,305.108,171.961,6.34762e+06,91.6299,102.225,13400
2014-07-27,133.599,288.376,173.493,481.23,195.431,6.34737e+06,104.135,122.597,13400
2014-08-03,151.03,325.804,195.944,679.898,221.119,6.3471e+06,117.823,101.405,13400
2014-08-10,170.655,368.1,221.394,904.34,249.891,6.34679e+06,133.155,125.756,13400
2014-08-17,192.813,415.887,250.148,1157.93,282.348,6.34643e+06,150.449,153.867,13400
2014-08-24,217.843,469.867,282.628,1444.46,319.004,6.34604e+06,169.982,186.952,13400
2014-08-31,246.114,530.836,319.315,1768.18,360.41,6.34559e+06,192.045,209.291,13400
2014-09-07,278.046,599.694,360.753,2133.92,407.176,6.34508e+06,216.964,169.195,13400
2014-09-14,314.108,677.457,407.555,2547.11,459.995,6.3445e+06,245.109,259.755,13400
2014-09-21,354.831,765.267,460.41,3013.9,519.644,6.34386e+06,276.893,170.982,13400
2014-09-28,400.815,864.414,520.097,3541.22,587.001,6.34312e+06,312.784,259.986,13400
2014-07-13,91.5453,199.08,123.766,130.245,134.231,6.34791e+06,88.8257,71.9663,13450
2014-07-20,104.684,226.908,136.625,269.869,152.483,6.34771e+06,100.904,97.1369,13450
2014-07-27,118.928,257.098,154.116,426.129,173.751,6.34749e+06,114.977,105.892,13450
2014-08-03,134.787,291.203,174.501,602.836,197.092,6.34725e+06,130.423,127.529,13450
2014-08-10,152.688,329.844,197.667,802.975,223.305,6.34697e+06,147.769,163.735,13450
2014-08-17,172.953,373.614,223.907,1029.68,252.949,6.34665e+06,167.386,190.472,13450
2014-08-24,195.902,423.183,253.624,1286.48,286.517,6.34629e+06,189.598,174.988,13450
2014-08-31,221.89,479.315,287.276,1577.36,324.531,6.34588e+06,214.753,146.298,13450
2014-09-07,251.319,542.874,325.385,1906.83,367.578,6.34542e+06,243.239,314.931,13450
2014-09-14,284.64,614.838,368.537,2280,416.321,6.3449e+06,275.494,303.941,13450
2014-09-21,322.367,696.312,417.396,2702.65,471.51,6.34431e+06,312.015,302.562,13450
2014-09-28,365.078,788.545,472.715,3181.32,533.993,6.34364e+06,353.362,403.28,13450
2014-07-13,114.329,252.195,152.722,160.014,165.853,6.34777e+06,86.8506,102.666,13500
2014-07-20,133.848,294.024,171.691,333.814,192.769,6.34752e+06,100.946,89.375,13500
2014-07-27,155.482,340.519,197.883,532.334,224.712,6.34722e+06,117.673,130.888,13500
2014-08-03,180.125,394.23,229.019,761.779,260.58,6.34688e+06,136.455,110.632,13500
2014-08-10,208.567,456.43,265.171,1027.41,301.779,6.34649e+06,158.03,207.205,13500
2014-08-17,241.478,528.44,307.025,1334.96,349.411,6.34604e+06,182.973,227.971,13500
2014-08-24,279.572,611.791,355.471,1691.06,404.54,6.34551e+06,211.841,241.352,13500
2014-08-31,323.663,708.257,411.546,2103.33,468.348,6.3449e+06,245.255,175.693,13500
2014-09-07,374.69,819.892,476.445,2580.63,542.198,6.3442e+06,283.927,341.466,13500
2014-09-14,433.737,949.065,551.552,3133.18,627.66,6.34338e+06,328.681,385.675,13500
2014-09-21,502.057,1098.51,638.462,3772.82,726.549,6.34244e+06,380.465,459.187,13500
2014-09-28,581.096,1271.39,739.018,4513.22,840.961,6.34135e+06,440.378,218.117,13500
2014-07-13,152.397,328.265,207.676,219.172,225.043,6.34754e+06,77.6534,38.5087,13550
2014-07-20,171.565,368.546,226.524,452.124,251.8,6.34723e+06,86.8863,128.629,13550
2014-07-27,192.042,411.538,251.908,709.344,282.604,6.34689e+06,97.5155,75.3591,13550
2014-08-03,214.493,459.383,281.105,996.044,315.897,6.3465e+06,109.003,172.437,13550
2014-08-10,239.46,512.799,313.811,1316.06,352.723,6.34607e+06,121.711,78.6461,13550
2014-08-17,267.308,572.42,350.319,1673.31,393.757,6.34559e+06,135.87,74.8774,13550
2014-08-24,298.384,638.952,391.058,2072.11,439.541,6.34505e+06,151.668,170.623,13550
2014-08-31,333.059,713.187,436.517,2517.28,490.63,6.34445e+06,169.297,55.1922,13550
2014-09-07,371.747,796.008,487.241,3014.19,547.634,6.34378e+06,188.967,251.426,13550
2014-09-14,414.909,888.401,543.834,3568.83,611.232,6.34303e+06,210.912,192.068,13550
2014-09-21,463.056,991.458,606.97,4187.87,682.18,6.3422e+06,235.393,311.694,13550
2014-09-28,516.758,1106.4,677.397,4878.77,761.318,6.34127e+06,262.701,222.043,13550
2014-07-13,107.897,236.244,145.04,152.316,157.403,6.34781e+06,81.875,60.4498,13600
2014-07-20,124.774,272.19,161.503,316.619,180.766,6.34757e+06,94.0279,110.949,13600
2014-07-27,143.265,311.642,184.056,502.295,208.228,6.34731e+06,108.312,104.967,13600
2014-08-03,164.077,356.688,210.589,714.459,238.698,6.347e+06,124.161,107.284,13600
2014-08-10,187.82,408.26,241.052,957.281,273.285,6.34666e+06,142.152,137.911,13600
2014-08-17,214.98,467.286,275.919,1235.23,312.814,6.34626e+06,162.714,159.763,13600
2014-08-24,246.059,534.832,315.817,1553.37,358.043,6.3458e+06,186.241,192.447,13600
2014-08-31,281.623,612.118,361.473,1917.52,409.798,6.34528e+06,213.162,137.949,13600
2014-09-07,322.313,700.542,413.714,2334.29,469.018,6.34468e+06,243.965,220.859,13600
2014-09-14,368.865,801.7,473.485,2811.29,536.771,6.34399e+06,279.208,374.404,13600
2014-09-21,422.119,917.412,541.865,3357.19,614.282,6.34321e+06,319.526,426.703,13600
2014-09-28,483.032,1049.76,620.088,3981.92,702.946,6.34232e+06,365.646,301.648,13600
2014-07-13,74.1601,161.102,100.351,105.638,108.826,6.34801e+06,86.8004,68.0594,13650
2014-07-20,84.6558,183.314,110.629,218.774,123.414,6.34785e+06,98.4361,122.632,13650
2014-07-27,96.0167,207.368,124.594,345.199,140.391,6.34768e+06,111.977,97.7138,13650
2014-08-03,108.644,234.498,140.845,487.939,158.991,6.34748e+06,126.813,117.126,13650
2014-08-10,122.875,265.187,159.286,649.344,179.846,6.34725e+06,143.447,115.724,13650
2014-08-17,138.96,299.895,180.141,831.883,203.394,6.347e+06,162.228,82.822,13650
2014-08-24,157.146,339.141,203.721,1038.32,230.015,6.34671e+06,183.462,179.985,13650
2014-08-31,177.709,383.513,230.383,1271.77,260.116,6.34639e+06,207.471,194.873,13650
2014-09-07,200.958,433.679,260.528,1535.78,294.149,6.34602e+06,234.616,281.768,13650
2014-09-14,227.242,490.393,294.61,1834.32,332.627,6.3456e+06,265.306,291.234,13650
2014-09-21,256.956,554.505,333.141,2171.92,376.126,6.34513e+06,300.002,334.535,13650
2014-09-28,290.545,626.975,376.699,2553.66,425.3,6.3446e+06,339.223,227.883,13650
2014-07-13,91.7755,198.764,124.502,131.181,134.98,6.3479e+06,83.8658,123.694,13700
2014-07-20,104.243,225.083,136.729,271.29,152.336,6.34771e+06,94.6494,139.283,13700
2014-07-27,117.675,253.436,153.29,427.185,172.455,6.3475e+06,107.15,99.788,13700
2014-08-03,132.532,285.264,172.482,602.384,194.392,6.34726e+06,120.78,106.911,13700
2014-08-10,149.196,321.098,194.159,799.576,218.868,6.34699e+06,135.987,134.713,13700
2014-08-17,167.941,361.435,218.559,1021.55,246.375,6.34668e+06,153.078,123.138,13700
2014-08-24,189.037,406.831,246.019,1271.42,277.327,6.34634e+06,172.309,229.131,13700
2014-08-31,212.778,457.917,276.922,1552.67,312.159,6.34595e+06,193.951,215.352,13700
2014-09-07,239.493,515.401,311.699,1869.26,351.358,6.34551e+06,218.306,191.856,13700
2014-09-14,269.554,580.081,350.832,2225.59,395.466,6.34502e+06,245.711,153.251,13700
2014-09-21,303.376,652.852,394.864,2626.65,445.096,6.34447e+06,276.547,247.492,13700
2014-09-28,341.429,734.719,444.407,3078.04,500.934,6.34385e+06,311.241,269.595,13700
2014-07-13,71.0425,156.674,94.9179,99.4573,103.077,6.34803e+06,80.7104,80.966,13750
2014-07-20,83.1399,182.594,106.676,207.46,119.76,6.34787e+06,93.774,67.5448,13750
2014-07-27,96.5437,211.396,122.907,330.783,139.555,6.34769e+06,109.273,113.844,13750
2014-08-03,111.807,244.66,142.197,473.268,161.774,6.34748e+06,126.671,117.001,13750
2014-08-10,129.42,283.17,164.588,638.166,187.289,6.34723e+06,146.65,168.651,13750
2014-08-17,149.795,327.744,190.505,829.03,216.781,6.34695e+06,169.742,169.051,13750
2014-08-24,173.373,379.328,220.496,1049.95,250.906,6.34663e+06,196.463,203.649,13750
2014-08-31,200.658,439.019,255.202,1305.64,290.397,6.34625e+06,227.384,210.446,13750
2014-09-07,232.23,508.086,295.363,1601.57,336.094,6.34581e+06,263.166,292.593,13750
2014-09-14,268.761,587.997,341.834,1944.07,388.969,6.34531e+06,304.568,328.083,13750
2014-09-21,311.025,680.447,395.603,2340.44,450.146,6.34472e+06,352.47,352.227,13750
2014-09-28,359.92,787.394,457.81,2799.16,520.923,6.34405e+06,407.89,376.575,13750
2014-07-13,99.9199,215.512,136.015,143.488,147.407,6.34786e+06,86.9658,83.9319,13800
2014-07-20,112.73,242.463,148.604,296.177,165.277,6.34765e+06,97.5087,98.4017,13800
2014-07-27,126.444,271.295,165.581,465.085,185.886,6.34742e+06,109.667,94.1086,13800
2014-08-03,141.513,303.451,185.145,653.729,208.208,6.34717e+06,122.836,138.197,13800
2014-08-10,158.307,339.428,207.106,864.72,232.953,6.34688e+06,137.435,135.463,13800
2014-08-17,177.08,379.67,231.672,1100.74,260.585,6.34656e+06,153.737,173.761,13800
2014-08-24,198.073,424.675,259.144,1364.75,291.482,6.3462e+06,171.965,175.58,13800
2014-08-31,221.55,475.002,289.865,1660.06,326.033,6.3458e+06,192.35,218.691,13800
2014-09-07,247.802,531.276,324.22,1990.38,364.671,6.34536e+06,215.145,199.115,13800
2014-09-14,277.155,594.195,362.635,2359.84,407.875,6.34486e+06,240.634,158.102,13800
2014-09-21,309.973,664.539,405.588,2773.07,456.181,6.3443e+06,269.133,278.819,13800
2014-09-28,346.664,743.179,453.611,3235.23,510.188,6.34367e+06,300.995,275.364,13800
2014-07-13,83.75,183.533,112.499,118.11,122.097,6.34795e+06,78.2665,109.483,13850
2014-07-20,96.9892,211.751,125.407,245.618,140.416,6.34777e+06,90.0093,106.817,13850
2014-07-27,111.514,242.769,143.107,389.891,161.973,6.34756e+06,103.828,107.392,13850
2014-08-03,127.886,278.235,163.957,554.966,185.925,6.34732e+06,119.181,140.192,13850
2014-08-10,146.59,318.895,187.927,744.149,213.153,6.34705e+06,136.635,135.246,13850
2014-08-17,168.016,365.498,215.401,960.99,244.315,6.34674e+06,156.611,174.643,13850
2014-08-24,192.569,418.903,246.884,1209.53,280.021,6.34638e+06,179.499,113.099,13850
2014-08-31,220.703,480.098,282.961,1494.39,320.937,6.34597e+06,205.727,196.12,13850
2014-09-07,252.94,550.212,324.3,1820.87,367.821,6.3455e+06,235.78,127.967,13850
2014-09-14,289.876,630.542,371.666,2195.04,421.539,6.34496e+06,270.215,245.409,13850
2014-09-21,332.191,722.568,425.935,2623.86,483.084,6.34435e+06,309.666,383.063,13850
2014-09-28,380.665,827.981,488.107,3115.28,553.59,6.34364e+06,354.862,284.526,13850
2014-07-13,107.921,234.135,146.195,153.958,158.523,6.34781e+06,92.5857,82.3379,13900
2014-07-20,122.929,265.862,160.901,318.648,179.397,6.34758e+06,104.778,81.2893,13900
2014-07-27,139.141,300.141,180.855,502.342,203.648,6.34733e+06,118.941,144.292,13900
2014-08-03,157.122,338.722,204.034,709.325,230.162,6.34704e+06,134.427,147.08,13900
2014-08-10,177.342,382.274,230.281,942.902,259.824,6.34672e+06,151.751,151.11,13900
2014-08-17,200.149,431.425,259.904,1206.53,293.247,6.34635e+06,171.272,152.088,13900
2014-08-24,225.881,486.883,293.326,1504.06,330.954,6.34594e+06,193.295,211.131,13900
2014-08-31,254.914,549.453,331.037,1839.85,373.497,6.34547e+06,218.143,210.001,13900
2014-09-07,287.668,620.04,373.583,2218.8,421.497,6.34495e+06,246.177,240.513,13900
2014-09-14,324.619,699.665,421.583,2646.44,475.647,6.34436e+06,277.803,234.123,13900
2014-09-21,366.299,789.478,475.73,3129.03,536.73,6.34369e+06,313.479,324.536,13900
2014-09-28,413.31,890.772,536.807,3673.58,605.63,6.34294e+06,353.72,403.772,13900
2014-07-13,116.502,252.569,157.914,166.335,171.219,6.34776e+06,88.6149,103.813,13950
2014-07-20,132.546,286.465,173.641,344.151,193.543,6.34751e+06,100.169,126.871,13950
2014-07-27,149.858,323.043,194.965,542.282,219.454,6.34724e+06,113.579,70.3064,13950
2014-08-03,169.035,364.165,219.709,765.286,247.748,6.34693e+06,128.223,124.696,13950
2014-08-10,190.578,410.531,247.697,1016.66,279.367,6.34658e+06,144.587,148.956,13950
2014-08-17,214.847,462.8,279.249,1300.07,314.954,6.34619e+06,163.005,152.215,13950
2014-08-24,242.199,521.71,314.809,1619.56,355.056,6.34575e+06,183.76,205.961,13950
2014-08-31,273.025,588.097,354.886,1979.74,400.252,6.34525e+06,207.152,166.705,13950
2014-09-07,307.762,662.906,400.051,2385.76,451.185,6.34469e+06,233.512,260.512,13950
2014-09-14,346.904,747.198,450.947,2843.44,508.58,6.34406e+06,263.217,234.24,13950
2014-09-21,391.007,842.164,508.295,3359.34,573.249,6.34335e+06,296.687,177.072,13950
2014-09-28,440.692,949.145,572.909,3940.84,646.109,6.34255e+06,334.396,354.916,13950
2014-07-13,72.2768,159.039,96.7512,101.449,105.046,6.34802e+06,74.7326,49.3596,14000
2014-07-20,84.2708,184.691,108.422,211.385,121.606,6.34786e+06,86.5142,108.217,14000
2014-07-27,97.5136,213.084,124.494,336.51,141.197,6.34768e+06,100.452,67.4995,14000
2014-08-03,112.54,245.761,143.535,480.579,163.11,6.34747e+06,116.041,128.649,14000
2014-08-10,129.817,283.461,165.562,646.733,188.182,6.34722e+06,133.878,131.828,14000
2014-08-17,149.734,326.946,190.969,838.387,217.061,6.34694e+06,154.423,186.671,14000
2014-08-24,172.704,377.095,220.269,1059.45,250.361,6.34662e+06,178.114,186.689,14000
2014-08-31,199.192,434.925,254.058,1314.42,288.763,6.34625e+06,205.435,217.776,14000
2014-09-07,229.736,501.607,293.022,1608.51,333.047,6.34582e+06,236.94,298.577,14000
2014-09-14,264.956,578.493,337.952,1947.69,384.111,6.34532e+06,273.268,256.415,14000
2014-09-21,305.562,667.135,389.757,2338.87,442.987,6.34475e+06,315.154,388.271,14000
2014-09-28,352.376,769.323,449.486,2790.01,510.867,6.34409e+06,363.446,302.777,14000
2014-07-13,75.8663,166.778,101.639,106.606,110.343,6.348e+06,67.3713,32.9979,14050
2014-07-20,88.3158,193.382,113.758,222.027,127.541,6.34783e+06,77.8718,92.9669,14050
2014-07-27,102.041,222.782,130.432,353.214,147.861,6.34764e+06,90.2784,58.5662,14050
2014-08-03,117.59,256.566,150.158,504.04,170.553,6.34742e+06,104.133,104.823,14050
2014-08-10,135.442,295.485,172.946,677.73,196.478,6.34717e+06,119.962,122.446,14050
2014-08-17,155.991,340.309,199.191,877.779,226.294,6.34688e+06,138.167,68.6351,14050
2014-08-24,179.653,391.926,229.411,1108.18,260.624,6.34654e+06,159.128,121.837,14050
2014-08-31,206.9,451.36,264.21,1373.54,300.155,6.34615e+06,183.264,231.011,14050
2014-09-07,238.272,519.789,304.28,1679.14,345.672,6.34571e+06,211.055,151.661,14050
2014-09-14,274.392,598.571,350.415,2031.09,398.079,6.3452e+06,243.053,193.302,14050
2014-09-21,315.974,689.263,403.53,2436.39,458.415,6.3446e+06,279.892,220.437,14050
2014-09-28,363.841,793.657,464.678,2903.11,527.872,6.34392e+06,322.3,434.337,14050
2014-07-13,98.6852,212.742,134.39,141.795,145.64,6.34786e+06,91.8294,98.3326,14100
2014-07-20,111.246,239.157,146.736,292.615,163.166,6.34766e+06,102.88,86.2107,14100
2014-07-27,124.682,267.392,163.379,459.338,183.365,6.34744e+06,115.616,134.973,14100
2014-08-03,139.435,298.858,182.543,645.4,205.227,6.34718e+06,129.401,121.308,14100
2014-08-10,155.864,334.035,204.04,853.346,229.443,6.3469e+06,144.669,118.767,14100
2014-08-17,174.214,373.354,228.068,1085.78,256.463,6.34659e+06,161.706,140.439,14100
2014-08-24,194.719,417.293,254.919,1345.58,286.652,6.34624e+06,180.742,183.176,14100
2014-08-31,217.632,466.39,284.922,1635.97,320.388,6.34585e+06,202.013,207.296,14100
2014-09-07,243.235,521.247,318.448,1960.53,358.084,6.34541e+06,225.781,252.554,14100
2014-09-14,271.841,582.536,355.909,2323.27,400.203,6.34492e+06,252.338,214.889,14100
2014-09-21,303.799,651.006,397.763,2728.67,447.261,6.34437e+06,282.009,235.809,14100
2014-09-28,339.501,727.493,444.522,3181.75,499.833,6.34376e+06,315.157,356.839,14100
2014-07-13,87.2334,191.811,116.844,122.545,126.853,6.34793e+06,67.7502,78.2057,14150
2014-07-20,101.587,222.491,130.816,255.253,146.679,6.34774e+06,78.3393,52.6987,14150
2014-07-27,117.418,256.407,150.043,406.138,170.112,6.34752e+06,90.8541,61.604,14150
2014-08-03,135.358,295.394,172.797,579.673,196.289,6.34727e+06,104.835,89.3605,14150
2014-08-10,155.962,340.323,199.09,779.586,226.206,6.34698e+06,120.813,124.08,14150
2014-08-17,179.687,392.086,229.383,1009.92,260.626,6.34664e+06,139.196,177.924,14150
2014-08-24,207.016,451.711,264.277,1275.29,300.268,6.34625e+06,160.369,101.281,14150
2014-08-31,238.494,520.388,304.47,1581.03,345.931,6.34581e+06,184.757,151.363,14150
2014-09-07,274.75,599.483,350.764,1933.26,398.526,6.34529e+06,212.847,192.207,14150
2014-09-14,316.504,690.57,404.083,2339.04,459.1,6.3447e+06,245.198,172.669,14150
2014-09-21,364.587,795.457,465.488,2806.5,528.858,6.34402e+06,282.455,305.849,14150
2014-09-28,419.952,916.223,536.199,3344.97,609.186,6.34323e+06,325.357,453.735,14150
2014-07-13,109.37,237.575,148.003,155.804,160.502,6.3478e+06,87.5426,82.65,14200
2014-07-20,124.835,270.3,163.148,322.657,181.998,6.34757e+06,99.2673,97.0594,14200
2014-07-27,141.572,305.733,183.724,509.092,207.011,6.34731e+06,112.91,112.598,14200
2014-08-03,160.172,345.69,207.665,719.562,234.411,6.34702e+06,127.855,135.229,14200
2014-08-10,181.13,390.881,234.826,957.527,265.126,6.34669e+06,144.608,133.944,14200
2014-08-17,204.813,441.98,265.538,1226.62,299.801,6.34631e+06,163.521,178.302,14200
2014-08-24,231.585,499.745,300.257,1530.89,338.995,6.34589e+06,184.898,173.272,14200
2014-08-31,261.849,565.041,339.503,1874.95,383.301,6.34541e+06,209.064,175.3,14200
2014-09-07,296.057,638.844,383.868,2263.97,433.384,6.34487e+06,236.38,253.292,14200
2014-09-14,334.72,722.254,434.013,2703.81,489.991,6.34426e+06,267.256,262.259,14200
2014-09-21,378.415,816.515,490.688,3201.11,553.968,6.34356e+06,302.151,269.243,14200
2014-09-28,427.792,923.025,554.737,3763.32,626.268,6.34278e+06,341.585,372.933,14200
2014-07-13,140.83,311.402,187.735,196.55,203.922,6.34761e+06,77.7103,92.9961,14250
2014-07-20,165.534,364.447,211.715,410.517,237.946,6.3473e+06,90.6761,103.992,14250
2014-07-27,193.017,423.65,244.909,655.772,278.449,6.34693e+06,106.111,143.7,14250
2014-08-03,224.443,492.301,284.501,940.285,324.105,6.34651e+06,123.509,69.536,14250
2014-08-10,260.85,572.092,330.639,1270.89,376.746,6.34602e+06,143.57,178.624,14250
2014-08-17,303.133,664.807,384.251,1655.11,437.832,6.34544e+06,166.848,183.607,14250
2014-08-24,352.254,772.512,446.534,2101.62,508.791,6.34478e+06,193.889,210.785,14250
2014-08-31,409.313,897.617,518.887,2620.49,591.222,6.344e+06,225.302,149.259,14250
2014-09-07,475.586,1042.91,602.93,3223.42,686.97,6.34311e+06,261.789,318.768,14250
2014-09-14,552.55,1211.63,700.542,3923.98,798.171,6.34206e+06,304.165,278.08,14250
2014-09-21,641.917,1407.53,813.896,4737.92,927.301,6.34085e+06,353.374,450.761,14250
2014-09-28,745.667,1634.92,945.513,5683.53,1077.23,6.33944e+06,410.508,430.372,14250
2014-07-13,82.2265,180.012,110.546,116.097,119.967,6.34796e+06,81.1056,69.3401,14300
2014-07-20,95.0661,207.356,123.072,241.314,137.742,6.34778e+06,93.1229,70.7122,14300
2014-07-27,109.13,237.361,140.228,382.79,158.633,6.34758e+06,107.246,127.525,14300
2014-08-03,124.958,271.614,160.408,544.416,181.806,6.34735e+06,122.913,140.548,14300
2014-08-10,143.011,310.823,183.574,729.357,208.107,6.34708e+06,140.694,151.689,14300
2014-08-17,163.659,355.693,210.085,941.007,238.161,6.34678e+06,161.012,167.684,14300
2014-08-24,187.284,407.033,240.417,1183.22,272.543,6.34643e+06,184.257,203.778,14300
2014-08-31,214.313,465.77,275.121,1460.4,311.882,6.34603e+06,210.852,250.531,14300
2014-09-07,245.236,532.965,314.825,1777.58,356.888,6.34558e+06,241.28,230.95,14300
2014-09-14,280.611,609.831,360.248,2140.53,408.376,6.34506e+06,276.089,335.584,14300
2014-09-21,321.076,697.752,412.21,2555.84,467.274,6.34446e+06,315.908,338.572,14300
2014-09-28,367.359,798.31,471.647,3031.05,534.644,6.34378e+06,361.454,320.184,14300
2014-07-13,84.652,183.106,114.958,121.171,124.619,6.34795e+06,85.301,40.9988,14350
2014-07-20,95.9538,206.939,126.049,250.443,140.362,6.34777e+06,96.0772,74.6382,14350
2014-07-27,108.107,232.562,141.052,394.024,158.584,6.34757e+06,108.55,120.173,14350
2014-08-03,121.522,261.267,158.408,555.079,178.411,6.34735e+06,122.121,90.642,14350
2014-08-10,136.54,293.525,177.974,736.003,200.491,6.34711e+06,137.235,196.386,14350
2014-08-17,153.402,329.767,199.958,939.276,225.257,6.34683e+06,154.187,209.557,14350
2014-08-24,172.342,370.478,224.651,1167.65,253.071,6.34651e+06,173.226,86.5441,14350
2014-08-31,193.616,416.204,252.387,1424.23,284.314,6.34616e+06,194.611,230.634,14350
2014-09-07,217.511,467.561,283.541,1712.48,319.406,6.34577e+06,218.631,180.212,14350
2014-09-14,244.347,525.239,318.532,2036.31,358.819,6.34533e+06,245.61,380.647,14350
2014-09-21,274.485,590.01,357.829,2400.1,403.083,6.34483e+06,275.908,457.117,14350
2014-09-28,308.329,662.743,401.962,2808.76,452.792,6.34427e+06,309.933,289.138,14350
2014-07-13,110.552,241.075,149.119,156.794,161.769,6.34779e+06,84.354,81.8225,14400
2014-07-20,126.991,275.97,165.187,325.299,184.573,6.34756e+06,96.2452,102.831,14400
2014-07-27,144.888,314.004,187.104,514.62,211.238,6.34729e+06,110.15,114.358,14400
2014-08-03,164.9,357.154,212.743,729.611,240.63,6.34699e+06,125.476,124.267,14400
2014-08-10,187.587,406.246,242,974.135,273.781,6.34664e+06,142.763,105.221,14400
2014-08-17,213.376,462.086,275.279,1252.29,311.43,6.34625e+06,162.395,141.928,14400
2014-08-24,242.703,525.586,313.123,1568.68,354.239,6.3458e+06,184.717,187.103,14400
2014-08-31,276.051,597.791,356.157,1928.57,402.92,6.34529e+06,210.102,201.962,14400
2014-09-07,313.969,679.887,405.092,2337.91,458.274,6.34471e+06,238.966,257.267,14400
2014-09-14,357.08,773.221,460.731,2803.48,521.211,6.34406e+06,271.784,281.165,14400
2014-09-21,406.091,879.32,523.989,3332.98,592.763,6.34331e+06,309.095,311.56,14400
2014-09-28,461.801,999.916,595.901,3935.17,674.103,6.34246e+06,351.51,359.453,14400
2014-07-13,98.3014,214.525,132.509,139.297,143.76,6.34787e+06,80.823,72.7241,14450
2014-07-20,113.061,245.875,146.93,289.103,164.227,6.34766e+06,92.3293,96.1937,14450
2014-07-27,129.149,280.09,166.617,457.599,188.182,6.34742e+06,105.797,130.409,14450
2014-08-03,147.161,318.956,189.672,649.164,214.62,6.34715e+06,120.661,131.196,14450
2014-08-10,167.605,363.227,216.011,867.301,244.476,6.34684e+06,137.446,121.454,14450
2014-08-17,190.872,413.643,246.006,1115.73,278.424,6.34648e+06,156.532,173.357,14450
2014-08-24,217.364,471.046,280.157,1398.65,317.072,6.34608e+06,178.26,142.201,14450
2014-08-31,247.525,536.397,319.039,1720.84,361.073,6.34563e+06,202.998,195.151,14450
2014-09-07,281.861,610.792,363.306,2087.74,411.168,6.34511e+06,231.161,223.141,14450
2014-09-14,320.948,695.475,413.7,2505.54,468.196,6.34451e+06,263.223,326.748,14450
2014-09-21,365.439,791.861,471.065,2981.29,533.11,6.34384e+06,299.718,380.753,14450
2014-09-28,416.075,901.555,536.359,3522.99,606.995,6.34307e+06,341.257,347.82,14450
2014-07-13,69.3612,153.27,92.5148,96.8791,100.486,6.34804e+06,66.0556,66.0739,14500
2014-07-20,81.4401,179.193,104.243,202.277,117.126,6.34788e+06,76.9946,106.309,14500
2014-07-27,94.8649,208.097,120.467,322.974,136.921,6.3477e+06,90.0066,132.933,14500
2014-08-03,110.202,241.582,139.803,462.85,159.212,6.3475e+06,104.66,99.7685,14500
2014-08-10,127.954,280.469,162.316,625.228,184.891,6.34725e+06,121.54,145.651,14500
2014-08-17,148.554,325.618,188.453,813.754,214.664,6.34697e+06,141.112,150.705,14500
2014-08-24,172.467,378.027,218.793,1032.64,249.221,6.34665e+06,163.829,179.73,14500
2014-08-31,200.223,438.86,254.011,1286.75,289.334,6.34627e+06,190.198,160.233,14500
2014-09-07,232.441,509.466,294.89,1581.77,335.895,6.34583e+06,220.805,298.159,14500
2014-09-14,269.833,591.409,342.337,1924.26,389.935,6.34532e+06,256.329,221.371,14500
2014-09-21,313.227,686.502,397.404,2321.84,452.654,6.34473e+06,297.558,374.738,14500
2014-09-28,363.583,796.845,461.31,2783.37,525.438,6.34404e+06,345.403,371.632,14500
2014-07-13,92.562,202.579,124.472,130.734,135.076,6.3479e+06,78.2714,75.1097,14550
2014-07-20,106.963,233.242,138.524,271.7,155.017,6.3477e+06,89.8262,108.32,14550
2014-07-27,122.731,266.87,157.763,430.903,178.443,6.34747e+06,103.4,103.034,14550
2014-08-03,140.467,305.242,180.385,612.697,204.416,6.34721e+06,118.451,78.1413,14550
2014-08-10,160.686,349.144,206.341,820.622,233.88,6.34691e+06,135.524,113.02,14550
2014-08-17,183.802,399.361,236.031,1058.46,267.533,6.34657e+06,155.025,133.305,14550
2014-08-24,210.236,456.79,269.984,1330.53,306.014,6.34618e+06,177.323,140.891,14550
2014-08-31,240.465,522.461,308.812,1641.72,350.02,6.34574e+06,202.823,169.391,14550
2014-09-07,275.032,597.551,353.213,1997.66,400.342,6.34523e+06,231.982,218.631,14550
2014-09-14,314.555,683.405,403.984,2404.77,457.881,6.34464e+06,265.324,206.591,14550
2014-09-21,359.742,781.555,462.033,2870.39,523.669,6.34398e+06,303.445,283.602,14550
2014-09-28,411.398,893.753,528.4,3402.9,598.88,6.34321e+06,347.027,311.377,14550
2014-07-13,111.56,239.916,152.226,160.728,164.932,6.34779e+06,90.9279,66.4585,14600
2014-07-20,125.264,268.68,165.712,331.32,184.078,6.34756e+06,101.483,80.7477,14600
2014-07-27,139.87,299.299,183.846,519.263,206.077,6.34731e+06,113.611,118.376,14600
2014-08-03,155.845,333.292,204.659,728.243,229.794,6.34703e+06,126.686,107.99,14600
2014-08-10,173.567,371.155,227.921,960.946,255.965,6.34672e+06,141.115,177.75,14600
2014-08-17,193.289,413.32,253.826,1220.1,285.058,6.34637e+06,157.154,120.574,14600
2014-08-24,215.246,460.263,282.667,1508.7,317.444,6.34598e+06,175.008,132.774,14600
2014-08-31,239.69,512.523,314.775,1830.09,353.499,6.34555e+06,194.885,238.662,14600
2014-09-07,266.901,570.698,350.52,2187.98,393.637,6.34507e+06,217.014,273.036,14600
2014-09-14,297.192,635.451,390.312,2586.51,438.318,6.34454e+06,241.647,245.222,14600
2014-09-21,330.906,707.522,434.605,3030.27,488.053,6.34395e+06,269.066,343.515,14600
2014-09-28,368.43,787.731,483.904,3524.38,543.408,6.34329e+06,299.583,276.311,14600
2014-07-13,95.5058,209.481,128.193,134.551,139.142,6.34788e+06,83.8723,78.9724,14650
2014-07-20,110.766,242.032,143.066,279.926,160.248,6.34767e+06,96.5946,102.35,14650
2014-07-27,127.531,277.864,163.478,444.626,185.113,6.34744e+06,111.583,77.3499,14650
2014-08-03,146.455,318.892,187.552,633.332,212.779,6.34716e+06,128.26,97.3498,14650
2014-08-10,168.104,365.992,215.266,849.892,244.274,6.34685e+06,147.244,163.726,14650
2014-08-17,192.937,420.049,247.074,1098.45,280.368,6.34649e+06,169,157.48,14650
2014-08-24,221.432,482.077,283.572,1383.73,321.779,6.34608e+06,193.963,154.704,14650
2014-08-31,254.127,553.247,325.45,1711.15,369.297,6.34561e+06,222.606,240.914,14650
2014-09-07,291.64,634.899,373.502,2086.92,423.818,6.34506e+06,255.47,211.351,14650
2014-09-14,334.675,728.568,428.632,2518.16,486.368,6.34444e+06,293.174,329.409,14650
2014-09-21,384.043,836.013,491.877,3013.04,558.125,6.34373e+06,336.428,347.012,14650
2014-09-28,440.668,959.246,564.427,3580.92,640.436,6.3429e+06,386.043,392.231,14650
2014-07-13,83.5483,181.067,113.278,119.331,122.818,6.34795e+06,83.6087,69.9232,14700
2014-07-20,95.0027,205.261,124.508,246.859,138.759,6.34778e+06,94.4601,74.5086,14700
2014-07-27,107.356,231.356,139.729,388.891,157.253,6.34758e+06,107.05,118.962,14700
2014-08-03,121.035,260.679,157.384,548.675,177.439,6.34736e+06,120.792,162.719,14700
2014-08-10,136.394,293.728,177.346,728.7,199.987,6.34711e+06,136.142,145.536,14700
2014-08-17,153.69,330.968,199.84,931.56,225.354,6.34683e+06,153.41,170.84,14700
2014-08-24,173.175,372.924,225.181,1160.15,253.927,6.34652e+06,172.861,148.485,14700
2014-08-31,195.125,420.187,253.728,1417.72,286.117,6.34616e+06,194.774,226.801,14700
2014-09-07,219.853,473.428,285.888,1707.93,322.379,6.34576e+06,219.46,241.656,14700
2014-09-14,247.706,533.396,322.116,2034.93,363.227,6.34531e+06,247.267,221.701,14700
2014-09-21,279.079,600.94,362.922,2403.36,409.238,6.3448e+06,278.589,180.557,14700
2014-09-28,314.413,677.008,408.884,2818.46,461.06,6.34423e+06,313.867,357.5,14700
2014-07-13,89.3166,194.508,120.61,126.869,130.825,6.34792e+06,86.8157,72.765,14750
2014-07-20,102.373,222.195,133.38,263.049,148.95,6.34773e+06,98.8431,123.385,14750
2014-07-27,116.559,252.303,150.775,415.761,170.108,6.34751e+06,112.883,144.248,14750
2014-08-03,132.389,286.392,171.088,588.829,193.381,6.34727e+06,128.327,100.19,14750
2014-08-10,150.297,325.099,194.221,785.271,219.575,6.347e+06,145.71,152.642,14750
2014-08-17,170.614,369.038,220.482,1008.27,249.265,6.34668e+06,165.412,176.802,14750
2014-08-24,193.673,418.907,250.286,1261.43,282.956,6.34633e+06,187.769,213.74,14750
2014-08-31,219.841,475.502,284.111,1548.79,321.193,6.34592e+06,213.144,224.178,14750
2014-09-07,249.539,539.724,322.498,1874.99,364.587,6.34546e+06,241.94,190.76,14750
2014-09-14,283.238,612.598,366.06,2245.26,413.83,6.34494e+06,274.617,302.562,14750
2014-09-21,321.475,695.282,415.491,2665.54,469.706,6.34435e+06,311.697,340.845,14750
2014-09-28,364.858,789.087,471.579,3142.55,533.105,6.34368e+06,353.768,303.428,14750
2014-07-13,115.211,249.298,156.411,164.845,169.56,6.34776e+06,94.8752,86.4611,14800
2014-07-20,130.671,281.909,171.579,340.768,191.092,6.34753e+06,106.923,98.4961,14800
2014-07-27,147.304,316.988,192.105,536.266,216.023,6.34726e+06,120.873,126.722,14800
2014-08-03,165.674,356.307,215.861,755.676,243.167,6.34696e+06,136.061,145.414,14800
2014-08-10,186.249,400.514,242.657,1002.29,273.409,6.34662e+06,152.983,132.423,14800
2014-08-17,209.361,450.205,272.778,1279.52,307.347,6.34624e+06,171.972,150.161,14800
2014-08-24,235.334,506.047,306.626,1591.15,345.481,6.34581e+06,193.31,215.113,14800
2014-08-31,264.52,568.797,344.664,1941.44,388.334,6.34533e+06,217.288,195.503,14800
2014-09-07,297.316,639.303,387.408,2335.19,436.489,6.34479e+06,244.232,282.889,14800
2014-09-14,334.165,718.518,435.436,2777.76,490.596,6.34418e+06,274.507,219.42,14800
2014-09-21,375.563,807.509,489.398,3275.18,551.386,6.3435e+06,308.521,351.341,14800
2014-09-28,422.068,907.472,550.022,3834.24,619.679,6.34274e+06,346.734,407.524,14800
2014-07-13,104.12,225.236,141.385,149.021,153.267,6.34783e+06,89.5345,102.054,14850
2014-07-20,118.038,254.589,155.043,308.018,172.655,6.34761e+06,100.86,110.844,14850
2014-07-27,133.007,286.15,173.52,484.638,195.096,6.34737e+06,113.97,154.244,14850
2014-08-03,149.532,321.512,194.897,682.779,219.519,6.3471e+06,128.237,127.548,14850
2014-08-10,168.033,361.254,219,905.395,246.718,6.3468e+06,144.126,97.6597,14850
2014-08-17,188.807,405.908,246.083,1155.54,277.229,6.34645e+06,161.95,162.873,14850
2014-08-24,212.144,456.072,276.506,1436.62,311.5,6.34607e+06,181.97,233.445,14850
2014-08-31,238.359,512.42,310.681,1752.44,349.997,6.34564e+06,204.458,180.355,14850
2014-09-07,267.804,575.709,349.07,2107.29,393.239,6.34515e+06,229.72,247.18,14850
2014-09-14,300.876,646.79,392.19,2505.98,441.81,6.3446e+06,258.093,314.815,14850
2014-09-21,338.019,726.615,440.619,2953.91,496.36,6.34399e+06,289.96,347.765,14850
2014-09-28,379.729,816.253,495.007,3457.14,557.621,6.3433e+06,325.747,358.05,14850
2014-07-13,79.3289,171.911,107.563,113.313,116.622,6.34798e+06,83.9921,120.629,14900
2014-07-20,90.1947,194.86,118.216,234.403,131.743,6.34781e+06,94.8829,98.3425,14900
2014-07-27,101.912,219.61,132.654,369.251,149.286,6.34763e+06,107.517,118.763,14900
2014-08-03,114.886,247.419,149.401,520.938,168.432,6.34742e+06,121.307,116.655,14900
2014-08-10,129.451,278.758,168.333,691.822,189.816,6.34718e+06,136.708,132.372,14900
2014-08-17,145.851,314.069,189.664,884.361,213.871,6.34692e+06,154.032,164.227,14900
2014-08-24,164.326,353.847,213.692,1101.3,240.964,6.34662e+06,173.544,180.801,14900
2014-08-31,185.136,398.653,240.759,1345.71,271.483,6.34628e+06,195.525,137.982,14900
2014-09-07,208.577,449.121,271.249,1621.08,305.86,6.3459e+06,220.284,287.038,14900
2014-09-14,234.979,505.963,305.591,1931.32,344.582,6.34547e+06,248.171,239.518,14900
2014-09-21,264.715,569.979,344.271,2280.83,388.193,6.34499e+06,279.581,354.754,14900
2014-09-28,298.203,642.069,387.835,2674.58,437.31,6.34445e+06,314.955,268.07,14900
2014-07-13,100.495,217.713,136.297,143.596,147.771,6.34785e+06,84.6971,34.9264,14950
2014-07-20,114.203,246.657,149.739,297.006,166.851,6.34764e+06,95.6328,114.943,14950
2014-07-27,128.977,277.854,167.95,467.772,188.977,6.34741e+06,108.314,168.584,14950
2014-08-03,145.327,312.888,189.062,659.771,213.112,6.34714e+06,122.148,117.442,14950
2014-08-10,163.673,352.351,212.919,875.968,240.053,6.34685e+06,137.59,246.497,14950
2014-08-17,184.32,396.79,239.785,1119.45,270.344,6.34651e+06,154.951,125.837,14950
2014-08-24,207.566,446.825,270.032,1393.64,304.443,6.34613e+06,174.495,161.834,14950
2014-08-31,233.737,503.155,304.087,1702.42,342.833,6.34571e+06,196.499,130.177,14950
2014-09-07,263.199,566.566,342.426,2050.13,386.053,6.34523e+06,221.271,262.076,14950
2014-09-14,296.365,637.943,385.586,2441.68,434.707,6.34469e+06,249.158,162.765,14950
2014-09-21,333.696,718.282,434.17,2882.57,489.475,6.34408e+06,280.549,219.66,14950
2014-09-28,375.712,808.699,488.855,3379.01,551.118,6.3434e+06,315.88,334.574,14950
2014-07-13,143.986,313.32,194.56,204.705,211.024,6.34759e+06,86.0232,89.2248,15000
2014-07-20,164.822,357.474,214.948,424.277,239.961,6.34729e+06,97.8193,78.4198,15000
2014-07-27,187.433,405.423,242.696,670.234,273.705,6.34694e+06,111.575,116.517,15000
2014-08-03,212.629,459.64,275.06,948.642,310.773,6.34655e+06,126.686,109.638,15000
2014-08-10,241.096,521.119,311.873,1264.27,352.438,6.34611e+06,143.67,148.179,15000
2014-08-17,273.348,590.814,353.606,1622.13,399.6,6.34561e+06,162.896,238.812,15000
2014-08-24,309.903,669.807,400.908,2027.88,453.047,6.34504e+06,184.683,181.264,15000
2014-08-31,351.331,759.327,454.517,2487.89,513.621,6.3444e+06,209.376,179.176,15000
2014-09-07,398.277,860.765,515.273,3009.4,582.268,6.34367e+06,237.36,305.536,15000
2014-09-14,451.472,975.697,584.12,3600.61,660.055,6.34284e+06,269.07,212.475,15000
2014-09-21,511.74,1105.9,662.128,4270.79,748.19,6.3419e+06,304.998,374.902,15000
2014-09-28,580.011,1253.38,750.505,5030.45,848.037,6.34084e+06,345.7,213.266,15000
2014-07-13,98.0162,213.662,132.25,139.072,143.464,6.34787e+06,80.2809,65.9374,15050
2014-07-20,112.524,244.451,146.433,288.482,163.593,6.34766e+06,91.5454,98.96,15050
2014-07-27,128.311,277.988,165.772,456.263,187.121,6.34742e+06,104.711,98.7361,15050
2014-08-03,145.955,316.018,188.386,646.69,213.041,6.34715e+06,119.216,105.454,15050
2014-08-10,165.945,359.262,214.177,863.158,242.259,6.34685e+06,135.566,108.201,15050
2014-08-17,188.657,408.423,243.497,1109.26,275.424,6.3465e+06,154.125,172.361,15050
2014-08-24,214.471,464.301,276.823,1389.05,313.115,6.34611e+06,175.216,200.157,15050
2014-08-31,243.81,527.808,314.7,1707.13,355.954,6.34566e+06,199.189,174.849,15050
2014-09-07,277.154,599.978,357.748,2068.72,404.642,6.34515e+06,226.434,161.651,15050
2014-09-14,315.046,681.989,406.671,2479.77,459.972,6.34457e+06,257.396,323.26,15050
2014-09-21,358.102,775.172,462.266,2947.02,522.846,6.34391e+06,292.58,276.525,15050
2014-09-28,407.022,881.039,525.437,3478.14,594.287,6.34316e+06,332.558,306.805,15050
2014-07-13,100.569,221.947,134.286,140.678,145.839,6.34785e+06,76.9343,60.4353,15100
2014-07-20,117.831,258.955,151.059,293.543,169.637,6.34763e+06,89.4888,99.3903,15100
2014-07-27,136.978,300.125,174.229,468.27,197.898,6.34737e+06,104.397,94.0598,15100
2014-08-03,158.806,347.723,201.791,670.364,229.656,6.34707e+06,121.15,147.41,15100
2014-08-10,184.019,402.885,233.819,904.5,266.163,6.34672e+06,140.409,158.5,15100
2014-08-17,213.215,466.796,270.926,1175.8,308.403,6.34632e+06,162.692,174.54,15100
2014-08-24,247.036,540.831,313.91,1490.14,357.329,6.34586e+06,188.502,152.065,15100
2014-08-31,286.212,626.584,363.702,1854.35,414.003,6.34532e+06,218.399,159.667,15100
2014-09-07,331.586,725.899,421.375,2276.33,479.646,6.34469e+06,253.028,291.655,15100
2014-09-14,384.135,840.912,488.172,2765.2,555.673,6.34397e+06,293.134,460.607,15100
2014-09-21,444.987,974.088,565.53,3331.56,643.717,6.34313e+06,339.58,416.854,15100
2014-09-28,515.445,1128.27,655.107,3987.65,745.665,6.34216e+06,393.36,191.405,15100
2014-07-13,115.527,251.852,155.866,163.902,169.083,6.34776e+06,82.5397,89.3074,15150
2014-07-20,132.643,288.178,172.598,340.001,192.832,6.34752e+06,94.1326,107.4,15150
2014-07-27,151.27,327.752,195.416,537.774,220.591,6.34724e+06,107.683,115.573,15150
2014-08-03,172.09,372.629,222.099,762.267,251.175,6.34692e+06,122.613,131.661,15150
2014-08-10,195.68,423.665,252.533,1017.49,285.654,6.34656e+06,139.445,116.129,15150
2014-08-17,222.485,481.688,287.135,1307.68,324.795,6.34615e+06,158.552,211.036,15150
2014-08-24,252.953,547.642,326.466,1637.63,369.279,6.34569e+06,180.267,194.9,15150
2014-08-31,287.584,622.603,371.172,2012.77,419.843,6.34516e+06,204.95,188.783,15150
2014-09-07,326.942,707.794,421.984,2439.27,477.312,6.34455e+06,233.004,224.412,15150
2014-09-14,371.67,804.602,479.732,2924.14,542.624,6.34387e+06,264.887,212.608,15150
2014-09-21,422.495,914.599,545.357,3475.36,616.843,6.34309e+06,301.117,281.572,15150
2014-09-28,480.242,1039.57,619.926,4101.96,701.174,6.34221e+06,342.285,336.231,15150
2014-07-13,79.9331,177.07,106.39,111.322,115.583,6.34798e+06,76.6756,69.3533,15200
2014-07-20,94.2406,207.839,120.265,232.715,135.268,6.34779e+06,89.7344,59.1008,15200
2014-07-27,110.204,242.291,139.509,372.23,158.76,6.34759e+06,105.318,97.5148,15200
2014-08-03,128.514,282.36,162.525,534.536,185.321,6.34734e+06,122.938,154.655,15200
2014-08-10,149.79,329.071,189.423,723.677,216.039,6.34706e+06,143.316,206.423,15200
2014-08-17,174.574,383.511,220.771,944.12,251.792,6.34673e+06,167.034,126.055,15200
2014-08-24,203.453,446.946,257.298,1201.04,293.448,6.34634e+06,194.668,165.021,15200
2014-08-31,237.102,520.858,299.861,1500.47,341.987,6.34589e+06,226.868,209.103,15200
2014-09-07,276.307,606.968,349.452,1849.42,398.542,6.34537e+06,264.385,113.017,15200
2014-09-14,321.981,707.283,407.231,2256.07,464.432,6.34476e+06,308.095,50.7121,15200
2014-09-21,375.187,824.134,474.542,2729.95,541.19,6.34405e+06,359.015,56.9258,15200
2014-09-28,437.161,960.231,552.952,3282.14,630.602,6.34322e+06,418.33,161.065,15200
2014-07-13,127.791,273.985,174.812,184.742,189.353,6.34769e+06,98.905,107.638,15250
2014-07-20,142.776,305.359,189.581,380.294,210.321,6.34743e+06,109.857,93.6728,15250
2014-07-27,158.673,338.583,209.377,594.818,234.32,6.34715e+06,122.393,79.2574,15250
2014-08-03,175.976,375.293,232.004,832.261,260.07,6.34683e+06,135.842,139.698,15250
2014-08-10,195.079,415.992,257.178,1095.43,288.346,6.34649e+06,150.612,106.777,15250
2014-08-17,216.238,461.101,285.081,1387.16,319.632,6.3461e+06,166.954,235.386,15250
2014-08-24,239.685,511.09,316.001,1710.54,354.295,6.34567e+06,185.059,286.128,15250
2014-08-31,265.666,566.479,350.264,2068.98,392.705,6.3452e+06,205.122,216.551,15250
2014-09-07,294.453,627.848,388.229,2466.28,435.266,6.34467e+06,227.353,208.344,15250
2014-09-14,326.347,695.836,430.294,2906.64,482.421,6.34409e+06,251.983,432.079,15250
2014-09-21,361.68,771.151,476.897,3394.7,534.663,6.34345e+06,279.271,273.121,15250
2014-09-28,400.819,854.575,528.525,3935.6,592.535,6.34273e+06,309.5,346.522,15250
2014-07-13,138.887,302.048,187.763,197.589,203.641,6.34762e+06,83.0963,91.7574,15300
2014-07-20,158.832,344.292,207.284,409.416,231.348,6.34733e+06,94.4022,74.9941,15300
2014-07-27,180.456,390.122,233.836,646.498,263.634,6.347e+06,107.577,116.489,15300
2014-08-03,204.53,441.895,264.781,914.62,299.067,6.34662e+06,122.035,113.756,15300
2014-08-10,231.704,500.551,299.948,1218.31,338.858,6.3462e+06,138.272,114.456,15300
2014-08-17,262.465,566.988,339.781,1562.34,383.858,6.34572e+06,156.634,172.589,15300
2014-08-24,297.297,642.221,384.887,1952.04,434.809,6.34517e+06,177.425,167.038,15300
2014-08-31,336.739,727.404,435.964,2393.47,492.505,6.34456e+06,200.968,199.357,15300
2014-09-07,381.396,823.844,493.798,2893.46,557.831,6.34386e+06,227.624,311.801,15300
2014-09-14,431.952,933.017,559.278,3459.78,631.791,6.34307e+06,257.804,259.845,15300
2014-09-21,489.18,1056.59,633.405,4101.17,715.517,6.34217e+06,291.968,325.028,15300
2014-09-28,553.952,1196.44,717.313,4827.54,810.286,6.34115e+06,330.639,327.526,15300
2014-07-13,94.0656,205.427,126.724,133.186,137.492,6.34789e+06,89.1311,99.6925,15350
2014-07-20,108.316,235.715,140.642,276.513,157.246,6.34769e+06,101.937,115.928,15350
2014-07-27,123.866,268.81,159.658,437.886,180.388,6.34746e+06,116.939,82.2055,15350
2014-08-03,141.297,306.446,181.949,621.553,205.958,6.3472e+06,133.515,142.74,15350
2014-08-10,161.103,349.364,207.443,830.925,234.866,6.3469e+06,152.255,146.976,15350
2014-08-17,183.67,398.293,236.507,1069.63,267.774,6.34656e+06,173.588,133.365,15350
2014-08-24,209.391,454.064,269.635,1341.78,305.278,6.34618e+06,197.9,188.94,15350
2014-08-31,238.708,517.629,307.395,1652.05,348.025,6.34573e+06,225.612,226.453,15350
2014-09-07,272.121,590.071,350.432,2005.76,396.746,6.34523e+06,257.195,281.636,15350
2014-09-14,310.199,672.623,399.48,2408.98,452.271,6.34466e+06,293.19,345.96,15350
2014-09-21,353.589,766.687,455.374,2868.63,515.546,6.34401e+06,334.209,300.88,15350
2014-09-28,403.029,873.86,519.067,3392.58,587.645,6.34326e+06,380.948,343.402,15350
2014-07-13,97.4417,215.304,129.977,136.112,141.175,6.34787e+06,83.5074,85.8544,15400
2014-07-20,114.396,251.687,146.44,284.183,164.533,6.34765e+06,97.3243,135.328,15400
2014-07-27,133.236,292.246,169.212,453.726,192.315,6.3474e+06,113.757,97.5419,15400
2014-08-03,154.756,339.226,196.346,650.188,223.596,6.34711e+06,132.261,190.837,15400
2014-08-10,179.66,393.774,227.934,878.223,259.623,6.34677e+06,153.572,236.199,15400
2014-08-17,208.555,457.093,264.6,1142.94,301.387,6.34638e+06,178.276,208.096,15400
2014-08-24,242.088,530.579,307.154,1450.24,349.853,6.34592e+06,206.944,271.525,15400
2014-08-31,281.003,615.854,356.538,1806.96,406.098,6.34539e+06,240.214,232.931,15400
2014-09-07,326.16,714.804,413.848,2221.01,471.368,6.34477e+06,278.822,260.135,15400
2014-09-14,378.556,829.608,480.348,2701.62,547.103,6.34406e+06,323.621,322.277,15400
2014-09-21,439.344,962.791,557.507,3259.43,634.975,6.34323e+06,375.598,342.724,15400
2014-09-28,509.861,1117.28,647.022,3906.83,736.915,6.34227e+06,435.898,292.82,15400
2014-07-13,89.4928,192.85,121.911,128.643,132.111,6.34792e+06,96.374,107.594,15450
2014-07-20,100.819,216.663,133.046,265.427,147.919,6.34773e+06,107.905,89.4933,15450
2014-07-27,112.929,242.099,148.051,416.551,166.128,6.34753e+06,121.189,108.905,15450
2014-08-03,126.216,270.43,165.32,585.106,185.824,6.3473e+06,135.557,92.9809,15450
2014-08-10,141.004,302.084,184.679,773.375,207.628,6.34705e+06,151.463,119.249,15450
2014-08-17,157.513,337.445,206.307,983.691,231.944,6.34677e+06,169.201,116.932,15450
2014-08-24,175.95,376.938,230.46,1218.63,259.096,6.34645e+06,189.008,165.274,15450
2014-08-31,196.541,421.044,257.435,1481.08,289.42,6.34609e+06,211.129,164.955,15450
2014-09-07,219.535,470.296,287.56,1774.24,323.285,6.3457e+06,235.834,263.686,15450
2014-09-14,245.213,525.294,321.202,2101.7,361.103,6.34526e+06,263.422,199.929,15450
2014-09-21,273.885,586.703,358.768,2467.47,403.333,6.34476e+06,294.227,124.517,15450
2014-09-28,305.898,655.265,400.715,2876,450.485,6.34421e+06,328.625,337.589,15450
2014-07-13,71.389,156.656,95.7849,100.521,103.97,6.34803e+06,78.2446,89.7424,15500
2014-07-20,82.8592,181.132,106.961,209.175,119.83,6.34787e+06,90.1802,79.8503,15500
2014-07-27,95.4698,208.097,122.308,332.355,138.526,6.34769e+06,104.25,99.4425,15500
2014-08-03,109.716,238.997,140.42,473.588,159.345,6.34749e+06,119.918,157.57,15500
2014-08-10,126.025,274.497,161.286,635.785,183.063,6.34725e+06,137.767,114.651,15500
2014-08-17,144.748,315.272,185.252,822.085,210.266,6.34698e+06,158.239,105.302,15500
2014-08-24,166.249,362.098,212.773,1036.06,241.501,6.34667e+06,181.746,249.128,15500
2014-08-31,190.939,415.868,244.378,1281.83,277.37,6.34632e+06,208.74,300.738,15500
2014-09-07,219.29,477.608,280.669,1564.1,318.559,6.34591e+06,239.737,274.188,15500
2014-09-14,251.842,548.495,322.341,1888.28,365.853,6.34544e+06,275.329,103.459,15500
2014-09-21,289.216,629.879,370.188,2260.59,420.155,6.3449e+06,316.194,350.964,15500
2014-09-28,332.123,723.306,425.122,2688.15,482.497,6.34428e+06,363.111,437.249,15500
2014-07-13,99.7444,213.419,136.672,144.521,148.014,6.34786e+06,102.938,100.605,15550
2014-07-20,111.074,237.102,147.849,297.227,163.883,6.34766e+06,113.974,118.636,15550
2014-07-27,123.057,262.098,162.801,464.277,182.001,6.34744e+06,126.575,90.6273,15550
2014-08-03,136.058,289.63,179.844,648.613,201.38,6.3472e+06,140.052,195.121,15550
2014-08-10,150.369,320.062,198.75,852.302,222.594,6.34693e+06,154.805,187.117,15550
2014-08-17,166.172,353.692,219.643,1077.4,245.995,6.34663e+06,171.08,107.279,15550
2014-08-24,183.632,390.849,242.726,1326.16,271.844,6.34631e+06,189.057,186.91,15550
2014-08-31,202.921,431.899,268.228,1601.07,300.403,6.34595e+06,208.919,137.964,15550
2014-09-07,224.231,477.246,296.402,1904.85,331.954,6.34555e+06,230.861,276.061,15550
2014-09-14,247.771,527.339,327.527,2240.53,366.809,6.34511e+06,255.101,149.568,15550
2014-09-21,273.774,582.669,361.91,2611.46,405.311,6.34462e+06,281.878,186.984,15550
2014-09-28,302.494,643.78,399.888,3021.32,447.838,6.34408e+06,311.454,358.8,15550
2014-07-13,97.8908,211.598,133.012,140.228,144.18,6.34787e+06,82.3737,82.3499,15600
2014-07-20,110.837,238.885,145.72,289.74,162.221,6.34766e+06,92.6806,95.7009,15600
2014-07-27,124.744,268.184,162.899,455.644,183.083,6.34744e+06,104.599,80.4675,15600
2014-08-03,140.078,300.974,182.754,641.547,205.758,6.34718e+06,117.555,178.982,15600
2014-08-10,157.225,337.782,205.115,850.168,230.982,6.3469e+06,131.966,161.754,15600
2014-08-17,176.458,379.093,230.212,1084.32,259.244,6.34658e+06,148.112,108.268,15600
2014-08-24,198.037,425.447,258.371,1347.11,290.951,6.34622e+06,166.227,127.633,15600
2014-08-31,222.25,477.455,289.967,1642.04,326.528,6.34582e+06,186.553,172.709,15600
2014-09-07,249.415,535.804,325.417,1973.03,366.445,6.34537e+06,209.359,250.99,15600
2014-09-14,279.891,601.262,365.191,2344.49,411.229,6.34486e+06,234.945,244.921,15600
2014-09-21,314.08,674.69,409.811,2761.34,461.469,6.34429e+06,263.648,206.718,15600
2014-09-28,352.429,757.05,459.865,3229.11,517.826,6.34365e+06,295.846,340.187,15600
2014-07-13,90.2463,197.326,121.454,127.601,131.79,6.34791e+06,83.2452,92.1704,15650
2014-07-20,104.126,226.855,135.003,265.07,151.018,6.34772e+06,95.3905,95.6002,15650
2014-07-27,119.301,259.189,153.536,420.115,173.579,6.3475e+06,109.641,107.095,15650
2014-08-03,136.344,296.03,175.299,596.909,198.556,6.34725e+06,125.418,108.447,15650
2014-08-10,155.746,338.12,200.235,798.822,226.849,6.34696e+06,143.289,136.711,15650
2014-08-17,177.894,386.195,228.716,1029.46,259.116,6.34663e+06,163.671,144.32,15650
2014-08-24,203.186,441.096,261.241,1292.89,295.96,6.34625e+06,186.944,178.314,15650
2014-08-31,232.067,503.786,298.382,1593.79,338.034,6.34582e+06,213.519,218.601,15650
2014-09-07,265.046,575.366,340.793,1937.45,386.077,6.34533e+06,243.866,191.277,15650
2014-09-14,302.699,657.089,389.219,2329.96,440.933,6.34477e+06,278.516,313.775,15650
2014-09-21,345.687,750.384,444.508,2778.23,503.562,6.34413e+06,318.076,332.413,15650
2014-09-28,394.76,856.881,507.63,3290.17,575.062,6.3434e+06,363.238,372.967,15650
2014-07-13,83.402,181.718,112.576,118.401,122.117,6.34795e+06,82.2633,114.705,15700
2014-07-20,95.6715,207.746,124.574,245.548,139.145,6.34778e+06,93.7341,116.073,15700
2014-07-27,109.013,236.076,140.925,388.232,159.035,6.34758e+06,107.133,53.1167,15700
2014-08-03,123.913,268.177,160.033,550.057,180.932,6.34735e+06,121.883,94.6417,15700
2014-08-10,140.782,304.654,181.81,733.876,205.597,6.34709e+06,138.499,91.9478,15700
2014-08-17,159.934,346.094,206.55,942.71,233.574,6.34679e+06,157.346,166.916,15700
2014-08-24,181.688,393.164,234.649,1179.96,265.347,6.34646e+06,178.749,258.746,15700
2014-08-31,206.396,446.623,266.565,1449.48,301.435,6.34608e+06,203.06,144.213,15700
2014-09-07,234.457,507.335,302.813,1755.65,342.423,6.34565e+06,230.671,249.772,15700
2014-09-14,266.324,576.28,343.98,2103.46,388.971,6.34516e+06,262.028,345.231,15700
2014-09-21,302.511,654.568,390.731,2498.54,441.832,6.3446e+06,297.637,240.099,15700
2014-09-28,343.601,743.458,443.819,2947.3,501.856,6.34397e+06,338.072,351.937,15700
2014-07-13,86.3256,188.967,116.067,121.898,125.957,6.34794e+06,79.6964,90.9907,15750
2014-07-20,99.7889,217.637,129.201,253.361,144.597,6.34775e+06,91.4903,78.3071,15750
2014-07-27,114.534,249.091,147.19,401.872,166.5,6.34754e+06,105.349,144.52,15750
2014-08-03,131.125,284.993,168.347,571.509,190.793,6.34729e+06,120.72,110.53,15750
2014-08-10,150.046,326.082,192.629,765.587,218.36,6.34702e+06,138.162,87.6767,15750
2014-08-17,171.683,373.097,220.413,987.659,249.856,6.3467e+06,158.091,135.313,15750
2014-08-24,196.434,426.881,252.196,1241.76,285.882,6.34633e+06,180.885,138.914,15750
2014-08-31,224.749,488.404,288.555,1532.49,327.094,6.34592e+06,206.961,232.901,15750
2014-09-07,257.136,558.774,330.146,1865.14,374.236,6.34544e+06,236.789,266.985,15750
2014-09-14,294.18,639.258,377.719,2245.72,428.157,6.34489e+06,270.907,261.521,15750
2014-09-21,336.547,731.301,432.13,2681.14,489.828,6.34427e+06,309.928,483.06,15750
2014-09-28,384.996,836.554,494.359,3179.27,560.358,6.34355e+06,354.553,428.682,15750
2014-07-13,73.9207,161.953,99.3156,104.278,107.787,6.34801e+06,85.0113,71.8949,15800
2014-07-20,85.5718,186.782,110.677,216.826,123.91,6.34785e+06,97.7278,105.109,15800
2014-07-27,98.3496,214.062,126.252,344.13,142.878,6.34767e+06,112.688,128.017,15800
2014-08-03,112.747,245.244,144.592,489.735,163.945,6.34746e+06,129.303,134.57,15800
2014-08-10,129.189,280.98,165.67,656.541,187.885,6.34722e+06,148.184,116.128,15800
2014-08-17,148.018,321.925,189.82,847.665,215.274,6.34694e+06,169.786,173.783,15800
2014-08-24,169.587,368.831,217.485,1066.65,246.646,6.34663e+06,194.529,162.485,15800
2014-08-31,194.294,422.559,249.176,1317.54,282.583,6.34627e+06,222.873,189.49,15800
2014-09-07,222.594,484.1,285.476,1604.99,323.748,6.34585e+06,255.34,220.641,15800
2014-09-14,255.009,554.585,327.056,1934.31,370.899,6.34538e+06,292.527,222.556,15800
2014-09-21,292.133,635.307,374.68,2311.58,424.902,6.34484e+06,335.12,351.473,15800
2014-09-28,334.648,727.745,429.222,2743.79,486.749,6.34421e+06,383.898,434.666,15800
2014-07-13,107.014,232.338,144.878,152.538,157.106,6.34781e+06,87.4513,57.0377,15850
2014-07-20,122.043,264.126,159.599,315.817,178.001,6.34759e+06,99.0823,106.34,15850
2014-07-27,138.294,298.514,179.588,498.126,202.297,6.34734e+06,112.607,87.0955,15850
2014-08-03,156.34,337.262,202.831,703.775,228.892,6.34705e+06,127.41,162.721,15850
2014-08-10,176.658,381.052,229.179,936.107,258.68,6.34673e+06,143.992,165.049,15850
2014-08-17,199.599,430.526,258.948,1198.62,292.282,6.34636e+06,162.696,157.512,15850
2014-08-24,225.512,486.412,292.574,1495.23,330.232,6.34595e+06,183.821,202.704,15850
2014-08-31,254.782,549.534,330.557,1830.34,373.1,6.34548e+06,207.682,191.314,15850
2014-09-07,287.841,620.824,373.459,2208.96,421.518,6.34496e+06,234.634,291.876,15850
2014-09-14,325.176,701.333,421.913,2636.71,476.202,6.34436e+06,265.073,281.244,15850
2014-09-21,367.338,792.243,476.635,3119.94,537.958,6.34369e+06,299.449,205.159,15850
2014-09-28,414.945,894.89,538.429,3665.84,607.693,6.34294e+06,338.266,421.242,15850
2014-07-13,79.0911,173.602,106.096,111.333,115.165,6.34798e+06,76.0715,90.6225,15900
2014-07-20,91.8377,200.807,118.514,231.703,132.788,6.34781e+06,87.712,70.0815,15900
2014-07-27,105.857,230.793,135.571,368.214,153.568,6.34761e+06,101.438,104.361,15900
2014-08-03,121.701,265.166,155.708,524.795,176.718,6.34738e+06,116.73,79.8446,15900
2014-08-10,139.847,304.672,178.916,704.688,203.101,6.34712e+06,134.157,121.885,15900
2014-08-17,160.685,350.064,205.583,911.395,233.373,6.34682e+06,154.152,135.753,15900
2014-08-24,184.625,402.212,236.216,1148.91,268.144,6.34648e+06,177.121,178.84,15900
2014-08-31,212.125,462.116,271.407,1421.8,308.089,6.34608e+06,203.506,163.237,15900
2014-09-07,243.714,530.923,311.833,1735.35,353.975,6.34563e+06,233.815,286.569,15900
2014-09-14,279.998,609.952,358.268,2095.6,406.681,6.34511e+06,268.63,269.044,15900
2014-09-21,321.671,700.714,411.602,2509.48,467.217,6.34451e+06,308.617,280.843,15900
2014-09-28,369.528,804.942,472.857,2984.97,536.741,6.34382e+06,354.54,386.507,15900
2014-07-13,105.236,226.092,143.715,151.787,155.698,6.34782e+06,98.6293,98.0677,15950
2014-07-20,117.972,252.802,156.254,312.747,173.499,6.34761e+06,109.906,117.011,15950
2014-07-27,131.526,281.187,173.098,489.831,193.928,6.34737e+06,122.847,170.16,15950
2014-08-03,146.326,312.652,192.404,686.444,215.919,6.34711e+06,136.777,109.046,15950
2014-08-10,162.721,347.646,213.95,905.045,240.147,6.34682e+06,152.125,160.437,15950
2014-08-17,180.938,386.558,237.909,1148.13,267.04,6.3465e+06,169.161,185.615,15950
2014-08-24,201.188,429.816,264.542,1418.42,296.931,6.34614e+06,188.096,204.641,15950
2014-08-31,223.7,477.901,294.149,1718.98,330.16,6.34574e+06,209.145,198.183,15950
2014-09-07,248.723,531.349,327.061,2053.16,367.097,6.34529e+06,232.544,247.229,15950
2014-09-14,276.536,590.754,363.644,2424.73,408.154,6.34479e+06,258.552,235.228,15950
2014-09-21,307.448,656.775,404.305,2837.86,453.786,6.34424e+06,287.459,317.909,15950
2014-09-28,341.801,730.142,449.496,3297.17,504.502,6.34363e+06,319.585,275.284,15950
2014-07-13,92.004,199.249,124.817,131.516,135.321,6.3479e+06,83.2379,34.1403,16000
2014-07-20,104.494,225.613,137.067,271.975,152.708,6.34771e+06,93.9331,71.1656,16000
2014-07-27,117.948,254.013,153.656,428.248,172.863,6.3475e+06,106.33,59.2193,16000
2014-08-03,132.829,285.89,172.88,603.859,194.836,6.34725e+06,119.846,103.48,16000
2014-08-10,149.519,321.778,194.592,801.498,219.351,6.34698e+06,134.926,122.623,16000
2014-08-17,168.291,362.171,219.03,1023.96,246.898,6.34668e+06,151.871,152.1,16000
2014-08-24,189.416,407.628,246.529,1274.35,277.894,6.34633e+06,170.936,235.127,16000
2014-08-31,213.188,458.777,277.474,1556.18,312.773,6.34594e+06,192.391,202.356,16000
2014-09-07,239.935,516.328,312.295,1873.38,352.02,6.34551e+06,216.532,240.768,16000
2014-09-14,270.03,581.078,351.475,2230.38,396.18,6.34502e+06,243.696,229.77,16000
2014-09-21,303.888,653.922,395.557,2632.16,445.864,6.34446e+06,274.257,271.398,16000
2014-09-28,341.977,735.865,445.151,3084.33,501.759,6.34384e+06,308.639,209.027,16000
2014-07-13,102.064,224.46,136.69,143.352,148.401,6.34784e+06,74.4569,58.1648,16050
2014-07-20,118.891,260.43,153.068,298.615,171.642,6.34762e+06,86.1175,90.1536,16050
2014-07-27,137.454,300.206,175.609,475.189,199.115,6.34736e+06,99.9016,107.707,16050
2014-08-03,158.495,345.939,202.292,678.32,229.814,6.34706e+06,115.304,111.475,16050
2014-08-10,182.667,398.653,233.132,912.387,264.907,6.34672e+06,132.911,63.0411,16050
2014-08-17,210.506,459.4,268.672,1182.14,305.29,6.34633e+06,153.173,188.294,16050
2014-08-24,242.58,529.387,309.617,1493,351.812,6.34588e+06,176.514,194.618,16050
2014-08-31,279.532,610.015,356.791,1851.24,405.41,6.34535e+06,203.406,208.466,16050
2014-09-07,322.1,702.891,411.137,2264.05,467.156,6.34475e+06,234.385,300.465,16050
2014-09-14,371.132,809.866,473.741,2739.73,538.283,6.34406e+06,270.072,346.425,16050
2014-09-21,427.606,933.069,545.852,3287.83,620.207,6.34326e+06,311.176,302.327,16050
2014-09-28,492.642,1074.94,628.903,3919.33,714.56,6.34233e+06,358.515,214.512,16050
2014-07-13,73.8975,163.144,98.6429,103.326,107.132,6.34801e+06,73.123,59.1355,16100
2014-07-20,86.6337,190.457,111.015,215.641,124.687,6.34785e+06,85.105,81.1345,16100
2014-07-27,100.769,220.861,128.113,344.087,145.544,6.34766e+06,99.3405,136.002,16100
2014-08-03,116.892,256.034,148.464,492.732,168.996,6.34744e+06,115.348,95.0174,16100
2014-08-10,135.529,296.823,172.125,665.044,195.973,6.34718e+06,133.76,162.877,16100
2014-08-17,157.123,344.111,199.557,864.817,227.205,6.34688e+06,155.078,131.332,16100
2014-08-24,182.154,398.924,231.353,1096.42,263.403,6.34654e+06,179.785,179.464,16100
2014-08-31,211.167,462.456,268.208,1364.93,305.361,6.34614e+06,208.423,186.783,16100
2014-09-07,244.793,536.088,310.925,1676.21,353.992,6.34568e+06,241.617,233.335,16100
2014-09-14,283.764,621.418,360.434,2037.05,410.355,6.34515e+06,280.087,234.825,16100
2014-09-21,328.925,720.298,417.811,2455.35,475.673,6.34453e+06,324.67,370.993,16100
2014-09-28,381.255,834.868,484.301,2940.22,551.364,6.34381e+06,376.332,388.596,16100
2014-07-13,109.207,241.055,145.798,152.729,158.344,6.3478e+06,75.0338,84.4053,16150
2014-07-20,127.991,281.331,164.048,318.717,184.238,6.34756e+06,87.304,57.5456,16150
2014-07-27,148.832,326.15,189.262,508.496,214.993,6.34728e+06,101.878,108.871,16150
2014-08-03,172.596,377.98,219.265,728.059,249.565,6.34695e+06,118.261,68.2084,16150
2014-08-10,200.054,438.062,254.136,982.505,289.317,6.34658e+06,137.098,123.307,16150
2014-08-17,231.858,507.693,294.549,1277.42,335.325,6.34614e+06,158.899,149.36,16150
2014-08-24,268.71,588.373,341.374,1619.22,388.627,6.34563e+06,184.157,140.266,16150
2014-08-31,311.406,681.845,395.629,2015.35,450.387,6.34505e+06,213.423,177.32,16150
2014-09-07,360.87,790.128,458.488,2474.43,521.938,6.34437e+06,247.329,191.378,16150
2014-09-14,418.169,915.553,531.309,3006.44,604.828,6.34358e+06,286.607,333.128,16150
2014-09-21,484.535,1060.82,615.662,3622.92,700.84,6.34267e+06,332.105,392.4,16150
2014-09-28,561.395,1229.03,713.361,4337.26,812.04,6.34161e+06,384.798,221.683,16150
2014-07-13,110.196,239.674,148.964,156.755,161.562,6.34779e+06,93.9739,89.182,16200
2014-07-20,126.04,273.235,164.47,324.82,183.571,6.34756e+06,106.776,94.1428,16200
2014-07-27,143.221,309.653,185.565,512.947,209.221,6.3473e+06,121.695,114.708,16200
2014-08-03,162.353,350.802,210.153,725.735,237.377,6.347e+06,138.072,165.538,16200
2014-08-10,183.953,397.432,238.101,966.79,269.002,6.34666e+06,156.467,167.744,16200
2014-08-17,208.408,450.258,269.764,1239.9,304.775,6.34628e+06,177.274,181.545,16200
2014-08-24,236.108,510.092,305.626,1549.33,345.287,6.34585e+06,200.839,212.164,16200
2014-08-31,267.48,577.858,346.245,1899.88,391.173,6.34536e+06,227.529,222.028,16200
2014-09-07,303.01,654.601,392.25,2297.02,443.142,6.3448e+06,257.757,263.311,16200
2014-09-14,343.245,741.502,444.349,2746.91,501.994,6.34417e+06,291.989,260.635,16200
2014-09-21,388.804,839.896,503.347,3256.55,568.637,6.34346e+06,330.752,365.727,16200
2014-09-28,440.386,951.291,570.15,3833.84,644.095,6.34265e+06,374.643,368.887,16200
2014-07-13,102.032,223.432,137.142,144.016,148.833,6.34784e+06,81.2788,96.4542,16250
2014-07-20,118.017,257.481,152.734,299.385,170.96,6.34762e+06,93.3623,111.023,16250
2014-07-27,135.534,294.859,174.096,474.995,196.972,6.34737e+06,107.568,95.7901,16250
2014-08-03,155.253,337.547,199.232,675.699,225.839,6.34708e+06,123.332,112.984,16250
2014-08-10,177.755,386.428,228.097,905.448,258.615,6.34675e+06,141.231,106.15,16250
2014-08-17,203.5,442.387,261.142,1168.48,296.081,6.34637e+06,161.692,190.53,16250
2014-08-24,232.968,506.436,298.964,1469.62,338.96,6.34594e+06,185.108,138.468,16250
2014-08-31,266.693,579.738,342.253,1814.37,388.035,6.34545e+06,211.908,217.794,16250
2014-09-07,305.289,663.623,391.796,2209.03,444.2,6.34488e+06,242.581,251.763,16250
2014-09-14,349.456,759.609,448.493,2660.8,508.475,6.34423e+06,277.681,292.225,16250
2014-09-21,399.992,869.432,513.372,3177.95,582.022,6.34349e+06,317.846,156.498,16250
2014-09-28,457.81,995.071,587.606,3769.88,666.171,6.34264e+06,363.8,386.324,16250
2014-07-13,125.387,272.388,169.667,178.605,183.997,6.3477e+06,86.7665,114.7,16300
2014-07-20,143.135,309.946,187.047,369.891,208.666,6.34744e+06,98.3995,134.745,16300
2014-07-27,162.344,350.616,210.661,583.649,237.372,6.34714e+06,111.936,63.6073,16300
2014-08-03,183.694,396.484,238.14,824.991,268.821,6.34681e+06,126.767,143.351,16300
2014-08-10,207.753,448.363,269.317,1097.89,304.079,6.34643e+06,143.393,117.662,16300
2014-08-17,234.941,507.028,304.573,1406.52,343.885,6.346e+06,162.165,171.557,16300
2014-08-24,265.679,573.351,344.431,1755.55,388.883,6.34551e+06,183.384,195.472,16300
2014-08-31,300.427,648.325,389.491,2150.24,439.753,6.34496e+06,207.372,194.597,16300
2014-09-07,339.706,733.07,440.429,2596.56,497.258,6.34434e+06,234.49,141.605,16300
2014-09-14,384.102,828.85,498.007,3101.24,562.258,6.34364e+06,265.141,311.732,16300
2014-09-21,434.277,937.091,563.086,3671.88,635.722,6.34284e+06,299.785,304.733,16300
2014-09-28,490.978,1059.4,636.635,4317.08,718.745,6.34195e+06,338.935,285.59,16300
2014-07-13,77.787,169.42,105.031,110.477,113.928,6.34799e+06,75.2698,85.4347,16350
2014-07-20,89.1752,193.571,116.168,229.075,129.736,6.34782e+06,85.7137,94.2512,16350
2014-07-27,101.551,219.841,131.342,362.093,148.192,6.34764e+06,97.9075,99.5673,16350
2014-08-03,115.364,249.591,149.064,512.869,168.498,6.34742e+06,111.323,105.69,16350
2014-08-10,130.994,283.378,169.251,684.039,191.357,6.34718e+06,126.426,141.582,16350
2014-08-17,148.73,321.74,192.172,878.391,217.272,6.34691e+06,143.547,165.243,16350
2014-08-24,168.864,365.289,218.19,1099.06,246.687,6.3466e+06,162.981,82.1995,16350
2014-08-31,191.718,414.722,247.726,1349.6,280.077,6.34625e+06,185.041,238.366,16350
2014-09-07,217.66,470.831,281.252,1634.05,317.979,6.34585e+06,210.083,162.144,16350
2014-09-14,247.104,534.513,319.307,1957,361,6.34539e+06,238.506,275.854,16350
2014-09-21,280.523,606.787,362.5,2323.63,409.828,6.34488e+06,270.766,326.035,16350
2014-09-28,318.448,688.804,411.52,2739.86,465.244,6.34429e+06,307.378,244.558,16350
2014-07-13,92.5937,202.524,124.579,130.871,135.185,6.3479e+06,91.4926,95.4994,16400
2014-07-20,106.892,232.952,138.534,271.905,154.989,6.3477e+06,104.896,72.2994,16400
2014-07-27,122.532,266.287,157.629,431.046,178.236,6.34747e+06,120.629,113.481,16400
2014-08-03,140.106,304.288,180.062,612.598,203.986,6.34721e+06,138.057,136.395,16400
2014-08-10,160.123,347.726,205.778,820.05,233.168,6.34692e+06,157.807,207.018,16400
2014-08-17,182.985,397.364,235.165,1057.13,266.467,6.34658e+06,180.343,197.879,16400
2014-08-24,209.104,454.078,268.74,1328.06,304.507,6.34619e+06,206.089,169.591,16400
2014-08-31,238.946,518.87,307.099,1637.67,347.968,6.34575e+06,235.503,195.262,16400
2014-09-07,273.036,592.885,350.923,1991.47,397.62,6.34524e+06,269.108,222.975,16400
2014-09-14,311.979,677.43,400.987,2395.74,454.34,6.34466e+06,307.496,361.648,16400
2014-09-21,356.46,773.994,458.174,2857.69,519.13,6.344e+06,351.345,357.853,16400
2014-09-28,407.262,884.274,523.494,3385.5,593.131,6.34325e+06,401.429,247.99,16400
2014-07-13,93.7228,204.859,126.169,132.567,136.901,6.34789e+06,78.1945,82.152,16450
2014-07-20,108.078,235.391,140.183,275.343,156.79,6.34769e+06,89.5549,60.2042,16450
2014-07-27,123.764,268.803,159.348,436.297,180.118,6.34746e+06,102.879,107.208,16450
2014-08-03,141.371,306.852,181.841,619.733,205.93,6.3472e+06,117.622,114.498,16450
2014-08-10,161.405,350.3,207.6,829.126,235.152,6.3469e+06,134.313,67.3848,16450
2014-08-17,184.263,399.901,237.007,1068.18,268.462,6.34656e+06,153.339,221.013,16450
2014-08-24,210.352,456.514,270.57,1341.09,306.476,6.34617e+06,175.052,123.446,16450
2014-08-31,240.128,521.125,308.878,1652.65,349.864,6.34573e+06,199.834,196.399,16450
2014-09-07,274.11,594.859,352.598,2008.31,399.381,6.34522e+06,228.117,265.954,16450
2014-09-14,312.888,678.996,402.493,2414.31,455.89,6.34464e+06,260.393,243.737,16450
2014-09-21,357.136,774.998,459.429,2877.74,520.374,6.34398e+06,297.225,315.023,16450
2014-09-28,407.621,884.524,524.395,3406.73,593.949,6.34323e+06,339.249,329.826,16450
2014-07-13,123.698,267.524,168.004,177.091,182.119,6.34771e+06,94.3765,92.2383,16500
2014-07-20,140.178,302.274,184.178,365.995,205.079,6.34746e+06,106.274,105.119,16500
2014-07-27,157.895,339.619,206.052,575.767,231.646,6.34717e+06,120.042,85.1884,16500
2014-08-03,177.446,381.445,231.352,811.013,260.546,6.34685e+06,135.018,114.73,16500
2014-08-10,199.326,428.433,259.866,1075.22,292.719,6.34649e+06,151.69,130.729,16500
2014-08-17,223.884,481.206,291.892,1371.99,328.794,6.34608e+06,170.385,154.213,16500
2014-08-24,251.459,540.465,327.854,1705.32,369.297,6.34562e+06,191.374,161.206,16500
2014-08-31,282.421,607,368.233,2079.72,414.775,6.34511e+06,214.942,243.872,16500
2014-09-07,317.183,681.697,413.57,2500.22,465.837,6.34454e+06,241.403,236.447,16500
2014-09-14,356.209,765.551,464.472,2972.48,523.165,6.34389e+06,271.11,226.566,16500
2014-09-21,400.017,859.676,521.615,3502.86,587.52,6.34317e+06,304.46,324.076,16500
2014-09-28,449.189,965.317,585.759,4098.47,659.758,6.34235e+06,341.895,382.951,16500
2014-07-13,111.566,240.9,151.728,160.011,164.452,6.34779e+06,101.688,83.4333,16550
2014-07-20,126.099,271.504,166.002,330.452,184.715,6.34756e+06,114.218,115.751,16550
2014-07-27,141.685,304.306,185.275,519.294,208.116,6.3473e+06,128.687,142.923,16550
2014-08-03,158.841,340.953,207.518,730.558,233.506,6.34701e+06,144.387,129.232,16550
2014-08-10,177.993,382.022,232.528,967.25,261.702,6.34669e+06,161.822,133.195,16550
2014-08-17,199.437,428.038,260.55,1232.47,293.241,6.34633e+06,181.324,150.843,16550
2014-08-24,223.458,479.586,291.94,1529.64,328.565,6.34593e+06,203.166,263.915,16550
2014-08-31,250.365,537.324,327.101,1862.62,368.134,6.34547e+06,227.633,255.3,16550
2014-09-07,280.503,601.991,366.486,2235.69,412.454,6.34497e+06,255.039,271.9,16550
2014-09-14,314.256,674.414,410.599,2653.67,462.095,6.3444e+06,285.733,310.207,16550
2014-09-21,352.057,755.516,460.004,3121.95,517.689,6.34376e+06,320.11,249.606,16550
2014-09-28,394.385,846.327,515.331,3646.57,579.945,6.34305e+06,358.605,415.581,16550
2014-07-13,104.754,231.023,139.956,146.649,151.987,6.34783e+06,78.5963,78.3072,16600
2014-07-20,122.594,269.249,157.297,305.9,176.591,6.34759e+06,91.32,82.0791,16600
2014-07-27,142.361,311.723,181.234,487.746,205.783,6.34733e+06,106.416,100.049,16600
2014-08-03,164.87,360.775,209.68,697.85,238.551,6.34702e+06,123.361,113.913,16600
2014-08-10,190.842,417.561,242.7,941.006,276.176,6.34666e+06,142.818,152.173,16600
2014-08-17,220.885,483.284,280.917,1222.45,319.664,6.34624e+06,165.306,171.801,16600
2014-08-24,255.649,559.334,325.138,1548.21,369.98,6.34576e+06,191.326,188.701,16600
2014-08-31,295.873,647.326,376.308,1925.24,428.201,6.34521e+06,221.434,184.224,16600
2014-09-07,342.412,749.125,435.513,2361.6,495.565,6.34456e+06,256.269,245.875,16600
2014-09-14,396.25,866.885,504.01,2866.6,573.499,6.34382e+06,296.571,306.2,16600
2014-09-21,458.528,1003.09,583.25,3451.02,663.653,6.34295e+06,343.192,372.315,16600
2014-09-28,530.557,1160.62,674.908,4127.29,767.931,6.34196e+06,397.117,377.891,16600
2014-07-13,88.911,193.36,120.2,126.491,130.365,6.34792e+06,80.2487,85.1861,16650
2014-07-20,101.678,220.403,132.696,262.095,148.101,6.34773e+06,91.1665,74.3932,16650
2014-07-27,115.521,249.743,149.694,413.866,168.769,6.34752e+06,103.889,112.229,16650
2014-08-03,130.935,282.892,169.504,585.509,191.453,6.34728e+06,117.853,97.9043,16650
2014-08-10,148.334,320.452,192.02,779.924,216.93,6.34701e+06,133.536,145.688,16650
2014-08-17,168.033,363,217.525,1000.16,245.745,6.3467e+06,151.274,149.153,16650
2014-08-24,190.342,411.189,246.412,1249.65,278.376,6.34635e+06,171.36,181.215,16650
2014-08-31,215.608,465.763,279.126,1532.27,315.331,6.34596e+06,194.109,214.173,16650
2014-09-07,244.22,527.562,316.175,1852.4,357.183,6.34551e+06,219.871,240.812,16650
2014-09-14,276.62,597.539,358.131,2215.02,404.576,6.345e+06,249.045,108.965,16650
2014-09-21,313.306,676.77,405.64,2625.76,458.241,6.34443e+06,282.08,242.363,16650
2014-09-28,354.842,766.471,459.434,3090.96,519.003,6.34378e+06,319.483,286.173,16650
2014-07-13,118.304,253.304,162.013,171.283,175.468,6.34775e+06,98.2717,72.9149,16700
2014-07-20,131.888,281.714,175.409,352.375,194.488,6.34751e+06,108.924,89.5744,16700
2014-07-27,146.27,311.731,193.342,550.665,216.222,6.34725e+06,121.096,155.481,16700
2014-08-03,161.889,344.829,213.801,769.696,239.491,6.34696e+06,134.128,161.876,16700
2014-08-10,179.1,381.45,236.519,1011.97,264.991,6.34664e+06,148.409,152.395,16700
2014-08-17,198.124,421.958,261.649,1279.99,293.148,6.34629e+06,164.178,189.985,16700
2014-08-24,219.162,466.757,289.44,1576.48,324.281,6.3459e+06,181.615,231.021,16700
2014-08-31,242.427,516.297,320.174,1904.45,358.711,6.34547e+06,200.897,226.463,16700
2014-09-07,268.154,571.077,354.161,2267.25,396.784,6.34499e+06,222.22,240.72,16700
2014-09-14,296.601,631.644,391.743,2668.55,438.884,6.34446e+06,245.798,273.397,16700
2014-09-21,328.053,698.607,433.298,3112.43,485.433,6.34388e+06,271.868,293.553,16700
2014-09-28,362.824,772.634,479.241,3603.38,536.897,6.34323e+06,300.691,295.457,16700
2014-07-13,103.809,225.694,140.374,147.733,152.241,6.34783e+06,89.2234,87.8611,16750
2014-07-20,118.659,257.142,154.911,306.07,172.874,6.34761e+06,101.316,123.111,16750
2014-07-27,134.754,291.245,174.679,483.211,196.909,6.34737e+06,115.402,106.153,16750
2014-08-03,152.665,329.755,197.709,683.457,223.277,6.34709e+06,130.855,126.751,16750
2014-08-10,172.875,373.37,223.872,910.171,252.876,6.34677e+06,148.202,158.722,16750
2014-08-17,195.745,422.752,253.495,1166.88,286.337,6.34641e+06,167.813,166.073,16750
2014-08-24,221.632,478.655,287.028,1457.56,324.211,6.34601e+06,190.01,174.195,16750
2014-08-31,250.937,541.932,324.987,1786.69,367.083,6.34555e+06,215.136,216.587,16750
2014-09-07,284.105,613.552,367.954,2159.33,415.611,6.34503e+06,243.577,288.864,16750
2014-09-14,321.646,694.607,416.587,2581.23,470.538,6.34444e+06,275.767,223.075,16750
2014-09-21,364.131,786.332,471.629,3058.89,532.701,6.34377e+06,312.199,267.957,16750
2014-09-28,412.206,890.121,533.919,3599.65,603.048,6.34301e+06,353.427,411.225,16750
2014-07-13,101.207,220.908,136.403,143.382,147.987,6.34785e+06,78.4119,70.0634,16800
2014-07-20,116.44,253.27,151.285,297.608,169.109,6.34763e+06,89.6032,86.6096,16800
2014-07-27,133.049,288.601,171.606,471.124,193.837,6.34739e+06,102.705,70.1237,16800
2014-08-03,151.651,328.747,195.41,668.456,221.136,6.34711e+06,117.17,87.5056,16800
2014-08-10,172.771,374.489,222.613,893.227,251.974,6.34679e+06,133.51,105.704,16800
2014-08-17,196.814,426.596,253.601,1149.29,287.05,6.34642e+06,152.095,131.945,16800
2014-08-24,224.198,485.941,288.893,1440.99,326.992,6.34601e+06,173.259,156.27,16800
2014-08-31,255.383,553.523,329.086,1773.28,372.482,6.34554e+06,197.362,191.629,16800
2014-09-07,290.896,630.48,374.858,2151.79,424.285,6.345e+06,224.81,225.544,16800
2014-09-14,331.333,718.104,426.981,2582.94,483.275,6.34439e+06,256.066,273.954,16800
2014-09-21,377.374,817.866,486.331,3074.04,550.442,6.34369e+06,291.655,267.229,16800
2014-09-28,429.79,931.432,553.904,3633.38,626.913,6.3429e+06,332.174,312.143,16800
2014-07-13,101.385,221.843,136.36,143.229,147.974,6.34785e+06,84.447,78.4839,16850
2014-07-20,117.12,255.339,151.714,297.639,169.763,6.34763e+06,96.8818,82.931,16850
2014-07-27,134.341,292.061,172.732,471.974,195.354,6.34738e+06,111.486,95.4491,16850
2014-08-03,153.706,333.948,197.438,670.985,223.717,6.34709e+06,127.673,111.268,16850
2014-08-10,175.775,381.857,225.777,898.529,255.882,6.34677e+06,146.029,146.887,16850
2014-08-17,200.997,436.639,258.181,1158.73,292.607,6.3464e+06,166.987,158.409,16850
2014-08-24,229.83,499.266,295.225,1456.28,334.587,6.34597e+06,190.945,221.685,16850
2014-08-31,262.79,570.856,337.573,1796.5,382.577,6.34548e+06,218.332,129.589,16850
2014-09-07,300.467,652.685,385.983,2185.53,437.436,6.34493e+06,249.639,297.797,16850
2014-09-14,343.531,746.21,441.318,2630.34,500.142,6.34429e+06,285.425,233.959,16850
2014-09-21,392.747,853.091,504.564,3138.9,571.81,6.34356e+06,326.324,310.831,16850
2014-09-28,448.99,975.221,576.845,3720.33,653.713,6.34273e+06,373.066,353.115,16850
2014-07-13,107.305,230.129,146.753,155.076,158.964,6.34781e+06,100.047,106.406,16900
2014-07-20,119.945,256.6,159.209,319.268,176.648,6.34759e+06,111.177,107.162,16900
2014-07-27,133.36,284.647,175.91,499.463,196.896,6.34736e+06,123.92,144.219,16900
2014-08-03,147.969,315.651,195.007,698.998,218.631,6.34709e+06,137.6,138.996,16900
2014-08-10,164.106,350.041,216.263,920.253,242.512,6.3468e+06,152.629,130.8,16900
2014-08-17,181.989,388.177,239.836,1165.63,268.947,6.34647e+06,169.267,155.919,16900
2014-08-24,201.815,430.459,265.97,1437.74,298.25,6.34611e+06,187.709,137.104,16900
2014-08-31,223.796,477.334,294.945,1739.5,330.737,6.34571e+06,208.156,164.685,16900
2014-09-07,248.163,529.297,327.066,2074.14,366.754,6.34527e+06,230.823,272.918,16900
2014-09-14,275.174,586.895,362.675,2445.21,406.679,6.34478e+06,255.951,235.185,16900
2014-09-21,305.114,650.737,402.148,2856.67,450.936,6.34424e+06,283.805,301.3,16900
2014-09-28,338.298,721.493,445.9,3312.91,499.99,6.34363e+06,314.678,305.727,16900
2014-07-13,108.667,233.204,148.536,156.93,160.905,6.3478e+06,90.6059,61.522,16950
2014-07-20,121.597,260.296,161.274,323.181,178.988,6.34758e+06,100.789,79.8301,16950
2014-07-27,135.334,289.034,178.364,505.802,199.712,6.34734e+06,112.458,96.7232,16950
2014-08-03,150.309,320.834,197.924,708.223,221.98,6.34707e+06,124.997,175.316,16950
2014-08-10,166.867,356.141,219.716,932.901,246.471,6.34677e+06,138.788,123.742,16950
2014-08-17,185.234,395.334,243.907,1182.32,273.608,6.34644e+06,154.069,89.4924,16950
2014-08-24,205.618,438.831,270.754,1459.19,303.721,6.34608e+06,171.026,195.65,16950
2014-08-31,228.238,487.099,300.547,1766.54,337.138,6.34567e+06,189.843,217.775,16950
2014-09-07,253.339,540.66,333.609,2107.7,374.222,6.34521e+06,210.725,333.11,16950
2014-09-14,281.192,600.089,370.297,2486.38,415.372,6.34471e+06,233.896,256.07,16950
2014-09-21,312.095,666.023,411.005,2906.7,461.03,6.34415e+06,259.607,277.738,16950
2014-09-28,346.381,739.17,456.172,3373.22,511.687,6.34354e+06,288.132,281.962,16950
2014-07-13,96.7197,211.823,129.988,136.499,141.071,6.34787e+06,87.721,61.1692,17000
2014-07-20,111.894,244.15,144.789,283.773,162.075,6.34767e+06,100.782,106.588,17000
2014-07-27,128.526,279.645,165.069,450.264,186.771,6.34743e+06,116.138,98.8575,17000
2014-08-03,147.254,320.189,188.937,640.579,214.183,6.34715e+06,133.183,144.238,17000
2014-08-10,168.627,366.626,216.351,858.478,245.313,6.34684e+06,152.541,181.192,17000
2014-08-17,193.087,419.797,247.741,1107.99,280.905,6.34648e+06,174.673,141.885,17000
2014-08-24,221.089,480.667,283.676,1393.7,321.646,6.34607e+06,200.006,212.648,17000
2014-08-31,253.143,550.346,324.812,1720.85,368.285,6.3456e+06,229.007,251.677,17000
2014-09-07,289.834,630.1,371.902,2095.44,421.673,6.34506e+06,262.205,296.93,17000
2014-09-14,331.83,721.38,425.803,2524.32,482.782,6.34445e+06,300.204,307.757,17000
2014-09-21,379.892,825.84,487.495,3015.35,552.721,6.34374e+06,343.694,220.209,17000
2014-09-28,434.893,945.372,558.099,3577.5,632.761,6.34293e+06,393.464,467.405,17000
2014-07-13,82.3598,180.003,110.882,116.509,120.312,6.34796e+06,80.7761,82.5376,17050
2014-07-20,94.9582,206.796,123.182,241.977,137.769,6.34778e+06,92.4962,100.838,17050
2014-07-27,108.723,236.113,140,383.399,158.24,6.34758e+06,106.24,117.061,17050
2014-08-03,124.171,269.494,159.737,544.551,180.889,6.34735e+06,121.446,106.595,17050
2014-08-10,141.746,307.606,182.337,728.476,206.525,6.34709e+06,138.658,153.111,17050
2014-08-17,161.796,351.109,208.134,938.424,235.745,6.34679e+06,158.276,137.921,17050
2014-08-24,184.676,400.757,237.573,1178.07,269.087,6.34645e+06,180.661,194.936,17050
2014-08-31,210.788,457.412,271.169,1451.61,307.136,6.34606e+06,206.207,210.392,17050
2014-09-07,240.584,522.06,309.508,1763.83,350.557,6.34561e+06,235.359,235.889,17050
2014-09-14,274.582,595.823,353.256,2120.19,400.104,6.34511e+06,268.624,281.127,17050
2014-09-21,313.373,679.98,403.174,2526.9,456.636,6.34453e+06,306.579,298.157,17050
2014-09-28,357.628,775.986,460.128,2991.08,521.134,6.34387e+06,349.883,377.118,17050
2014-07-13,117.253,255.781,158.108,166.227,171.526,6.34775e+06,89.7699,87.1962,17100
2014-07-20,134.769,292.976,175.226,344.93,195.821,6.3475e+06,102.485,102.847,17100
2014-07-27,153.85,333.54,198.585,545.813,224.243,6.34722e+06,117.36,148.283,17100
2014-08-03,175.2,379.588,225.925,774.063,255.59,6.3469e+06,133.765,100.224,17100
2014-08-10,199.415,432.007,257.14,1033.81,290.965,6.34653e+06,152.279,208.659,17100
2014-08-17,226.958,491.661,292.665,1329.45,331.162,6.34611e+06,173.317,196.512,17100
2014-08-24,258.295,559.537,333.085,1665.92,376.894,6.34563e+06,197.252,187.115,17100
2014-08-31,293.949,636.759,379.074,2048.86,428.927,6.34509e+06,224.483,259.304,17100
2014-09-07,334.511,724.606,431.397,2484.66,488.124,6.34447e+06,255.465,264.147,17100
2014-09-14,380.652,824.53,490.92,2980.61,555.467,6.34377e+06,290.709,241.173,17100
2014-09-21,433.134,938.181,558.63,3544.97,632.069,6.34298e+06,330.8,188.863,17100
2014-09-28,492.822,1067.43,635.643,4187.15,719.193,6.34207e+06,376.397,348.486,17100
2014-07-13,104.543,226.491,141.784,149.375,153.72,6.34783e+06,82.2604,81.0283,17150
2014-07-20,118.81,256.615,155.773,308.963,173.578,6.34761e+06,92.8865,102.037,17150
2014-07-27,134.188,289.086,174.727,486.616,196.606,6.34737e+06,105.21,107.932,17150
2014-08-03,151.205,325.553,196.701,686.367,221.726,6.34709e+06,118.652,141.541,17150
2014-08-10,170.302,366.631,221.533,911.305,249.769,6.34678e+06,133.659,148.456,17150
2014-08-17,191.794,412.892,249.498,1164.64,281.299,6.34643e+06,150.532,110.585,17150
2014-08-24,215.992,464.978,280.984,1449.95,316.795,6.34604e+06,169.527,156.456,17150
2014-08-31,243.237,523.62,316.434,1771.26,356.76,6.3456e+06,190.913,143.32,17150
2014-09-07,273.909,589.636,356.346,2133.1,401.754,6.3451e+06,214.991,220.404,17150
2014-09-14,308.438,663.948,401.279,2540.57,452.407,6.34454e+06,242.096,314.613,17150
2014-09-21,347.304,747.592,451.859,2999.42,509.425,6.3439e+06,272.609,332.288,17150
2014-09-28,391.049,841.731,508.793,3516.09,573.604,6.34319e+06,306.953,373.248,17150
2014-07-13,121.807,263.837,165.227,174.084,179.134,6.34773e+06,94.4057,89.9716,17200
2014-07-20,138.381,298.827,181.481,360.036,202.205,6.34747e+06,106.565,105.926,17200
2014-07-27,156.24,336.529,203.497,566.972,228.953,6.34719e+06,120.661,160.578,17200
2014-08-03,175.996,378.854,229.014,799.576,258.121,6.34687e+06,136.033,147.376,17200
2014-08-10,198.157,426.513,257.839,1061.42,290.67,6.34651e+06,153.187,164.406,17200
2014-08-17,223.089,480.165,290.29,1356.22,327.254,6.3461e+06,172.467,208.98,17200
2014-08-24,251.15,540.552,326.813,1688.12,368.422,6.34564e+06,194.163,180.907,17200
2014-08-31,282.731,608.511,367.919,2061.77,414.757,6.34513e+06,218.582,210.247,17200
2014-09-07,318.27,684.985,414.18,2482.41,466.902,6.34455e+06,246.063,275.812,17200
2014-09-14,358.262,771.035,466.24,2955.94,525.581,6.3439e+06,276.988,371.955,17200
2014-09-21,403.259,867.848,524.82,3488.96,591.607,6.34317e+06,311.784,321.533,17200
2014-09-28,453.883,976.76,590.73,4088.95,665.893,6.34234e+06,350.934,234.494,17200
2014-07-13,84.1992,183.087,113.844,119.807,123.469,6.34795e+06,81.355,101.233,17250
2014-07-20,96.2678,208.647,125.656,248.229,140.235,6.34777e+06,92.4025,80.9476,17250
2014-07-27,109.35,236.372,141.722,391.933,159.77,6.34757e+06,105.274,83.7811,17250
2014-08-03,123.914,267.689,160.444,554.418,181.206,6.34734e+06,119.399,126.382,17250
2014-08-10,140.351,303.167,181.717,738.421,205.276,6.34709e+06,135.258,114.965,17250
2014-08-17,158.955,343.347,205.81,946.821,232.494,6.3468e+06,153.192,163.62,17250
2014-08-24,180.021,388.846,233.092,1182.85,263.309,6.34647e+06,173.497,177.225,17250
2014-08-31,203.875,440.362,263.982,1450.16,298.202,6.34609e+06,196.488,241.99,17250
2014-09-07,230.882,498.688,298.959,1752.89,337.71,6.34567e+06,222.52,218.85,17250
2014-09-14,261.459,564.72,338.561,2095.73,382.44,6.34519e+06,251.994,243.176,17250
2014-09-21,296.074,639.471,383.395,2483.98,433.081,6.34465e+06,285.361,267.151,17250
2014-09-28,335.259,724.084,434.15,2923.63,490.408,6.34403e+06,323.134,420.596,17250
2014-07-13,83.2985,182.689,111.817,117.366,121.366,6.34795e+06,75.3811,57.9963,17300
2014-07-20,96.5933,211.044,124.775,244.163,139.754,6.34777e+06,86.8022,86.679,17300
2014-07-27,111.197,242.255,142.557,387.795,161.415,6.34757e+06,100.256,97.5953,17300
2014-08-03,127.679,277.986,163.527,552.339,185.513,6.34733e+06,115.223,129.95,17300
2014-08-10,146.533,319.001,187.664,741.143,212.942,6.34706e+06,132.259,89.994,17300
2014-08-17,168.156,366.068,215.363,957.817,244.373,6.34674e+06,151.781,151.546,17300
2014-08-24,192.966,420.071,247.144,1206.47,280.431,6.34638e+06,174.177,135.922,17300
2014-08-31,221.43,482.027,283.606,1491.81,321.801,6.34597e+06,199.872,241.338,17300
2014-09-07,254.084,553.101,325.438,1819.24,369.263,6.3455e+06,229.351,255.473,17300
2014-09-14,291.544,634.63,373.428,2194.96,423.711,6.34496e+06,263.169,243.918,17300
2014-09-21,334.512,728.143,428.478,2626.08,486.168,6.34433e+06,301.962,362.591,17300
2014-09-28,383.794,835.392,491.623,3120.74,557.807,6.34362e+06,346.457,386.572,17300
2014-07-13,94.9689,207.843,127.711,134.136,138.591,6.34789e+06,79.0304,100.7,17350
2014-07-20,109.742,239.295,142.124,278.768,159.045,6.34768e+06,90.6947,102.159,17350
2014-07-27,125.915,273.789,161.86,442.107,183.075,6.34745e+06,104.397,132.448,17350
2014-08-03,144.107,313.147,185.064,628.62,209.716,6.34718e+06,119.589,123.877,17350
2014-08-10,164.846,358.175,211.687,841.934,239.938,6.34687e+06,136.823,181.147,17350
2014-08-17,188.554,409.679,242.139,1085.94,274.454,6.34652e+06,156.506,91.2029,17350
2014-08-24,215.665,468.577,276.963,1365.03,313.921,6.34612e+06,179.011,200.202,17350
2014-08-31,246.667,535.926,316.785,1684.26,359.053,6.34567e+06,204.748,210.101,17350
2014-09-07,282.116,612.931,362.321,2049.39,410.66,6.34514e+06,234.176,276.182,17350
2014-09-14,322.647,700.971,414.387,2466.99,469.668,6.34455e+06,267.825,285.164,17350
2014-09-21,368.983,801.616,473.916,2944.59,537.131,6.34386e+06,306.295,291.564,17350
2014-09-28,421.952,916.66,541.971,3490.79,614.253,6.34308e+06,350.274,360.861,17350
2014-07-13,78.1551,173.014,104.084,108.932,113.071,6.34799e+06,67.8885,71.786,17400
2014-07-20,92.0402,202.858,117.554,227.644,132.182,6.34781e+06,79.3629,82.6532,17400
2014-07-27,107.516,236.235,136.223,363.942,154.968,6.34761e+06,93.0439,109.93,17400
2014-08-03,125.247,275.013,158.529,522.339,180.703,6.34737e+06,108.496,141.505,17400
2014-08-10,145.829,320.171,184.571,706.73,210.433,6.34709e+06,126.346,184.197,17400
2014-08-17,169.778,372.746,214.89,921.412,245.001,6.34677e+06,147.101,145.842,17400
2014-08-24,197.656,433.945,250.182,1171.35,285.234,6.3464e+06,171.257,206.674,17400
2014-08-31,230.105,505.175,291.26,1462.34,332.064,6.34596e+06,199.374,226.161,17400
2014-09-07,267.871,588.076,339.073,1801.1,386.572,6.34545e+06,232.101,196.105,17400
2014-09-14,311.824,684.551,394.721,2195.46,450.01,6.34486e+06,270.19,319.217,17400
2014-09-21,362.971,796.813,459.483,2654.54,523.836,6.34418e+06,314.516,293.797,17400
2014-09-28,422.486,927.43,534.844,3188.92,609.743,6.34338e+06,366.095,589.026,17400
2014-07-13,90.5376,196.435,122.639,129.149,132.982,6.34791e+06,89.246,105.119,17450
2014-07-20,103.14,223.077,134.988,267.31,150.509,6.34772e+06,101.009,110.327,17450
2014-07-27,116.754,251.866,151.744,421.428,170.874,6.34751e+06,114.676,130.494,17450
2014-08-03,131.856,284.274,171.21,595.103,193.141,6.34727e+06,129.619,140.275,17450
2014-08-10,148.842,320.861,193.255,791.114,218.057,6.347e+06,146.341,153.767,17450
2014-08-17,168.003,362.159,218.139,1012.36,246.135,6.34669e+06,165.184,131.9,17450
2014-08-24,189.625,408.764,246.22,1262.1,277.816,6.34634e+06,186.446,246.357,17450
2014-08-31,214.025,461.353,277.908,1543.98,313.567,6.34595e+06,210.439,176.931,17450
2014-09-07,241.557,520.692,313.666,1862.13,353.91,6.34551e+06,237.514,262.746,17450
2014-09-14,272.622,587.643,354.014,2221.21,399.431,6.34501e+06,268.063,255.815,17450
2014-09-21,307.67,663.175,399.538,2626.48,450.79,6.34445e+06,302.531,336.436,17450
2014-09-28,347.21,748.381,450.9,3083.85,508.734,6.34382e+06,341.418,450.621,17450
2014-07-13,87.6526,191.965,117.803,123.703,127.846,6.34793e+06,83.1237,62.4089,17500
2014-07-20,101.405,221.262,131.215,257.171,146.881,6.34774e+06,95.4996,91.2441,17500
2014-07-27,116.477,253.429,149.595,408.054,169.262,6.34752e+06,110.051,95.151,17500
2014-08-03,133.45,290.175,171.225,580.528,194.105,6.34727e+06,126.204,153.193,17500
2014-08-10,152.821,332.26,196.07,778,222.317,6.34699e+06,144.547,123.783,17500
2014-08-17,174.989,380.45,224.518,1004.13,254.574,6.34667e+06,165.52,176.174,17500
2014-08-24,200.367,435.621,257.087,1263.06,291.499,6.34629e+06,189.528,184.753,17500
2014-08-31,229.42,498.776,294.371,1559.54,333.771,6.34587e+06,217.012,224.691,17500
2014-09-07,262.677,571.068,337.052,1899.02,382.161,6.34538e+06,248.475,243.153,17500
2014-09-14,300.744,653.81,385.909,2287.72,437.551,6.34482e+06,284.489,306.475,17500
2014-09-21,344.313,748.507,441.83,2732.74,500.949,6.34418e+06,325.709,413.631,17500
2014-09-28,394.174,856.873,505.832,3242.25,573.507,6.34345e+06,372.885,436.374,17500
2014-07-13,106.192,232.778,142.609,149.71,154.781,6.34782e+06,80.7028,73.881,17550
2014-07-20,123.036,268.688,159.031,311.373,178.085,6.34759e+06,92.8536,85.1091,17550
2014-07-27,141.523,308.178,181.554,494.368,205.517,6.34732e+06,107.157,102.76,17550
2014-08-03,162.37,353.35,208.094,703.838,236.011,6.34702e+06,123.056,129.502,17550
2014-08-10,186.197,405.156,238.619,944.001,270.688,6.34668e+06,141.137,132.06,17550
2014-08-17,213.5,464.557,273.619,1219.39,310.392,6.34628e+06,161.839,130.21,17550
2014-08-24,244.8,532.652,313.742,1535.17,355.902,6.34582e+06,185.567,190.712,17550
2014-08-31,280.678,610.706,359.735,1897.25,408.071,6.3453e+06,212.768,209.521,17550
2014-09-07,321.803,700.167,412.455,2312.4,467.869,6.3447e+06,243.947,245.82,17550
2014-09-14,368.935,802.693,472.882,2788.38,536.408,6.34402e+06,279.683,316.116,17550
2014-09-21,422.949,920.179,542.137,3334.08,614.956,6.34323e+06,320.638,370.711,17550
2014-09-28,484.84,1054.79,621.5,3959.69,704.966,6.34233e+06,367.57,375.158,17550
2014-07-13,89.6637,193.688,121.899,128.538,132.127,6.34792e+06,87.1441,83.3913,17600
2014-07-20,101.413,218.438,133.437,265.506,148.505,6.34773e+06,97.9459,95.77,17600
2014-07-27,114.021,244.985,149.021,417.349,167.428,6.34752e+06,110.427,140.435,17600
2014-08-03,127.909,274.664,167.018,587.328,187.976,6.34729e+06,123.979,170.989,17600
2014-08-10,143.424,307.948,187.267,777.889,210.809,6.34703e+06,139.039,153.686,17600
2014-08-17,160.808,345.267,209.97,991.553,236.368,6.34674e+06,155.896,131.987,17600
2014-08-24,180.295,387.101,235.419,1231.12,265.014,6.34642e+06,174.789,158.438,17600
2014-08-31,202.138,433.993,263.947,1499.71,297.124,6.34605e+06,195.967,240.965,17600
2014-09-07,226.621,486.551,295.923,1800.86,333.117,6.34564e+06,219.707,191.032,17600
2014-09-14,254.062,545.456,331.764,2138.47,373.46,6.34518e+06,246.314,195.082,17600
2014-09-21,284.816,611.469,371.934,2516.98,418.674,6.34466e+06,276.135,310.997,17600
2014-09-28,319.281,685.444,416.954,2941.3,469.345,6.34409e+06,309.555,244.133,17600
2014-07-13,102.482,221.749,139.131,146.635,150.828,6.34784e+06,86.9474,65.3969,17650
2014-07-20,116.23,250.749,152.621,303.122,169.976,6.34763e+06,97.9855,68.9919,17650
2014-07-27,131.021,281.943,170.873,477.015,192.146,6.34739e+06,110.766,79.1926,17650
2014-08-03,147.357,316.908,191.999,672.173,216.284,6.34712e+06,124.681,107.873,17650
2014-08-10,165.653,356.219,215.827,891.522,243.177,6.34682e+06,140.184,156.706,17650
2014-08-17,186.205,400.407,242.612,1138.09,273.357,6.34648e+06,157.581,154.338,17650
2014-08-24,209.302,450.066,272.712,1415.26,307.268,6.3461e+06,177.13,196.277,17650
2014-08-31,235.257,505.869,306.538,1726.81,345.376,6.34568e+06,199.098,152.005,17650
2014-09-07,264.423,568.571,344.549,2077,388.199,6.3452e+06,223.784,226.262,17650
2014-09-14,297.193,639.021,387.261,2470.6,436.317,6.34466e+06,251.523,245.267,17650
2014-09-21,334.011,718.168,435.252,2912.99,490.381,6.34405e+06,282.689,464.049,17650
2014-09-28,375.373,807.079,489.17,3410.2,551.12,6.34337e+06,317.703,166.307,17650
2014-07-13,101.553,223.865,135.731,142.241,147.392,6.34785e+06,82.1651,65.2884,17700
2014-07-20,118.761,260.723,152.46,296.641,171.13,6.34762e+06,95.3983,136.304,17700
2014-07-27,137.815,301.647,175.543,472.836,199.278,6.34736e+06,111.09,122.814,17700
2014-08-03,159.497,348.876,202.959,676.272,230.852,6.34706e+06,128.691,150.104,17700
2014-08-10,184.496,403.515,234.76,911.552,267.081,6.34672e+06,148.887,145.409,17700
2014-08-17,213.395,466.711,271.542,1183.7,308.927,6.34631e+06,172.215,176.28,17700
2014-08-24,246.813,539.788,314.075,1498.48,357.311,6.34585e+06,199.187,199.014,17700
2014-08-31,285.454,624.283,363.257,1862.55,413.258,6.34531e+06,230.375,200.472,17700
2014-09-07,330.131,721.971,420.125,2283.63,477.948,6.34469e+06,266.437,229.307,17700
2014-09-14,381.782,834.902,485.874,2770.62,552.739,6.34398e+06,308.13,322.907,17700
2014-09-21,441.489,965.439,561.885,3333.81,639.2,6.34315e+06,356.329,310.773,17700
2014-09-28,510.5,1116.31,649.75,3985.09,739.142,6.34219e+06,412.042,441.443,17700
2014-07-13,100.486,216.943,136.677,144.145,148.137,6.34785e+06,86.953,99.1677,17750
2014-07-20,113.548,244.444,149.507,297.666,166.35,6.34764e+06,97.6431,104.607,17750
2014-07-27,127.552,273.914,166.827,467.723,187.378,6.34741e+06,109.986,125.88,17750
2014-08-03,142.963,306.83,186.812,657.928,210.189,6.34716e+06,123.376,127.254,17750
2014-08-10,160.164,343.711,209.277,870.977,235.515,6.34687e+06,138.242,137.117,17750
2014-08-17,179.42,385.026,234.444,1109.65,263.838,6.34654e+06,154.866,169.165,17750
2014-08-24,200.985,431.298,262.63,1377.02,295.554,6.34618e+06,173.483,161.286,17750
2014-08-31,225.137,483.117,294.195,1676.53,331.074,6.34577e+06,194.332,212.388,17750
2014-09-07,252.183,541.144,329.546,2012.03,370.852,6.34532e+06,217.681,213.441,17750
2014-09-14,282.469,606.119,369.133,2387.84,415.396,6.3448e+06,243.827,232.697,17750
2014-09-21,316.379,678.868,413.46,2808.78,465.274,6.34423e+06,273.104,230.045,17750
2014-09-28,354.346,760.314,463.093,3280.27,521.119,6.34359e+06,305.884,344.17,17750
2014-07-13,110.897,239.529,150.78,158.998,163.43,6.34779e+06,94.2794,135.135,17800
2014-07-20,125.406,270.089,165.029,328.405,183.656,6.34756e+06,105.947,183.783,17800
2014-07-27,140.973,302.861,184.272,516.183,207.021,6.34731e+06,119.426,63.7006,17800
2014-08-03,158.116,339.49,206.49,726.352,232.387,6.34702e+06,134.059,115.706,17800
2014-08-10,177.262,380.56,231.483,961.927,260.569,6.3467e+06,150.317,223.174,17800
2014-08-17,198.711,426.598,259.5,1226.02,292.106,6.34634e+06,168.51,144.882,17800
2014-08-24,222.748,478.194,290.898,1522.06,327.446,6.34594e+06,188.897,264.764,17800
2014-08-31,249.685,536.014,326.086,1853.93,367.05,6.34548e+06,211.744,222.261,17800
2014-09-07,279.871,600.802,365.518,2225.93,411.432,6.34498e+06,237.347,170.367,17800
2014-09-14,313.694,673.395,409.705,2642.9,461.163,6.34441e+06,266.036,330.712,17800
2014-09-21,351.59,754.724,459.215,3110.28,516.885,6.34377e+06,298.18,438.65,17800
2014-09-28,394.045,845.833,514.686,3634.12,579.314,6.34306e+06,334.194,351.716,17800
2014-07-13,87.8865,192.11,118.308,124.306,128.372,6.34793e+06,69.7622,77.1998,17850
2014-07-20,101.355,220.757,131.456,258.189,147.032,6.34774e+06,79.9029,68.9641,17850
2014-07-27,116.073,252.109,149.437,409.128,168.92,6.34752e+06,91.7973,104.398,17850
2014-08-03,132.595,287.815,170.543,581.162,193.14,6.34728e+06,104.959,87.9143,17850
2014-08-10,151.396,328.591,194.715,777.552,220.562,6.347e+06,119.862,141.841,17850
2014-08-17,172.849,375.144,222.312,1001.78,251.823,6.34668e+06,136.85,145.604,17850
2014-08-24,197.336,428.283,253.813,1257.78,287.501,6.34631e+06,156.239,196.741,17850
2014-08-31,225.286,488.936,289.769,1550.05,328.227,6.3459e+06,178.371,197.258,17850
2014-09-07,257.187,558.158,330.808,1883.72,374.71,6.34542e+06,203.632,159.372,17850
2014-09-14,293.594,637.156,377.648,2264.64,427.761,6.34488e+06,232.462,301.192,17850
2014-09-21,335.141,727.302,431.104,2699.49,488.305,6.34426e+06,265.363,281.751,17850
2014-09-28,382.549,830.159,492.106,3195.88,557.392,6.34355e+06,302.908,453.841,17850
2014-07-13,99.5246,217.156,134.178,141.059,145.568,6.34786e+06,81.3779,68.3639,17900
2014-07-20,114.434,248.822,148.747,292.735,166.245,6.34765e+06,92.9372,84.8814,17900
2014-07-27,130.682,283.371,168.633,463.291,190.442,6.3474e+06,106.464,103.786,17900
2014-08-03,148.868,322.605,191.915,657.148,217.139,6.34713e+06,121.389,128.875,17900
2014-08-10,169.504,367.284,218.507,877.835,247.279,6.34682e+06,138.238,113.161,17900
2014-08-17,192.983,418.151,248.782,1129.1,281.54,6.34646e+06,157.391,146.189,17900
2014-08-24,219.708,476.05,283.242,1415.17,320.534,6.34606e+06,179.19,149.394,17900
2014-08-31,250.127,541.95,322.465,1740.87,364.918,6.34559e+06,204.002,258.856,17900
2014-09-07,284.748,616.948,367.108,2111.66,415.434,6.34507e+06,232.243,249.368,17900
2014-09-14,324.147,702.295,417.917,2533.78,472.925,6.34447e+06,264.382,228.179,17900
2014-09-21,368.981,799.408,475.738,3014.3,538.349,6.34379e+06,300.957,318.267,17900
2014-09-28,419.994,909.9,541.533,3561.3,612.794,6.34302e+06,342.574,386.746,17900
2014-07-13,105.087,226.628,143.064,150.93,155.045,6.34782e+06,86.4687,89.0364,17950
2014-07-20,118.535,254.918,156.28,311.52,173.806,6.34761e+06,96.932,68.3361,17950
2014-07-27,132.929,285.176,174.102,489.137,195.439,6.34737e+06,108.996,16.0297,17950
2014-08-03,148.743,318.916,194.635,687.469,218.865,6.3471e+06,122.061,120.531,17950
2014-08-10,166.362,356.656,217.68,909.253,244.829,6.3468e+06,136.541,177.156,17950
2014-08-17,186.053,398.863,243.452,1157.3,273.816,6.34646e+06,152.708,119.321,17950
2014-08-24,208.069,446.054,272.267,1434.7,306.221,6.34609e+06,170.78,172.963,17950
2014-08-31,232.684,498.815,304.484,1744.94,342.453,6.34567e+06,190.986,148.962,17950
2014-09-07,260.204,557.797,340.503,2091.88,382.96,6.3452e+06,213.577,168.621,17950
2014-09-14,290.967,623.731,380.771,2479.86,428.244,6.34467e+06,238.832,282.012,17950
2014-09-21,325.355,697.429,425.786,2913.71,478.865,6.34409e+06,267.064,200.705,17950
2014-09-28,363.791,779.799,476.104,3398.84,535.448,6.34343e+06,298.62,307.746,17950
2014-07-13,80.294,176.94,107.349,112.511,116.568,6.34797e+06,77.6156,61.1929,18000
2014-07-20,93.8457,205.957,120.526,234.599,135.265,6.3478e+06,90.0647,113.499,18000
2014-07-27,108.842,238.157,138.7,373.851,157.426,6.34759e+06,104.82,120.091,18000
2014-08-03,125.898,275.299,160.276,534.546,182.27,6.34735e+06,121.362,88.8138,18000
2014-08-10,145.555,318.247,185.29,720.294,210.763,6.34708e+06,140.334,175.153,18000
2014-08-17,168.266,367.897,214.208,935.033,243.656,6.34676e+06,162.235,212.575,18000
2014-08-24,194.516,425.283,247.631,1183.28,281.671,6.3464e+06,187.547,212.887,18000
2014-08-31,224.854,491.606,286.26,1470.26,325.608,6.34598e+06,216.802,257.391,18000
2014-09-07,259.916,568.251,330.906,1802,376.386,6.34549e+06,250.612,216.063,18000
2014-09-14,300.434,656.82,382.502,2185.47,435.069,6.34492e+06,289.685,364.817,18000
2014-09-21,347.253,759.156,442.125,2628.73,502.88,6.34427e+06,334.836,244.726,18000
2014-09-28,401.348,877.388,511.02,3141.07,581.233,6.34352e+06,387.007,338.3,18000
2014-07-13,105.899,229.891,143.38,150.966,155.48,6.34782e+06,96.7196,118.258,18050
2014-07-20,120.749,261.3,157.928,312.547,176.129,6.3476e+06,109.565,130.453,18050
2014-07-27,136.806,295.273,177.68,492.932,200.136,6.34735e+06,124.499,128.209,18050
2014-08-03,154.633,333.547,200.643,696.379,226.41,6.34706e+06,140.843,156.867,18050
2014-08-10,174.7,376.793,226.67,926.185,255.834,6.34675e+06,159.147,167.399,18050
2014-08-17,197.355,425.645,256.072,1185.8,289.019,6.34639e+06,179.79,143.201,18050
2014-08-24,222.941,480.82,289.278,1479.09,326.493,6.34598e+06,203.102,193.307,18050
2014-08-31,251.837,543.13,326.78,1810.4,368.816,6.34552e+06,229.43,166.283,18050
2014-09-07,284.468,613.491,369.132,2184.66,416.612,6.345e+06,259.163,246.098,18050
2014-09-14,321.315,692.938,416.958,2607.42,470.584,6.34441e+06,292.737,322.5,18050
2014-09-21,362.918,782.637,470.962,3084.94,531.526,6.34375e+06,330.648,295.198,18050
2014-09-28,409.887,883.899,531.936,3624.3,600.333,6.343e+06,373.45,421.106,18050
2014-07-13,99.2836,213.889,135.28,142.762,146.595,6.34786e+06,88.842,85.945,18100
2014-07-20,111.798,240.194,147.585,294.52,164.063,6.34766e+06,99.4286,68.9912,18100
2014-07-27,125.173,268.279,164.161,462.123,184.179,6.34743e+06,111.619,116.679,18100
2014-08-03,139.841,299.545,183.231,648.979,205.927,6.34718e+06,124.799,103.545,18100
2014-08-10,156.159,334.464,204.601,857.601,229.991,6.3469e+06,139.384,168.107,18100
2014-08-17,174.366,373.454,228.464,1090.55,256.816,6.34658e+06,155.64,132.035,18100
2014-08-24,194.692,416.981,255.101,1350.67,286.756,6.34623e+06,173.785,154.764,18100
2014-08-31,217.382,465.569,284.837,1641.11,320.178,6.34584e+06,194.04,189.305,18100
2014-09-07,242.708,519.802,318.03,1965.41,357.487,6.3454e+06,216.651,244.178,18100
2014-09-14,270.977,580.332,355.081,2327.49,399.13,6.34492e+06,241.888,238.946,18100
2014-09-21,302.527,647.886,396.436,2731.74,445.61,6.34437e+06,270.056,278.846,18100
2014-09-28,337.737,723.272,442.59,3183.07,497.483,6.34376e+06,301.493,403.411,18100
2014-07-13,104.255,226.164,141.237,148.74,153.146,6.34783e+06,89.0716,79.8566,18150
2014-07-20,118.738,256.779,155.43,307.839,173.292,6.34761e+06,100.789,84.8293,18150
2014-07-27,134.381,289.853,174.686,485.276,196.693,6.34737e+06,114.399,127.779,18150
2014-08-03,151.729,327.075,197.051,685.186,222.275,6.34709e+06,129.278,149.849,18150
2014-08-10,171.236,369.086,222.374,910.755,250.892,6.34678e+06,145.922,108.635,18150
2014-08-17,193.235,416.494,250.95,1165.31,283.134,6.34642e+06,164.674,175.202,18150
2014-08-24,218.054,469.981,283.189,1452.58,319.504,6.34603e+06,185.827,224.347,18150
2014-08-31,246.053,530.319,319.56,1776.74,360.535,6.34558e+06,209.691,255.168,18150
2014-09-07,277.639,598.382,360.591,2142.53,406.823,6.34507e+06,236.613,222.939,18150
2014-09-14,313.266,675.153,406.876,2555.28,459.037,6.3445e+06,266.981,295.922,18150
2014-09-21,353.451,761.738,459.085,3021.01,517.931,6.34385e+06,301.235,354.412,18150
2014-09-28,398.771,859.382,517.969,3546.48,584.355,6.34313e+06,339.868,353.149,18150
2014-07-13,75.2488,163.493,101.811,107.17,110.411,6.348e+06,76.2241,75.4642,18200
2014-07-20,85.9205,186.079,112.26,221.963,125.242,6.34784e+06,86.4634,39.5778,18200
2014-07-27,97.4745,210.546,126.46,350.268,142.506,6.34767e+06,98.3814,63.7204,18200
2014-08-03,110.32,238.148,142.99,495.164,161.425,6.34746e+06,111.443,91.808,18200
2014-08-10,124.8,269.379,161.749,659.046,182.642,6.34724e+06,126.09,176.952,18200
2014-08-17,141.17,304.707,182.97,844.43,206.604,6.34698e+06,142.633,143.119,18200
2014-08-24,159.683,344.663,206.969,1054.13,233.701,6.34668e+06,161.34,139.552,18200
2014-08-31,180.62,389.85,234.111,1291.34,264.347,6.34635e+06,182.496,137.51,18200
2014-09-07,204.298,440.949,264.806,1559.64,299.004,6.34598e+06,206.423,226.463,18200
2014-09-14,231.073,498.73,299.518,1863.13,338.195,6.34556e+06,233.479,230.457,18200
2014-09-21,261.349,564.063,338.77,2206.39,382.513,6.34508e+06,264.075,196.882,18200
2014-09-28,295.581,637.93,383.154,2594.63,432.623,6.34454e+06,298.669,192.257,18200
2014-07-13,91.6892,199.551,123.878,130.332,134.363,6.3479e+06,85.9888,66.8075,18250
2014-07-20,104.985,227.73,136.886,270.149,152.826,6.34771e+06,97.8043,102.923,18250
2014-07-27,119.417,258.341,154.594,426.802,174.361,6.34749e+06,111.586,80.4805,18250
2014-08-03,135.505,292.966,175.254,604.167,198.025,6.34724e+06,126.731,131.565,18250
2014-08-10,153.688,332.244,198.761,805.294,224.634,6.34696e+06,143.76,114.556,18250
2014-08-17,174.296,376.788,225.419,1033.4,254.763,6.34664e+06,163.042,131.111,18250
2014-08-24,197.663,427.295,255.646,1292.09,288.921,6.34628e+06,184.902,212.865,18250
2014-08-31,224.156,484.558,289.918,1585.47,327.651,6.34587e+06,209.688,191.374,18250
2014-09-07,254.193,549.477,328.774,1918.18,371.561,6.3454e+06,237.789,196.024,18250
2014-09-14,288.244,623.07,372.827,2295.47,421.342,6.34487e+06,269.648,206.04,18250
2014-09-21,326.843,706.489,422.766,2723.3,477.774,6.34427e+06,305.763,284.602,18250
2014-09-28,370.595,801.037,479.376,3208.43,541.742,6.34359e+06,346.7,251.098,18250
2014-07-13,86.6063,188.938,116.778,122.773,126.689,6.34793e+06,86.4646,69.1165,18300
2014-07-20,99.5538,216.433,129.431,254.767,144.646,6.34775e+06,98.7202,111.077,18300
2014-07-27,113.66,246.422,146.697,403.156,165.656,6.34754e+06,113.059,108.977,18300
2014-08-03,129.445,280.472,166.909,571.774,188.831,6.3473e+06,128.876,141.326,18300
2014-08-10,147.351,319.237,189.989,763.682,214.988,6.34703e+06,146.728,127.857,18300
2014-08-17,167.721,363.362,216.26,982.127,244.715,6.34672e+06,167.016,190.407,18300
2014-08-24,190.902,413.577,246.155,1230.77,278.541,6.34637e+06,190.103,208.226,18300
2014-08-31,217.282,470.718,280.176,1513.79,317.035,6.34597e+06,216.374,210.814,18300
2014-09-07,247.299,535.737,318.889,1835.91,360.838,6.34551e+06,246.27,124.542,18300
2014-09-14,281.453,609.714,362.941,2202.54,410.68,6.34499e+06,280.287,375.88,18300
2014-09-21,320.312,693.875,413.063,2619.81,467.39,6.3444e+06,318.99,226.813,18300
2014-09-28,364.519,789.616,470.087,3094.69,531.907,6.34373e+06,363.023,170.556,18300
2014-07-13,96.1299,209.91,129.518,136.128,140.522,6.34788e+06,84.4013,96.6096,18350
2014-07-20,110.671,240.814,143.721,282.604,160.68,6.34767e+06,96.5088,107.885,18350
2014-07-27,126.537,274.574,163.124,447.495,184.293,6.34744e+06,110.691,110.4,18350
2014-08-03,144.316,312.96,185.865,635.132,210.378,6.34717e+06,126.358,126.863,18350
2014-08-10,164.515,356.725,211.869,848.99,239.862,6.34687e+06,144.068,103.694,18350
2014-08-17,187.525,406.61,241.509,1092.77,273.42,6.34652e+06,164.223,202.03,18350
2014-08-24,213.748,463.46,275.287,1370.65,311.657,6.34613e+06,187.189,190.282,18350
2014-08-31,243.63,528.242,313.78,1687.39,355.232,6.34568e+06,213.362,184.236,18350
2014-09-07,277.68,602.057,357.645,2048.41,404.887,6.34516e+06,243.185,286.002,18350
2014-09-14,316.476,686.158,407.626,2459.89,461.465,6.34458e+06,277.168,285.111,18350
2014-09-21,360.677,781.968,464.574,2928.87,525.928,6.34391e+06,315.886,348.379,18350
2014-09-28,411.03,891.108,529.454,3463.36,599.367,6.34316e+06,359.995,338.335,18350
2014-07-13,108.048,236.01,145.536,152.949,157.906,6.34781e+06,79.1707,109.981,18400
2014-07-20,124.457,270.891,161.562,317.573,180.65,6.34758e+06,90.574,102.338,18400
2014-07-27,142.369,309.018,183.46,502.977,207.302,6.34731e+06,103.937,125.085,18400
2014-08-03,162.452,352.389,209.138,714.058,236.759,6.34701e+06,118.706,105.763,18400
2014-08-10,185.278,401.86,238.513,954.754,270.071,6.34667e+06,135.408,162.061,18400
2014-08-17,211.293,458.274,272.011,1229.26,308.002,6.34628e+06,154.425,157.931,18400
2014-08-24,240.953,522.595,310.203,1542.31,351.243,6.34583e+06,176.105,170.923,18400
2014-08-31,274.767,595.921,353.746,1899.31,400.542,6.34533e+06,200.823,193.011,18400
2014-09-07,313.315,679.508,403.386,2306.41,456.743,6.34475e+06,229.001,223.183,18400
2014-09-14,357.255,774.781,459.974,2770.63,520.809,6.34409e+06,261.122,195.688,18400
2014-09-21,407.336,883.365,524.476,3299.96,593.833,6.34333e+06,297.735,224.696,18400
2014-09-28,464.412,1007.1,597.992,3903.51,677.06,6.34248e+06,339.463,357.093,18400
2014-07-13,98.9522,216.633,133.03,139.708,144.367,6.34786e+06,79.5039,68.3008,18450
2014-07-20,114.408,249.549,148.107,290.395,165.764,6.34765e+06,91.2875,74.2719,18450
2014-07-27,131.338,285.668,168.759,460.653,190.911,6.3474e+06,105.136,103.202,18450
2014-08-03,150.391,326.903,193.052,655.167,218.807,6.34712e+06,120.498,114.784,18450
2014-08-10,172.123,374.102,220.939,877.748,250.467,6.34681e+06,137.934,142.998,18450
2014-08-17,196.979,428.116,252.852,1132.48,286.646,6.34644e+06,157.858,128.932,18450
2014-08-24,225.418,489.916,289.365,1424,328.035,6.34602e+06,180.651,184.001,18450
2014-08-31,257.954,560.618,331.14,1757.62,375.388,6.34554e+06,206.729,186.396,18450
2014-09-07,295.176,641.498,378.933,2139.39,429.563,6.345e+06,236.564,200.111,18450
2014-09-14,337.754,734.013,433.608,2576.25,491.537,6.34437e+06,270.693,249.237,18450
2014-09-21,386.455,839.826,496.15,3076.13,562.426,6.34365e+06,309.732,338.2,18450
2014-09-28,442.155,960.836,567.684,3648.1,643.506,6.34283e+06,354.384,483.611,18450
2014-07-13,127.971,277.208,173.576,182.877,188.187,6.34769e+06,88.2911,104.255,18500
2014-07-20,145.401,314.009,190.669,378.234,212.45,6.34742e+06,99.6745,110.484,18500
2014-07-27,164.185,353.665,213.825,595.661,240.582,6.34712e+06,112.873,119.959,18500
2014-08-03,184.966,398.19,240.664,840.084,271.262,6.34679e+06,127.267,101.5,18500
2014-08-10,208.28,448.331,270.986,1115.26,305.503,6.34641e+06,143.332,132.897,18500
2014-08-17,234.512,504.784,305.125,1425.12,343.991,6.34598e+06,161.389,169.932,18500
2014-08-24,264.038,568.327,343.553,1774,387.308,6.3455e+06,181.712,180.959,18500
2014-08-31,297.271,639.846,386.806,2166.81,436.064,6.34496e+06,204.587,189.597,18500
2014-09-07,334.674,720.333,435.488,2609.07,490.94,6.34435e+06,230.333,247.602,18500
2014-09-14,376.765,810.905,490.277,3106.97,552.697,6.34367e+06,259.307,261.984,18500
2014-09-21,424.128,912.814,551.933,3667.51,622.193,6.34289e+06,291.912,362.191,18500
2014-09-28,477.418,1027.47,621.31,4298.52,700.389,6.34203e+06,328.599,245.635,18500
2014-07-13,83.8185,183.721,112.571,118.179,122.178,6.34795e+06,79.2534,78.4368,18550
2014-07-20,97.1019,212.039,125.521,245.784,140.556,6.34777e+06,91.1747,105.397,18550
2014-07-27,111.68,243.176,143.282,390.211,162.188,6.34756e+06,105.207,92.4685,18550
2014-08-03,128.117,278.79,164.21,555.516,186.232,6.34732e+06,120.803,130.078,18550
2014-08-10,146.902,319.633,188.277,745.021,213.573,6.34705e+06,138.539,149.233,18550
2014-08-17,168.427,366.462,215.872,962.302,244.875,6.34674e+06,158.844,115.351,18550
2014-08-24,193.101,420.142,247.502,1211.42,280.752,6.34638e+06,182.116,188.116,18550
2014-08-31,221.384,481.671,283.76,1497.04,321.878,6.34597e+06,208.793,212.088,18550
2014-09-07,253.802,552.191,325.319,1824.5,369.017,6.34549e+06,239.371,313.825,18550
2014-09-14,290.956,633.012,372.954,2199.91,423.045,6.34495e+06,274.417,313.72,18550
2014-09-21,333.535,725.629,427.547,2630.28,484.964,6.34433e+06,314.583,297.529,18550
2014-09-28,382.327,831.754,490.11,3123.64,555.921,6.34362e+06,360.611,459.568,18550
2014-07-13,69.3653,153.109,92.608,97.0104,100.576,6.34804e+06,56.8902,42.0013,18600
2014-07-20,81.2949,178.688,104.198,202.442,117.021,6.34788e+06,66.192,53.8677,18600
2014-07-27,94.5308,207.154,120.212,322.982,136.554,6.34771e+06,77.2405,85.2292,18600
2014-08-03,109.625,240.074,139.266,462.439,158.512,6.3475e+06,89.6607,62.6807,18600
2014-08-10,127.065,278.24,161.415,624.051,183.761,6.34726e+06,103.943,96.6683,18600
2014-08-17,147.269,322.475,187.085,811.365,212.985,6.34698e+06,120.473,100.003,18600
2014-08-24,170.681,373.735,216.832,1028.47,246.847,6.34666e+06,139.627,122.247,18600
2014-08-31,197.81,433.132,251.301,1280.08,286.086,6.34629e+06,161.822,66.6225,18600
2014-09-07,229.244,501.953,291.243,1571.69,331.553,6.34586e+06,187.54,187.85,18600
2014-09-14,265.665,581.688,337.523,1909.65,384.235,6.34536e+06,217.339,104.595,18600
2014-09-21,307.86,674.059,391.143,2301.3,445.271,6.34478e+06,251.863,232.654,18600
2014-09-28,356.741,781.061,453.263,2755.16,515.981,6.3441e+06,291.86,234.281,18600
2014-07-13,68.8391,149.748,93.0439,97.9053,100.914,6.34804e+06,84.2923,94.0225,18650
2014-07-20,78.7589,170.765,102.751,202.89,114.693,6.34789e+06,95.8011,112.714,18650
2014-07-27,89.5192,193.578,115.96,320.436,130.755,6.34773e+06,109.217,117.795,18650
2014-08-03,101.506,219.364,131.361,453.427,148.392,6.34754e+06,123.949,142.075,18650
2014-08-10,115.043,248.595,148.872,604.125,168.209,6.34733e+06,140.502,160.699,18650
2014-08-17,130.376,281.723,168.718,774.913,190.633,6.34709e+06,159.233,152.125,18650
2014-08-24,147.749,319.261,191.204,968.465,216.038,6.34682e+06,180.454,178.66,18650
2014-08-31,167.435,361.793,216.683,1187.81,244.825,6.34652e+06,204.498,168.855,18650
2014-09-07,189.738,409.981,245.551,1436.38,277.441,6.34617e+06,231.742,216.256,18650
2014-09-14,215.008,464.573,278.26,1718.07,314.394,6.34577e+06,262.608,171.472,18650
2014-09-21,243.635,526.419,315.316,2037.27,356.259,6.34533e+06,297.578,349.483,18650
2014-09-28,276.064,596.476,357.296,2398.98,403.686,6.34482e+06,337.193,341.299,18650
2014-07-13,141.965,302.301,195.288,206.791,211.405,6.3476e+06,92.8389,102.163,18700
2014-07-20,156.861,333.317,210.017,424.38,232.319,6.34733e+06,102.023,105.966,18700
2014-07-27,172.501,365.784,229.624,660.828,256.055,6.34702e+06,112.447,121.379,18700
2014-08-03,189.34,401.278,251.829,919.872,281.248,6.34669e+06,123.511,119.293,18700
2014-08-10,207.736,440.223,276.284,1204.04,308.62,6.34632e+06,135.531,153.476,18700
2014-08-17,227.901,482.943,303.112,1515.8,338.588,6.34592e+06,148.692,121.116,18700
2014-08-24,250.016,529.796,332.533,1857.82,371.449,6.34548e+06,163.123,146.742,18700
2014-08-31,274.267,581.174,364.799,2233.04,407.485,6.345e+06,178.948,202.602,18700
2014-09-07,300.861,637.512,400.183,2644.66,447.004,6.34447e+06,196.303,162.646,18700
2014-09-14,330.02,699.282,438.982,3096.2,490.337,6.34389e+06,215.333,182.659,18700
2014-09-21,361.99,767.004,481.525,3591.51,537.849,6.34325e+06,236.198,226.685,18700
2014-09-28,397.039,841.242,528.168,4134.8,589.938,6.34255e+06,259.073,194.185,18700
2014-07-13,158.298,345.167,213.534,224.529,231.646,6.34751e+06,79.7938,94.2643,18750
2014-07-20,181.814,395.082,236.52,465.813,264.271,6.34717e+06,91.0317,84.0309,18750
2014-07-27,207.412,449.473,267.872,736.875,302.413,6.34679e+06,104.17,140.803,18750
2014-08-03,236.03,511.17,304.542,1044.65,344.448,6.34635e+06,118.65,140.483,18750
2014-08-10,268.464,581.348,346.378,1394.66,391.848,6.34586e+06,134.977,108.106,18750
2014-08-17,305.326,661.15,393.954,1792.76,445.668,6.3453e+06,153.517,134.472,18750
2014-08-24,347.233,751.876,448.043,2245.52,506.849,6.34466e+06,174.591,171.753,18750
2014-08-31,394.873,855.007,509.534,2760.43,576.403,6.34393e+06,198.55,195.637,18750
2014-09-07,449.025,972.226,579.436,3345.99,655.467,6.3431e+06,225.785,248.854,18750
2014-09-14,510.571,1105.44,658.89,4011.87,745.332,6.34216e+06,256.74,218.644,18750
2014-09-21,580.511,1256.81,749.19,4769.03,847.461,6.34109e+06,291.92,299.921,18750
2014-09-28,659.978,1428.78,851.803,5629.93,963.51,6.33988e+06,331.894,301.228,18750
2014-07-13,112.548,243.396,152.868,161.139,165.711,6.34778e+06,90.6357,67.9261,18800
2014-07-20,127.531,274.987,167.573,333.019,186.585,6.34755e+06,102.053,65.0765,18800
2014-07-27,143.637,308.936,187.459,523.87,210.737,6.34729e+06,115.263,113.212,18800
2014-08-03,161.409,346.954,210.458,737.879,237.008,6.34699e+06,129.632,109.724,18800
2014-08-10,181.296,389.661,236.377,978.212,266.252,6.34666e+06,145.627,134.668,18800
2014-08-17,203.617,437.625,265.487,1248.14,299.042,6.3463e+06,163.561,97.217,18800
2014-08-24,228.678,491.48,298.171,1551.31,335.853,6.34588e+06,183.695,195.783,18800
2014-08-31,256.816,551.945,334.869,1891.8,377.185,6.34541e+06,206.301,132.721,18800
2014-09-07,288.407,619.825,376.072,2274.19,423.589,6.34489e+06,231.682,213.493,18800
2014-09-14,323.871,696.024,422.328,2703.61,475.684,6.3443e+06,260.176,165.605,18800
2014-09-21,363.679,781.554,474.256,3185.85,534.165,6.34364e+06,292.162,215.409,18800
2014-09-28,408.361,877.548,532.544,3727.37,599.807,6.3429e+06,328.065,305.176,18800
2014-07-13,120.127,263.545,161.21,169.193,174.982,6.34774e+06,84.2708,74.4347,18850
2014-07-20,139.373,304.605,179.966,352.035,201.599,6.34747e+06,97.0893,99.2302,18850
2014-07-27,160.525,349.821,205.713,559.251,232.964,6.34717e+06,112.194,100.764,18850
2014-08-03,184.407,401.609,236.088,796.751,267.874,6.34683e+06,129.007,128.694,18850
2014-08-10,211.737,461.079,271.066,1069.4,307.627,6.34644e+06,148.152,154.001,18850
2014-08-17,243.096,529.352,311.222,1382.44,353.199,6.34598e+06,170.1,201.325,18850
2014-08-24,279.088,607.714,357.312,1741.85,405.5,6.34546e+06,195.288,154.769,18850
2014-08-31,320.397,697.646,410.213,2154.48,465.529,6.34487e+06,224.197,212.591,18850
2014-09-07,367.803,800.847,470.925,2628.19,534.421,6.34418e+06,257.376,274.77,18850
2014-09-14,422.201,919.261,540.598,3172,613.478,6.3434e+06,295.449,428.036,18850
2014-09-21,484.615,1055.12,620.544,3796.24,704.19,6.34249e+06,339.136,346.315,18850
2014-09-28,556.217,1210.96,712.269,4512.78,808.263,6.34146e+06,389.257,420.257,18850
2014-07-13,87.1987,194.156,115.551,120.712,125.596,6.34793e+06,71.9991,69.4876,18900
2014-07-20,103.686,229.764,131.499,252.984,148.22,6.34773e+06,84.9682,101.881,18900
2014-07-27,122.231,269.987,153.741,406.141,175.399,6.3475e+06,100.549,119.864,18900
2014-08-03,143.678,317.147,180.534,585.735,206.388,6.34722e+06,118.313,115.147,18900
2014-08-10,168.802,372.563,212.094,796.695,242.518,6.3469e+06,139.026,205.355,18900
2014-08-17,198.301,437.663,249.167,1044.53,284.91,6.34652e+06,163.327,127.194,18900
2014-08-24,232.949,514.122,292.71,1335.68,334.695,6.34607e+06,191.866,235.153,18900
2014-08-31,273.64,603.916,343.85,1677.71,393.166,6.34555e+06,225.385,293.41,18900
2014-09-07,321.427,709.36,403.911,2079.48,461.835,6.34494e+06,264.75,214.668,18900
2014-09-14,377.54,833.171,474.441,2551.42,542.473,6.34421e+06,310.977,171.002,18900
2014-09-21,443.423,978.53,557.259,3105.76,637.156,6.34337e+06,365.255,371.673,18900
2014-09-28,520.768,1149.16,654.495,3756.85,748.319,6.34237e+06,428.98,233.954,18900
2014-07-13,96.1165,209.983,129.447,136.033,140.451,6.34788e+06,84.1525,74.7894,18950
2014-07-20,110.744,241.082,143.731,282.472,160.724,6.34767e+06,96.2992,21.557,18950
2014-07-27,126.716,275.085,163.255,447.435,184.486,6.34744e+06,110.536,120.065,18950
2014-08-03,144.629,313.777,186.153,635.294,210.757,6.34717e+06,126.276,113.57,18950
2014-08-10,164.994,357.922,212.355,849.565,240.473,6.34687e+06,144.081,147.654,18950
2014-08-17,188.212,408.279,242.244,1094,274.321,6.34652e+06,164.361,195.954,18950
2014-08-24,214.69,465.709,276.331,1372.83,312.917,6.34612e+06,187.487,240.715,18950
2014-08-31,244.886,531.201,315.204,1690.89,356.934,6.34567e+06,213.86,164.146,18950
2014-09-07,279.32,605.881,359.535,2053.69,407.13,6.34515e+06,243.935,295.881,18950
2014-09-14,318.582,691.029,410.086,2467.5,464.367,6.34456e+06,278.229,266.318,18950
2014-09-21,363.348,788.106,467.726,2939.49,529.629,6.34389e+06,317.331,381.653,18950
2014-09-28,414.382,898.77,533.443,3477.81,604.034,6.34313e+06,361.912,387.549,18950
2014-07-13,99.2283,217.876,133.071,139.625,144.451,6.34786e+06,83.0559,89.1598,19000
2014-07-20,115.284,252.153,148.711,290.63,166.645,6.34764e+06,95.817,90.2527,19000
2014-07-27,132.952,289.953,170.2,461.967,192.827,6.34739e+06,110.871,107.868,19000
2014-08-03,152.929,333.307,195.581,658.595,222.008,6.34711e+06,127.65,135.269,19000
2014-08-10,175.82,383.156,224.846,884.612,255.283,6.34678e+06,146.782,171.887,19000
2014-08-17,202.12,440.461,258.488,1144.45,293.479,6.3464e+06,168.744,202.695,19000
2014-08-24,232.347,506.323,297.153,1443.16,337.373,6.34597e+06,193.982,226.106,19000
2014-08-31,267.085,582.012,341.59,1786.54,387.821,6.34547e+06,222.989,226.423,19000
2014-09-07,307.006,668.989,392.659,2181.27,445.797,6.3449e+06,256.323,238.414,19000
2014-09-14,352.878,768.926,451.345,2635,512.418,6.34424e+06,294.629,315.058,19000
2014-09-21,405.584,883.743,518.778,3156.53,588.967,6.34349e+06,338.643,336.869,19000
2014-09-28,466.134,1015.64,596.255,3755.97,676.914,6.34262e+06,389.211,389.099,19000
2014-07-13,107.944,236.309,145.122,152.409,157.489,6.34781e+06,80.6499,61.0106,19050
2014-07-20,124.796,272.198,161.563,316.79,180.821,6.34757e+06,92.5978,93.7856,19050
2014-07-27,143.255,311.577,184.08,502.511,208.239,6.34731e+06,106.639,119.255,19050
2014-08-03,164.026,356.528,210.566,714.677,238.652,6.347e+06,122.213,163.387,19050
2014-08-10,187.717,407.978,240.968,957.443,273.167,6.34666e+06,139.888,157.976,19050
2014-08-17,214.811,466.852,275.756,1235.26,312.604,6.34626e+06,160.084,128.356,19050
2014-08-24,245.807,534.207,315.555,1553.18,357.717,6.3458e+06,183.186,144.678,19050
2014-08-31,281.266,611.256,361.087,1916.97,409.327,6.34528e+06,209.615,199.879,19050
2014-09-07,321.827,699.388,413.172,2333.25,468.366,6.34468e+06,239.849,245.396,19050
2014-09-14,368.221,800.187,472.752,2809.57,535.897,6.344e+06,274.431,345.357,19050
2014-09-21,421.281,915.462,540.897,3354.56,613.135,6.34322e+06,313.985,320.513,19050
2014-09-28,481.958,1047.27,618.831,3978.09,701.465,6.34232e+06,359.218,332.956,19050
2014-07-13,105.358,229.411,142.287,149.678,154.337,6.34782e+06,86.4896,87.0761,19100
2014-07-20,120.732,262.009,157.326,310.32,175.681,6.3476e+06,98.4507,103.725,19100
2014-07-27,137.433,297.449,177.808,490.431,200.592,6.34735e+06,112.411,116.951,19100
2014-08-03,156.064,337.566,201.72,694.506,227.987,6.34706e+06,127.763,144.095,19100
2014-08-10,177.137,383.105,228.946,926.093,258.814,6.34673e+06,145.038,126.98,19100
2014-08-17,201.038,434.787,259.846,1188.94,293.745,6.34637e+06,164.613,133.467,19100
2014-08-24,228.157,493.43,294.905,1487.25,333.375,6.34595e+06,186.821,166.384,19100
2014-08-31,258.926,559.962,334.685,1825.81,378.339,6.34547e+06,212.019,265.288,19100
2014-09-07,293.834,635.441,379.818,2210.03,429.354,6.34493e+06,240.608,225.754,19100
2014-09-14,333.435,721.062,431.021,2646.06,487.229,6.34432e+06,273.041,198.592,19100
2014-09-21,378.355,818.179,489.106,3140.86,552.881,6.34362e+06,309.832,323.748,19100
2014-09-28,429.304,928.323,554.992,3702.32,627.348,6.34284e+06,351.563,417.272,19100
2014-07-13,128.21,278.809,173.337,182.412,187.994,6.34769e+06,82.5793,69.1603,19150
2014-07-20,146.606,317.772,191.343,377.957,213.551,6.34742e+06,93.8054,81.015,19150
2014-07-27,166.549,360.038,215.833,596.796,243.329,6.34711e+06,106.886,130.203,19150
2014-08-03,188.751,407.781,244.373,844.263,276.007,6.34676e+06,121.24,112.992,19150
2014-08-10,213.809,461.868,276.803,1124.53,312.701,6.34637e+06,137.359,106.899,19150
2014-08-17,242.173,523.125,313.534,1442,354.196,6.34593e+06,155.586,201.269,19150
2014-08-24,274.289,592.488,355.125,1801.58,401.175,6.34543e+06,176.222,155.61,19150
2014-08-31,310.652,671.021,402.219,2208.86,454.369,6.34486e+06,199.588,228.884,19150
2014-09-07,351.822,759.928,455.539,2670.13,514.596,6.34421e+06,226.044,90.1415,19150
2014-09-14,398.428,860.569,515.905,3192.55,582.779,6.34348e+06,255.994,288.709,19150
2014-09-21,451.183,974.482,584.241,3784.17,659.962,6.34266e+06,289.898,268.485,19150
2014-09-28,510.891,1103.4,661.591,4454.15,747.323,6.34172e+06,328.273,190.456,19150
2014-07-13,77.668,168.603,105.16,110.724,114.034,6.34799e+06,80.6964,88.6998,19200
2014-07-20,88.5568,191.633,115.826,229.231,129.174,6.34782e+06,91.4105,82.322,19200
2014-07-27,100.33,216.543,130.309,361.525,146.777,6.34764e+06,103.867,107.149,19200
2014-08-03,113.402,244.608,147.146,510.73,166.042,6.34743e+06,117.5,87.0201,19200
2014-08-10,128.116,276.319,166.231,679.262,187.617,6.3472e+06,132.768,162.927,19200
2014-08-17,144.729,312.144,187.79,869.654,211.951,6.34694e+06,149.988,129.922,19200
2014-08-24,163.493,352.608,212.141,1084.74,239.432,6.34664e+06,169.435,175.751,19200
2014-08-31,184.685,398.307,239.643,1327.7,270.47,6.3463e+06,191.4,207.615,19200
2014-09-07,208.618,449.918,270.705,1602.17,305.525,6.34592e+06,216.206,247.891,19200
2014-09-14,235.647,508.199,305.784,1912.2,345.114,6.34549e+06,244.221,279.541,19200
2014-09-21,266.168,574.011,345.399,2262.41,389.82,6.345e+06,275.858,293.784,19200
2014-09-28,300.632,648.319,390.133,2657.97,440.302,6.34445e+06,311.582,344.502,19200
2014-07-13,110.666,236.52,151.778,160.547,164.357,6.34779e+06,94.0092,81.6084,19250
2014-07-20,123.009,262.298,163.962,330.019,181.655,6.34757e+06,103.903,105.075,19250
2014-07-27,136.042,289.452,180.241,515.118,201.378,6.34733e+06,115.185,142.823,19250
2014-08-03,150.157,319.309,198.769,719.024,222.434,6.34706e+06,127.228,168.635,19250
2014-08-10,165.665,352.252,219.287,943.95,245.444,6.34677e+06,140.389,110.728,19250
2014-08-17,182.761,388.595,241.923,1192.1,270.781,6.34644e+06,154.881,180.578,19250
2014-08-24,201.615,428.678,266.887,1465.85,298.72,6.34609e+06,170.862,164.538,19250
2014-08-31,222.409,472.883,294.42,1767.85,329.533,6.34569e+06,188.487,138.061,19250
2014-09-07,245.341,521.631,324.784,2101,363.515,6.34526e+06,207.924,180.366,19250
2014-09-14,270.628,575.384,358.269,2468.51,400.989,6.34478e+06,229.358,167.433,19250
2014-09-21,298.512,634.653,395.194,2873.89,442.311,6.34425e+06,252.994,294.706,19250
2014-09-28,329.255,699.998,435.908,3321.05,487.874,6.34366e+06,279.055,338.141,19250
2014-07-13,99.0902,214.889,134.278,141.425,145.595,6.34786e+06,79.5824,43.236,19300
2014-07-20,112.795,243.851,147.71,292.654,164.661,6.34765e+06,90.0038,133.678,19300
2014-07-27,127.59,275.122,165.927,461.236,186.8,6.34742e+06,102.105,82.4311,19300
2014-08-03,143.989,310.296,187.077,651.074,210.988,6.34716e+06,115.326,82.7933,19300
2014-08-10,162.419,349.978,211.012,865.172,238.032,6.34686e+06,130.108,193.579,19300
2014-08-17,183.194,394.734,238.009,1106.66,268.487,6.34653e+06,146.755,110.457,19300
2014-08-24,206.62,445.204,268.451,1379.04,302.824,6.34615e+06,165.523,170.773,19300
2014-08-31,233.035,502.112,302.779,1686.26,341.543,6.34573e+06,186.687,135.317,19300
2014-09-07,262.819,566.275,341.486,2032.75,385.201,6.34525e+06,210.551,135.037,19300
2014-09-14,296.399,638.613,385.128,2423.54,434.426,6.34471e+06,237.457,242.191,19300
2014-09-21,334.256,720.159,434.331,2864.25,489.922,6.3441e+06,267.791,244.429,19300
2014-09-28,376.931,812.079,489.801,3361.27,552.483,6.34341e+06,301.987,304.931,19300
2014-07-13,110.38,241.185,148.635,156.19,161.274,6.34779e+06,81.8325,89.016,19350
2014-07-20,127.214,276.979,165.073,324.355,184.602,6.34756e+06,93.6697,68.1169,19350
2014-07-27,145.599,316.126,187.543,513.836,211.951,6.34729e+06,107.547,109.18,19350
2014-08-03,166.223,360.679,213.902,729.671,242.194,6.34698e+06,122.892,106.249,19350
2014-08-10,189.677,411.526,244.071,975.915,276.413,6.34663e+06,140.256,104.908,19350
2014-08-17,216.421,469.539,278.494,1256.89,315.397,6.34623e+06,160.037,173.178,19350
2014-08-24,246.927,535.715,317.759,1577.49,359.861,6.34577e+06,182.598,176.53,19350
2014-08-31,281.724,611.195,362.549,1943.28,410.58,6.34525e+06,208.334,233.89,19350
2014-09-07,321.412,697.28,413.636,2360.62,468.43,6.34466e+06,237.688,268.086,19350
2014-09-14,366.675,795.451,471.903,2836.76,534.408,6.34398e+06,271.166,229.118,19350
2014-09-21,418.29,907.392,538.352,3379.96,609.65,6.34321e+06,309.344,340.407,19350
2014-09-28,477.142,1035.02,614.126,3999.63,695.446,6.34232e+06,352.878,448.842,19350
2014-07-13,92.0069,199.233,124.833,131.536,135.336,6.3479e+06,87.8799,113.237,19400
2014-07-20,104.479,225.558,137.065,272.003,152.699,6.34771e+06,99.1546,91.5076,19400
2014-07-27,117.912,253.91,153.63,428.261,172.823,6.3475e+06,112.222,116.292,19400
2014-08-03,132.766,285.727,172.822,603.828,194.759,6.34725e+06,126.466,115.302,19400
2014-08-10,149.423,321.542,194.494,801.384,219.228,6.34698e+06,142.355,153.943,19400
2014-08-17,168.157,361.846,218.884,1023.71,246.72,6.34668e+06,160.207,149.23,19400
2014-08-24,189.234,407.195,246.325,1273.92,277.648,6.34633e+06,180.29,164.447,19400
2014-08-31,212.947,458.215,277.199,1555.49,312.445,6.34595e+06,202.885,200.368,19400
2014-09-07,239.626,515.611,311.935,1872.35,351.594,6.34551e+06,228.306,250.909,19400
2014-09-14,269.637,580.177,351.012,2228.91,395.636,6.34502e+06,256.904,238.678,19400
2014-09-21,303.397,652.801,394.972,2630.13,445.179,6.34447e+06,289.075,346.157,19400
2014-09-28,341.369,734.484,444.42,3081.59,500.906,6.34385e+06,325.261,321.557,19400
2014-07-13,97.1611,211.038,131.491,138.424,142.594,6.34787e+06,90.8324,72.9174,19450
2014-07-20,110.886,240.079,144.932,286.655,161.672,6.34767e+06,102.985,41.0822,19450
2014-07-27,125.738,271.519,163.191,452.264,183.868,6.34744e+06,117.124,89.6431,19450
2014-08-03,142.241,306.971,184.435,639.2,208.181,6.34718e+06,132.612,109.049,19450
2014-08-10,160.835,347.063,208.535,850.534,235.433,6.34688e+06,149.971,101.284,19450
2014-08-17,181.845,392.391,235.782,1089.48,266.195,6.34655e+06,169.567,169.538,19450
2014-08-24,205.593,443.629,266.581,1359.65,300.964,6.34617e+06,191.714,268.199,19450
2014-08-31,232.437,501.544,301.395,1665.1,340.264,6.34575e+06,216.749,257.819,19450
2014-09-07,262.777,566.999,340.745,2010.43,384.685,6.34527e+06,245.045,220.26,19450
2014-09-14,297.067,640.971,385.22,2400.85,434.89,6.34473e+06,277.026,286.42,19450
2014-09-21,335.817,724.563,435.483,2842.21,491.629,6.34411e+06,313.168,277.488,19450
2014-09-28,379.604,819.014,492.284,3341.16,555.745,6.34342e+06,354.01,391.097,19450
2014-07-13,122.656,266.932,165.725,174.361,179.75,6.34772e+06,80.8131,90.2804,19500
2014-07-20,140.429,304.597,183.114,361.403,204.431,6.34746e+06,91.9091,73.3232,19500
2014-07-27,159.718,345.507,206.783,570.949,233.215,6.34717e+06,104.85,108.62,19500
2014-08-03,181.217,391.775,234.395,808.178,264.842,6.34683e+06,119.069,104.066,19500
2014-08-10,205.512,444.25,265.807,1077.16,300.397,6.34646e+06,135.054,157.318,19500
2014-08-17,233.044,503.751,301.426,1382.2,340.652,6.34603e+06,153.152,106.665,19500
2014-08-24,264.254,571.205,341.805,1728.1,386.28,6.34554e+06,173.666,173.064,19500
2014-08-31,299.634,647.665,387.579,2120.33,438.005,6.34499e+06,196.921,128.6,19500
2014-09-07,339.736,734.328,439.467,2565.08,496.636,6.34437e+06,223.281,236.532,19500
2014-09-14,385.187,832.544,498.279,3069.36,563.092,6.34366e+06,253.158,290.019,19500
2014-09-21,436.695,943.842,564.935,3641.11,638.407,6.34286e+06,287.019,359.925,19500
2014-09-28,495.061,1069.95,640.472,4289.33,723.754,6.34196e+06,325.39,314.925,19500
2014-07-13,71.6674,156.834,96.3828,101.235,104.593,6.34802e+06,74.4735,65.6402,19550
2014-07-20,82.8041,180.544,107.249,210.382,120.014,6.34787e+06,85.4537,56.462,19550
2014-07-27,94.9958,206.543,122.127,333.632,138.128,6.34769e+06,98.3515,77.097,19550
2014-08-03,108.707,236.207,139.617,474.351,158.209,6.34749e+06,112.65,119.496,19550
2014-08-10,124.338,270.142,159.684,635.271,180.987,6.34726e+06,128.869,113.033,19550
2014-08-17,142.204,308.955,182.635,819.321,207,6.347e+06,147.391,85.3039,19550
2014-08-24,162.635,353.338,208.878,1029.82,236.742,6.3467e+06,168.568,160.489,19550
2014-08-31,185.996,404.087,238.887,1270.56,270.752,6.34635e+06,192.784,235.914,19550
2014-09-07,212.708,462.112,273.2,1545.89,309.64,6.34596e+06,220.474,167.062,19550
2014-09-14,243.249,528.452,312.434,1860.76,354.103,6.34551e+06,252.133,265.963,19550
2014-09-21,278.165,604.293,357.29,2220.84,404.938,6.34499e+06,288.329,379.632,19550
2014-09-28,318.08,690.988,408.572,2632.61,463.054,6.3444e+06,329.71,330.782,19550
2014-07-13,95.7226,211.732,127.568,133.544,138.572,6.34788e+06,80.1674,80.227,19600
2014-07-20,112.577,247.932,143.925,278.967,161.78,6.34767e+06,93.5937,116.134,19600
2014-07-27,131.338,288.362,166.576,445.736,189.42,6.34742e+06,109.585,91.5429,19600
2014-08-03,152.804,335.271,193.608,639.302,220.597,6.34713e+06,127.621,125.741,19600
2014-08-10,177.688,389.828,225.127,864.348,256.565,6.34679e+06,148.43,118.644,19600
2014-08-17,206.606,453.262,261.775,1126.03,298.331,6.3464e+06,172.592,122.242,19600
2014-08-24,240.223,527.003,304.377,1430.31,346.878,6.34595e+06,200.678,225.547,19600
2014-08-31,279.3,612.717,353.9,1784.09,403.312,6.34542e+06,233.326,227.167,19600
2014-09-07,324.721,712.34,411.466,2195.44,468.909,6.34481e+06,271.276,322.117,19600
2014-09-14,377.51,828.118,478.375,2673.68,545.151,6.34409e+06,315.384,378.955,19600
2014-09-21,438.856,962.654,556.136,3229.68,633.757,6.34326e+06,366.645,201.771,19600
2014-09-28,510.137,1118.97,646.5,3876.03,736.72,6.3423e+06,426.211,383.591,19600
2014-07-13,75.1771,163.952,101.394,106.61,109.997,6.348e+06,85.3532,91.5649,19650
2014-07-20,86.3709,187.717,112.335,221.193,125.524,6.34784e+06,97.4018,101.886,19650
2014-07-27,98.5606,213.625,127.26,349.951,143.683,6.34766e+06,111.493,116.508,19650
2014-08-03,112.194,243.026,144.724,496.192,163.705,6.34745e+06,127.029,129.373,19650
2014-08-10,127.654,276.484,164.657,662.551,186.292,6.34722e+06,144.556,187.34,19650
2014-08-17,145.232,314.55,187.335,851.824,211.951,6.34695e+06,164.466,212.638,19650
2014-08-24,165.226,357.851,213.131,1067.16,241.133,6.34665e+06,187.11,170.319,19650
2014-08-31,187.969,407.103,242.473,1312.15,274.328,6.3463e+06,212.868,157.966,19650
2014-09-07,213.837,463.12,275.848,1590.86,312.085,6.34591e+06,242.166,175.627,19650
2014-09-14,243.258,526.829,313.808,1907.93,355.028,6.34546e+06,275.489,386.686,19650
2014-09-21,276.717,599.279,356.98,2268.62,403.868,6.34495e+06,313.386,366.985,19650
2014-09-28,314.767,681.664,406.078,2678.93,459.41,6.34437e+06,356.484,408.061,19650
2014-07-13,107.756,234.689,145.497,153.043,157.822,6.34781e+06,90.1888,93.8728,19700
2014-07-20,123.528,268.137,160.923,317.332,179.716,6.34758e+06,102.701,88.3453,19700
2014-07-27,140.668,304.518,181.938,501.595,205.278,6.34732e+06,117.308,115.532,19700
2014-08-03,159.797,345.714,206.481,710.45,233.398,6.34703e+06,133.378,121.543,19700
2014-08-10,181.44,392.495,234.436,947.548,265.053,6.34669e+06,151.467,139.934,19700
2014-08-17,205.996,445.606,266.173,1216.75,300.936,6.34632e+06,171.973,204.928,19700
2014-08-24,233.868,505.89,302.197,1522.38,341.659,6.34589e+06,195.245,205.056,19700
2014-08-31,265.504,574.311,343.084,1869.38,387.882,6.3454e+06,221.659,182.463,19700
2014-09-07,301.408,651.959,389.49,2263.31,440.342,6.34484e+06,251.638,210.371,19700
2014-09-14,342.152,740.071,442.157,2710.52,499.879,6.34422e+06,285.661,234.887,19700
2014-09-21,388.386,840.049,501.923,3218.2,567.439,6.3435e+06,324.269,318.631,19700
2014-09-28,440.843,953.477,569.74,3794.48,644.098,6.34269e+06,368.076,434.862,19700
2014-07-13,93.1401,201.702,126.362,133.145,136.995,6.3479e+06,91.0841,130.535,19750
2014-07-20,105.778,228.379,138.757,275.339,154.59,6.3477e+06,102.782,97.9992,19750
2014-07-27,119.392,257.115,155.544,433.536,174.983,6.34748e+06,116.341,108.122,19750
2014-08-03,134.448,289.366,174.995,611.3,197.215,6.34724e+06,131.122,119.126,19750
2014-08-10,151.333,325.673,196.962,811.351,222.018,6.34696e+06,147.613,137.466,19750
2014-08-17,170.325,366.537,221.686,1036.52,249.888,6.34665e+06,166.143,100.892,19750
2014-08-24,191.695,412.519,249.506,1289.94,281.244,6.34631e+06,186.991,176.14,19750
2014-08-31,215.741,464.257,280.81,1575.16,316.527,6.34591e+06,210.45,259.13,19750
2014-09-07,242.796,522.468,316.033,1896.17,356.227,6.34547e+06,236.845,181.131,19750
2014-09-14,273.235,587.957,355.663,2257.43,400.893,6.34498e+06,266.542,290.216,19750
2014-09-21,307.479,661.628,400.249,2663.99,451.144,6.34442e+06,299.952,355.016,19750
2014-09-28,346,744.497,450.407,3121.5,507.674,6.34379e+06,337.537,359.233,19750
2014-07-13,82.1898,178.293,111.348,117.264,120.736,6.34796e+06,83.7377,105.76,19800
2014-07-20,93.6041,202.42,122.533,242.691,136.613,6.34779e+06,94.7491,93.7515,19800
2014-07-27,105.932,228.486,137.708,382.571,155.055,6.3476e+06,107.54,86.1311,19800
2014-08-03,119.604,257.819,155.334,540.161,175.216,6.34738e+06,121.523,124.73,19800
2014-08-10,134.977,290.929,175.291,717.973,197.769,6.34713e+06,137.165,165.788,19800
2014-08-17,152.315,328.292,197.811,918.631,223.178,6.34685e+06,154.788,151.796,19800
2014-08-24,171.875,370.447,223.219,1145.06,251.842,6.34654e+06,174.667,221.627,19800
2014-08-31,193.943,418.004,251.885,1400.58,284.18,6.34619e+06,197.096,235.248,19800
2014-09-07,218.839,471.653,284.224,1688.9,320.663,6.34579e+06,222.4,268.904,19800
2014-09-14,246.922,532.171,320.707,2014.24,361.82,6.34534e+06,250.944,246.554,19800
2014-09-21,278.601,600.432,361.861,2381.33,408.246,6.34483e+06,283.143,310.192,19800
2014-09-28,314.331,677.421,408.282,2795.52,460.612,6.34425e+06,319.463,420.11,19800
2014-07-13,95.831,210.707,128.365,134.63,139.36,6.34788e+06,81.1879,90.3261,19850
2014-07-20,111.592,244.391,143.706,280.418,161.13,6.34767e+06,93.8706,113.044,19850
2014-07-27,128.972,281.627,164.816,446.166,186.857,6.34743e+06,108.859,104.151,19850
2014-08-03,148.667,324.425,189.798,636.781,215.597,6.34715e+06,125.602,143.674,19850
2014-08-10,171.284,373.741,218.663,856.355,248.439,6.34683e+06,144.735,107.484,19850
2014-08-17,197.326,430.554,251.915,1109.32,286.22,6.34646e+06,166.745,184.04,19850
2014-08-24,227.319,495.991,290.215,1400.75,329.73,6.34604e+06,192.093,203.529,19850
2014-08-31,261.864,571.352,334.326,1736.48,379.844,6.34555e+06,221.288,206.005,19850
2014-09-07,301.647,658.137,385.129,2123.24,437.558,6.34498e+06,254.912,215.457,19850
2014-09-14,347.458,758.067,443.634,2568.76,504.022,6.34433e+06,293.632,265.985,19850
2014-09-21,400.206,873.124,511.004,3081.94,580.553,6.34358e+06,338.217,354.675,19850
2014-09-28,460.936,1005.58,588.574,3673.04,668.669,6.34272e+06,389.552,334.887,19850
2014-07-13,93.7881,203.539,127.016,133.747,137.73,6.34789e+06,85.7204,90.6296,19900
2014-07-20,106.887,231.238,139.85,276.86,155.947,6.3477e+06,97.0579,99.3011,19900
2014-07-27,121.044,261.182,157.269,436.559,177.118,6.34747e+06,110.235,103.978,19900
2014-08-03,136.754,294.902,177.513,616.593,200.278,6.34722e+06,124.648,99.0685,19900
2014-08-10,154.431,332.987,200.448,819.86,226.202,6.34694e+06,140.783,149.36,19900
2014-08-17,174.379,375.99,226.345,1049.39,255.427,6.34662e+06,158.973,124.2,19900
2014-08-24,196.897,424.538,255.581,1308.57,288.416,6.34626e+06,179.504,120.135,19900
2014-08-31,222.318,479.341,288.585,1601.22,325.658,6.34586e+06,202.682,269.344,19900
2014-09-07,251.014,541.201,325.842,1931.66,367.697,6.3454e+06,228.847,208.635,19900
2014-09-14,283.403,611.022,367.897,2304.76,415.15,6.34488e+06,258.38,164.798,19900
2014-09-21,319.96,689.821,415.365,2726,468.709,6.3443e+06,291.715,285.949,19900
2014-09-28,361.216,778.745,468.939,3201.58,529.157,6.34364e+06,329.336,250.86,19900
2014-07-13,106.893,236.164,142.597,149.333,154.881,6.34782e+06,74.2127,66.398,19950
2014-07-20,125.471,276.027,160.637,311.77,180.477,6.34758e+06,86.4773,96.1809,19950
2014-07-27,146.111,320.456,185.587,497.735,210.915,6.3473e+06,101.062,106.142,19950
2014-08-03,169.683,371.909,215.313,713.191,245.182,6.34698e+06,117.481,146.22,19950
2014-08-10,196.957,431.641,249.911,963.234,284.641,6.34661e+06,136.388,135.746,19950
2014-08-17,228.594,500.964,290.065,1253.45,330.374,6.34618e+06,158.302,149.095,19950
2014-08-24,265.304,581.403,336.657,1590.3,383.436,6.34568e+06,183.727,184.841,19950
2014-08-31,307.898,674.728,390.718,1981.24,445.003,6.3451e+06,213.228,195.669,19950
2014-09-07,357.313,782.995,453.442,2434.95,516.435,6.34442e+06,247.455,323.23,19950
2014-09-14,414.638,908.583,526.21,2961.49,599.304,6.34364e+06,287.163,265.693,19950
2014-09-21,481.13,1054.24,610.623,3572.51,695.43,6.34273e+06,333.222,371.406,19950
2014-09-28,558.244,1223.16,708.533,4281.52,806.922,6.34168e+06,386.645,306.586,19950
2014-07-13,117.605,258.546,157.551,165.247,171.043,6.34775e+06,76.7847,79.7186,20000
2014-07-20,136.914,299.809,176.348,344.167,197.717,6.34749e+06,88.7591,118.175,20000
2014-07-27,158.202,345.409,202.208,547.539,229.233,6.3472e+06,102.907,73.0732,20000
2014-08-03,182.319,397.807,232.804,781.372,264.429,6.34686e+06,118.708,75.466,20000
2014-08-10,210.006,458.169,268.147,1050.67,304.638,6.34646e+06,136.758,170.103,20000
2014-08-17,241.877,527.686,308.852,1360.84,350.882,6.34601e+06,157.518,270.068,20000
2014-08-24,278.573,607.732,355.722,1718.1,404.124,6.34549e+06,181.419,116.82,20000
2014-08-31,320.825,699.889,409.688,2129.56,465.427,6.34489e+06,208.94,236.02,20000
2014-09-07,369.467,805.981,471.821,2603.43,536.006,6.3442e+06,240.624,358.295,20000
2014-09-14,425.462,928.101,543.351,3149.16,617.257,6.3434e+06,277.099,294.933,20000
2014-09-21,489.913,1068.65,625.691,3777.6,710.784,6.34249e+06,319.086,316.137,20000
2014-09-28,564.087,1230.39,720.462,4501.26,818.428,6.34143e+06,367.409,368.571,20000
2014-07-13,84.9304,187.77,113.232,118.554,122.993,6.34795e+06,74.7391,95.4142,20050
2014-07-20,99.8054,219.708,127.671,247.595,143.481,6.34776e+06,87.1887,64.2617,20050
2014-07-27,116.351,255.347,147.657,395.476,167.867,6.34754e+06,102.007,108.823,20050
2014-08-03,135.268,296.668,171.492,566.992,195.351,6.34728e+06,118.709,134.928,20050
2014-08-10,157.181,344.691,199.265,766.256,227.037,6.34698e+06,137.963,176.284,20050
2014-08-17,182.629,400.489,231.533,997.791,263.803,6.34664e+06,160.304,83.7176,20050
2014-08-24,212.191,465.308,269.018,1266.81,306.508,6.34624e+06,186.255,123.054,20050
2014-08-31,246.53,540.6,312.561,1579.39,356.117,6.34577e+06,216.401,335.205,20050
2014-09-07,286.416,628.049,363.141,1942.55,413.74,6.34523e+06,251.417,340.738,20050
2014-09-14,332.742,729.611,421.89,2364.47,480.67,6.3446e+06,292.088,296.523,20050
2014-09-21,386.541,847.551,490.122,2854.64,558.4,6.34387e+06,339.322,368.446,20050
2014-09-28,449.013,984.495,569.36,3424.06,648.666,6.34302e+06,394.174,293.455,20050
2014-07-13,152.996,330.835,207.823,219.075,225.282,6.34754e+06,97.1089,113.733,20100
2014-07-20,173.334,373.712,227.786,452.731,253.618,6.34722e+06,109.323,89.1752,20100
2014-07-27,195.192,419.776,254.777,712.138,286.399,6.34687e+06,123.454,158.107,20100
2014-08-03,219.304,471.351,285.987,1002.97,322.047,6.34647e+06,138.82,108.78,20100
2014-08-10,246.28,529.272,321.152,1329.53,361.72,6.34602e+06,155.921,177.774,20100
2014-08-17,276.548,594.304,360.636,1696.24,406.191,6.34552e+06,175.091,190.887,20100
2014-08-24,310.524,667.303,404.956,2108.02,456.103,6.34496e+06,196.606,82.7796,20100
2014-08-31,348.66,749.236,454.705,2570.4,512.128,6.34433e+06,220.756,164.018,20100
2014-09-07,391.46,841.185,510.543,3089.57,575.009,6.34362e+06,247.861,269.986,20100
2014-09-14,439.492,944.364,573.211,3672.48,645.579,6.34282e+06,278.28,297.674,20100
2014-09-21,493.387,1060.13,643.535,4326.92,724.768,6.34193e+06,312.415,417.53,20100
2014-09-28,553.854,1190.01,722.443,5061.64,813.62,6.34092e+06,350.715,354.309,20100
2014-07-13,92.6033,200.038,125.895,132.752,136.459,6.3479e+06,91.6791,87.0826,20150
2014-07-20,104.738,225.6,137.811,274.21,153.374,6.34771e+06,103.043,93.2186,20150
2014-07-27,117.76,253.018,153.907,431.032,172.918,6.34749e+06,116.174,112.413,20150
2014-08-03,132.103,283.67,172.494,606.584,194.139,6.34726e+06,130.431,107.395,20150
2014-08-10,148.127,318.045,193.407,803.393,217.722,6.34699e+06,146.275,133.614,20150
2014-08-17,166.081,356.587,216.855,1024.06,244.118,6.34669e+06,164.009,156.374,20150
2014-08-24,186.206,399.793,243.138,1271.48,273.703,6.34635e+06,183.886,201.583,20150
2014-08-31,208.765,448.221,272.601,1548.89,306.866,6.34597e+06,206.166,256.851,20150
2014-09-07,234.05,502.5,305.625,1859.9,344.038,6.34555e+06,231.14,250.051,20150
2014-09-14,262.39,563.333,342.64,2208.59,385.702,6.34507e+06,259.132,179.052,20150
2014-09-21,294.151,631.507,384.125,2599.5,432.396,6.34454e+06,290.503,222.469,20150
2014-09-28,329.743,707.901,430.618,3037.73,484.726,6.34394e+06,325.66,392.244,20150
2014-07-13,124.77,270.659,169.035,178.017,183.287,6.34771e+06,76.4564,85.8849,20200
2014-07-20,142.095,307.28,186.013,368.424,207.386,6.34745e+06,86.5091,149.005,20200
2014-07-27,160.806,346.838,209.046,580.77,235.378,6.34715e+06,98.1857,114.235,20200
2014-08-03,181.554,391.352,235.797,819.994,265.975,6.34682e+06,110.949,112.659,20200
2014-08-10,204.882,441.59,266.082,1089.91,300.2,6.34645e+06,125.225,82.4125,20200
2014-08-17,231.187,498.274,300.255,1394.49,338.754,6.34603e+06,141.308,133.027,20200
2014-08-24,260.861,562.218,338.804,1738.18,382.241,6.34555e+06,159.448,64.3763,20200
2014-08-31,294.333,634.344,382.288,2125.99,431.295,6.34501e+06,179.911,183.796,20200
2014-09-07,332.086,715.691,431.338,2563.57,486.626,6.34441e+06,202.991,107.905,20200
2014-09-14,374.665,807.431,486.66,3057.28,549.032,6.34372e+06,229.023,217.206,20200
2014-09-21,422.682,910.88,549.053,3614.3,619.411,6.34295e+06,258.381,285.121,20200
2014-09-28,476.824,1027.52,619.411,4242.71,698.773,6.34208e+06,291.487,453.089,20200
2014-07-13,113.376,242.164,155.573,164.591,168.457,6.34777e+06,101.744,84.6198,20250
2014-07-20,125.896,268.298,167.935,338.238,186.009,6.34755e+06,112.345,91.3951,20250
2014-07-27,139.103,295.798,184.442,527.736,206.005,6.3473e+06,124.422,119.955,20250
2014-08-03,153.392,326.007,203.213,736.296,227.332,6.34703e+06,137.303,118.468,20250
2014-08-10,169.078,359.308,223.982,966.143,250.615,6.34673e+06,151.365,143.923,20250
2014-08-17,186.353,396.01,246.873,1219.48,276.229,6.3464e+06,166.835,257.991,20250
2014-08-24,205.387,436.452,272.095,1498.71,304.447,6.34604e+06,183.878,155.524,20250
2014-08-31,226.359,481.011,299.886,1806.45,335.539,6.34564e+06,202.657,191.391,20250
2014-09-07,249.466,530.102,330.506,2145.63,369.796,6.34519e+06,223.347,267.525,20250
2014-09-14,274.922,584.184,364.242,2519.43,407.538,6.34471e+06,246.142,258.101,20250
2014-09-21,302.966,643.76,401.408,2931.38,449.117,6.34417e+06,271.255,318.004,20250
2014-09-28,333.857,709.381,442.351,3385.36,494.919,6.34358e+06,298.919,209.044,20250
2014-07-13,131.923,284.26,179.723,189.652,194.759,6.34766e+06,94.5908,92.8344,20300
2014-07-20,148.598,319.316,196.118,391.29,218.034,6.34739e+06,105.895,71.2163,20300
2014-07-27,166.424,356.755,218.208,614.042,244.841,6.34709e+06,118.915,95.4521,20300
2014-08-03,185.98,398.444,243.628,862.454,273.832,6.34676e+06,132.995,130.947,20300
2014-08-10,207.739,445.014,272.119,1139.88,305.918,6.34639e+06,148.579,134.035,20300
2014-08-17,232.024,497.024,303.94,1449.75,341.691,6.34597e+06,165.953,175.086,20300
2014-08-24,259.139,555.097,339.469,1795.85,381.629,6.3455e+06,185.35,180.486,20300
2014-08-31,289.413,619.933,379.139,2182.4,426.22,6.34498e+06,207.007,201.967,20300
2014-09-07,323.212,692.314,423.429,2614.12,476.004,6.3444e+06,231.187,171.734,20300
2014-09-14,360.941,773.109,472.874,3096.25,531.581,6.34375e+06,258.18,309.989,20300
2014-09-21,403.056,863.288,528.069,3634.68,593.62,6.34302e+06,288.311,311.646,20300
2014-09-28,450.06,963.932,589.678,4235.93,662.866,6.34221e+06,321.942,277.034,20300
2014-07-13,110.361,233.945,152.37,161.553,164.88,6.34779e+06,103.55,114.236,20350
2014-07-20,121.053,256.128,162.965,330.883,179.925,6.34758e+06,112.999,61.5136,20350
2014-07-27,132.204,279.175,177.006,513.749,196.907,6.34735e+06,123.664,124.594,20350
2014-08-03,144.126,304.197,192.811,712.748,214.805,6.3471e+06,134.905,135.749,20350
2014-08-10,157.061,331.467,210.105,929.569,234.115,6.34682e+06,147.032,168.254,20350
2014-08-17,171.145,361.182,228.95,1165.84,255.115,6.34652e+06,160.221,73.9616,20350
2014-08-24,186.486,393.553,249.479,1423.3,277.987,6.3462e+06,174.585,265.53,20350
2014-08-31,203.198,428.815,271.842,1703.84,302.902,6.34584e+06,190.233,158.161,20350
2014-09-07,221.402,467.224,296.202,2009.52,330.043,6.34546e+06,207.278,170.04,20350
2014-09-14,241.23,509.059,322.737,2342.59,359.606,6.34503e+06,225.845,200.046,20350
2014-09-21,262.826,554.621,351.638,2705.49,391.805,6.34458e+06,246.067,267.395,20350
2014-09-28,286.346,604.241,383.117,3100.89,426.874,6.34408e+06,268.092,280.114,20350
2014-07-13,86.8553,189.396,117.158,123.189,127.096,6.34793e+06,83.8944,61.3066,20400
2014-07-20,99.7662,216.803,129.778,255.576,145.007,6.34775e+06,95.7169,99.3915,20400
2014-07-27,113.823,246.674,146.991,404.312,165.95,6.34754e+06,109.541,97.1179,20400
2014-08-03,129.541,280.565,167.129,573.209,189.035,6.3473e+06,124.779,133.588,20400
2014-08-10,147.359,319.123,190.108,765.302,215.071,6.34703e+06,141.966,151.218,20400
2014-08-17,167.615,362.982,216.245,983.806,244.642,6.34672e+06,161.485,201.209,20400
2014-08-24,190.65,412.86,245.969,1232.35,278.266,6.34637e+06,183.68,172.939,20400
2014-08-31,216.845,469.579,279.772,1515.05,316.504,6.34597e+06,208.92,219.442,20400
2014-09-07,246.631,534.072,318.21,1836.6,359.986,6.34551e+06,237.621,216.599,20400
2014-09-14,280.5,607.401,361.918,2202.32,409.428,6.345e+06,270.258,265.759,20400
2014-09-21,319.007,690.768,411.616,2618.26,465.643,6.34441e+06,307.365,276.261,20400
2014-09-28,362.784,785.539,468.118,3091.31,529.555,6.34374e+06,349.552,371.775,20400
2014-07-13,110.129,238.588,149.361,157.359,161.935,6.34779e+06,88.4332,59.9781,20450
2014-07-20,125.154,270.313,164.094,325.474,182.849,6.34756e+06,99.854,97.034,20450
2014-07-27,141.349,304.509,184.055,512.613,207.101,6.34731e+06,113.098,102.877,20450
2014-08-03,159.27,342.911,207.197,723.027,233.556,6.34702e+06,127.545,134.273,20450
2014-08-10,179.379,386.167,233.347,959.964,263.087,6.34669e+06,143.672,130.994,20450
2014-08-17,202.011,434.879,262.796,1226.8,296.289,6.34632e+06,161.804,152.094,20450
2014-08-24,227.491,489.723,295.951,1527.32,333.666,6.34591e+06,182.216,172.813,20450
2014-08-31,256.178,551.466,333.278,1865.73,375.746,6.34544e+06,205.196,259.814,20450
2014-09-07,288.471,620.969,375.302,2246.83,423.12,6.34492e+06,231.067,246.088,20450
2014-09-14,324.823,699.203,422.609,2675.97,476.449,6.34433e+06,260.19,229.061,20450
2014-09-21,365.739,787.256,475.86,3159.2,536.477,6.34366e+06,292.971,285.171,20450
2014-09-28,411.789,886.35,535.797,3703.3,604.039,6.34291e+06,329.867,351.207,20450
2014-07-13,89.3209,194.988,120.372,126.525,130.596,6.34792e+06,83.5799,47.1444,20500
2014-07-20,102.786,223.597,133.525,262.636,149.264,6.34773e+06,95.5275,146.943,20500
2014-07-27,117.47,254.837,151.489,415.796,171.124,6.34751e+06,109.518,119.576,20500
2014-08-03,133.92,290.342,172.535,590.012,195.262,6.34726e+06,124.966,121.762,20500
2014-08-10,152.6,330.806,196.592,788.491,222.535,6.34698e+06,142.42,71.4047,20500
2014-08-17,173.871,376.91,224.001,1014.64,253.562,6.34666e+06,162.277,152.323,20500
2014-08-24,198.102,429.43,255.224,1272.32,288.903,6.34629e+06,184.895,143.762,20500
2014-08-31,225.703,489.254,290.791,1565.92,329.16,6.34588e+06,210.659,272.885,20500
2014-09-07,257.142,557.393,331.305,1900.42,375.016,6.3454e+06,240.006,124.34,20500
2014-09-14,292.95,634.997,377.452,2281.52,427.246,6.34486e+06,273.433,281.153,20500
2014-09-21,333.73,723.374,430.009,2715.69,486.731,6.34425e+06,311.503,263.941,20500
2014-09-28,380.17,824.008,489.864,3210.31,554.474,6.34355e+06,354.858,318.164,20500
2014-07-13,109.475,238.217,147.93,155.644,160.447,6.3478e+06,85.2721,85.0543,20550
2014-07-20,125.313,271.779,163.427,322.59,182.443,6.34757e+06,96.9619,92.1305,20550
2014-07-27,142.499,308.227,184.518,509.59,208.092,6.34731e+06,110.594,83.1794,20550
2014-08-03,161.653,349.441,209.12,721.257,236.269,6.34701e+06,125.569,105.121,20550
2014-08-10,183.293,396.177,237.103,961.216,267.942,6.34667e+06,142.402,128.326,20550
2014-08-17,207.812,449.164,268.829,1233.28,303.794,6.34629e+06,161.456,134.497,20550
2014-08-24,235.603,509.223,304.789,1541.75,344.427,6.34586e+06,183.051,159.963,20550
2014-08-31,267.103,577.294,345.548,1891.47,390.483,6.34537e+06,207.528,210.429,20550
2014-09-07,302.803,654.438,391.745,2287.96,442.681,6.34481e+06,235.27,215.565,20550
2014-09-14,343.26,741.856,444.1,2737.44,501.838,6.34418e+06,266.709,260.901,20550
2014-09-21,389.104,840.909,503.431,3246.99,568.874,6.34347e+06,302.337,253.44,20550
2014-09-28,441.047,953.132,570.66,3824.59,644.833,6.34266e+06,342.706,394.117,20550
2014-07-13,97.6796,213.696,131.398,138.024,142.586,6.34787e+06,79.256,80.0948,20600
2014-07-20,112.804,245.888,146.157,286.797,163.533,6.34766e+06,90.899,74.0382,20600
2014-07-27,129.354,281.17,166.359,454.723,188.128,6.34742e+06,104.57,84.4692,20600
2014-08-03,147.957,321.405,190.099,646.364,215.381,6.34714e+06,119.718,81.4245,20600
2014-08-10,169.153,367.409,217.322,865.418,246.277,6.34683e+06,136.892,111.568,20600
2014-08-17,193.369,419.998,248.442,1115.84,281.543,6.34647e+06,156.494,127.053,20600
2014-08-24,221.045,480.103,284.008,1402.12,321.843,6.34606e+06,178.895,149.005,20600
2014-08-31,252.675,548.792,324.655,1729.37,367.902,6.34559e+06,204.497,206.237,20600
2014-09-07,288.821,627.283,371.108,2103.46,420.538,6.34506e+06,233.754,262.217,20600
2014-09-14,330.123,716.968,424.192,2531.06,480.687,6.34445e+06,267.188,362.085,20600
2014-09-21,377.314,819.434,484.848,3019.82,549.414,6.34375e+06,305.389,311.13,20600
2014-09-28,431.228,936.491,554.152,3578.45,627.936,6.34295e+06,349.035,337.332,20600
2014-07-13,110.086,240.77,148.12,155.603,160.729,6.3478e+06,83.126,88.1022,20650
2014-07-20,127.074,276.921,164.701,323.282,184.26,6.34756e+06,95.2958,90.2336,20650
2014-07-27,145.654,316.522,187.388,512.473,211.879,6.34729e+06,109.58,102.671,20650
2014-08-03,166.531,361.66,214.038,728.292,242.468,6.34698e+06,125.4,114.723,20650
2014-08-10,190.306,413.248,244.585,974.877,277.132,6.34663e+06,143.328,170.003,20650
2014-08-17,217.456,472.194,279.488,1256.65,316.68,6.34622e+06,163.781,194.691,20650
2014-08-24,248.472,539.533,319.361,1578.63,361.853,6.34576e+06,187.144,201.744,20650
2014-08-31,283.901,616.452,364.909,1946.54,413.457,6.34524e+06,213.833,252.341,20650
2014-09-07,324.37,704.306,416.938,2366.92,472.403,6.34464e+06,244.318,232.949,20650
2014-09-14,370.59,804.64,476.366,2847.22,539.729,6.34395e+06,279.138,312.193,20650
2014-09-21,423.374,919.216,544.238,3395.96,616.62,6.34317e+06,318.905,339.08,20650
2014-09-28,483.647,1050.04,621.747,4022.88,704.425,6.34227e+06,364.316,384.997,20650
2014-07-13,71.7142,158.646,95.5625,100.036,103.807,6.34802e+06,72.9115,78.4787,20700
2014-07-20,84.3585,185.808,107.833,208.982,121.216,6.34786e+06,85.1396,16.3579,20700
2014-07-27,98.4362,216.149,124.827,333.942,141.955,6.34768e+06,99.7059,127.712,20700
2014-08-03,114.548,251.363,145.113,479.009,165.352,6.34746e+06,116.14,192.458,20700
2014-08-10,133.229,292.327,168.771,647.702,192.352,6.34721e+06,135.104,195.442,20700
2014-08-17,154.945,339.969,196.285,843.899,223.711,6.34691e+06,157.13,181.428,20700
2014-08-24,180.196,395.367,228.279,1072.08,260.172,6.34657e+06,182.739,194.648,20700
2014-08-31,209.557,459.78,265.48,1337.44,302.567,6.34618e+06,212.517,217.521,20700
2014-09-07,243.694,534.668,308.734,1646.05,351.862,6.34572e+06,247.14,134.824,20700
2014-09-14,283.382,621.73,359.025,2004.93,409.173,6.34518e+06,287.394,299.713,20700
2014-09-21,329.519,722.935,417.491,2422.27,475.801,6.34456e+06,334.192,157.525,20700
2014-09-28,383.15,840.569,485.458,2907.55,553.253,6.34383e+06,388.592,568.41,20700
2014-07-13,109.627,234.725,150.13,158.72,162.599,6.3478e+06,95.0684,93.7249,20750
2014-07-20,122.214,261.051,162.544,326.53,180.223,6.34758e+06,105.373,116.746,20750
2014-07-27,135.542,288.868,179.161,510.276,200.363,6.34734e+06,117.149,127.829,20750
2014-08-03,150.016,319.54,198.12,713.243,221.926,6.34707e+06,129.756,108.742,20750
2014-08-10,165.965,353.476,219.172,937.748,245.557,6.34677e+06,143.573,117.699,20750
2014-08-17,183.595,391.017,242.461,1186.11,271.65,6.34645e+06,158.829,99.9095,20750
2014-08-24,203.092,432.535,268.216,1460.86,300.502,6.34609e+06,175.698,182.806,20750
2014-08-31,224.654,478.449,296.699,1764.78,332.41,6.34569e+06,194.354,252.059,20750
2014-09-07,248.498,529.22,328.197,2100.98,367.696,6.34524e+06,214.985,194.377,20750
2014-09-14,274.864,585.358,363.029,2472.87,406.716,6.34475e+06,237.799,219.932,20750
2014-09-21,304.016,647.427,401.544,2884.21,449.86,6.34421e+06,263.025,266.418,20750
2014-09-28,336.247,716.047,444.128,3339.19,497.563,6.34361e+06,290.916,352.403,20750
2014-07-13,84.4837,184.207,113.968,119.838,123.635,6.34795e+06,87.792,81.671,20800
2014-07-20,97.027,210.832,126.229,248.613,141.036,6.34777e+06,100.149,83.2829,20800
2014-07-27,110.681,239.846,142.952,393.272,161.381,6.34756e+06,114.596,96.0462,20800
2014-08-03,125.947,272.759,162.512,557.515,183.804,6.34733e+06,130.518,60.1825,20800
2014-08-10,143.251,310.201,184.83,744.288,209.09,6.34707e+06,148.474,173.858,20800
2014-08-17,162.919,352.783,210.212,956.71,237.805,6.34677e+06,168.863,180.014,20800
2014-08-24,185.282,401.203,239.073,1198.3,270.45,6.34643e+06,192.045,288.23,20800
2014-08-31,210.71,456.256,271.888,1473.05,307.571,6.34604e+06,218.404,190.097,20800
2014-09-07,239.62,518.847,309.2,1785.52,349.776,6.3456e+06,248.373,262.783,20800
2014-09-14,272.488,590.003,351.622,2140.86,397.76,6.3451e+06,282.447,265.011,20800
2014-09-21,309.853,670.89,399.849,2544.94,452.311,6.34452e+06,321.183,410.265,20800
2014-09-28,352.325,762.83,454.674,3004.44,514.322,6.34388e+06,365.217,354.671,20800
2014-07-13,86.7329,188.355,117.395,123.591,127.306,6.34793e+06,84.7755,85.6638,20850
2014-07-20,98.9566,214.217,129.367,255.918,144.299,6.34775e+06,96.0914,96.9815,20850
2014-07-27,112.181,242.208,145.628,403.722,164.065,6.34755e+06,109.254,77.3728,20850
2014-08-03,126.873,273.762,164.543,570.518,185.711,6.34731e+06,123.669,159.036,20850
2014-08-10,143.421,309.437,185.995,759.033,209.968,6.34705e+06,139.822,203.889,20850
2014-08-17,162.115,349.763,210.244,972.127,237.342,6.34676e+06,158.051,237.957,20850
2014-08-24,183.24,395.337,237.647,1213,268.274,6.34642e+06,178.649,190.896,20850
2014-08-31,207.114,446.837,268.615,1485.26,303.231,6.34604e+06,201.928,198.066,20850
2014-09-07,234.091,505.03,303.61,1793,342.732,6.34561e+06,228.233,267.551,20850
2014-09-14,264.574,570.782,343.154,2140.82,387.368,6.34513e+06,257.957,293.867,20850
2014-09-21,299.015,645.07,387.836,2533.94,437.803,6.34458e+06,291.542,410.569,20850
2014-09-28,337.926,728.993,438.32,2978.24,494.784,6.34397e+06,329.487,267.763,20850
2014-07-13,67.0035,146.549,90.1513,94.7049,97.8256,6.34805e+06,75.2557,68.3165,20900
2014-07-20,77.347,168.56,100.246,196.762,112.152,6.34791e+06,86.2769,85.8242,20900
2014-07-27,88.6611,192.676,114.06,311.917,128.969,6.34774e+06,99.2141,138.873,20900
2014-08-03,101.375,220.167,130.288,443.286,147.597,6.34755e+06,113.544,115.549,20900
2014-08-10,115.856,251.591,148.892,593.391,168.708,6.34734e+06,129.785,172.44,20900
2014-08-17,132.395,287.503,170.151,764.929,192.798,6.3471e+06,148.317,159.406,20900
2014-08-24,151.292,328.536,194.442,960.958,220.319,6.34681e+06,169.488,168.562,20900
2014-08-31,172.883,375.416,222.194,1184.97,251.763,6.34649e+06,193.678,234.044,20900
2014-09-07,197.55,428.975,253.903,1440.95,287.689,6.34613e+06,221.315,207.329,20900
2014-09-14,225.731,490.159,290.128,1733.46,328.733,6.34571e+06,252.889,173.082,20900
2014-09-21,257.923,560.051,331.513,2067.69,375.62,6.34523e+06,288.959,376.239,20900
2014-09-28,294.696,639.884,378.789,2449.6,429.181,6.34469e+06,330.163,426.2,20900
2014-07-13,125.538,269.749,171.419,181.039,185.714,6.3477e+06,101.015,76.2676,20950
2014-07-20,140.764,301.685,186.41,373.045,206.996,6.34745e+06,112.591,116.648,20950
2014-07-27,156.972,335.632,206.549,584.328,231.422,6.34717e+06,125.877,97.6983,20950
2014-08-03,174.674,373.269,229.636,818.961,257.721,6.34685e+06,140.181,128.614,20950
2014-08-10,194.285,415.135,255.406,1079.89,286.701,6.34651e+06,155.945,142.545,20950
2014-08-17,216.08,461.695,284.067,1370.11,318.874,6.34612e+06,173.444,206.483,20950
2014-08-24,240.313,513.463,315.933,1692.88,354.64,6.34569e+06,192.898,210.039,20950
2014-08-31,267.255,571.017,351.362,2051.86,394.405,6.34521e+06,214.528,170.745,20950
2014-09-07,297.207,634.999,390.752,2451.08,438.615,6.34468e+06,238.575,209.973,20950
2014-09-14,330.503,706.12,434.542,2895.05,487.763,6.34408e+06,265.308,257.699,20950
2014-09-21,367.513,785.17,483.219,3388.77,542.395,6.34343e+06,295.023,361.949,20950
2014-09-28,408.648,873.024,537.326,3937.78,603.118,6.34269e+06,328.052,383.27,20950
2014-07-13,99.0683,216.108,133.59,140.451,144.927,6.34786e+06,84.8442,83.2572,21000
2014-07-20,113.864,247.525,148.05,291.441,165.449,6.34765e+06,96.858,89.2447,21000
2014-07-27,129.981,281.788,167.78,461.166,189.456,6.34741e+06,110.912,105.096,21000
2014-08-03,148.014,320.683,190.874,654.005,215.933,6.34714e+06,126.413,139.187,21000
2014-08-10,168.468,364.959,217.24,873.453,245.813,6.34683e+06,143.905,150.578,21000
2014-08-17,191.732,415.348,247.246,1123.21,279.767,6.34647e+06,163.783,165.753,21000
2014-08-24,218.203,472.683,281.388,1407.47,318.396,6.34607e+06,186.397,181.818,21000
2014-08-31,248.32,537.915,320.235,1730.97,362.348,6.34561e+06,212.128,212.098,21000
2014-09-07,282.585,612.127,364.433,2099.12,412.354,6.34509e+06,241.403,234.536,21000
2014-09-14,321.565,696.546,414.716,2518.08,469.244,6.3445e+06,274.707,317.987,21000
2014-09-21,365.906,792.57,471.918,2994.84,533.959,6.34382e+06,312.594,251.224,21000
2014-09-28,416.339,901.781,536.985,3537.34,607.571,6.34306e+06,355.688,289.516,21000
2014-07-13,112.649,243.652,152.985,161.255,165.84,6.34778e+06,95.5501,90.0153,21050
2014-07-20,127.678,275.344,167.734,333.282,186.776,6.34755e+06,107.613,124.085,21050
2014-07-27,143.837,309.41,187.683,524.338,211.006,6.34728e+06,121.573,103.155,21050
2014-08-03,161.673,347.57,210.76,738.629,237.367,6.34699e+06,136.761,143.727,21050
2014-08-10,181.636,390.446,236.772,979.336,266.72,6.34666e+06,153.673,133.557,21050
2014-08-17,204.046,438.611,265.994,1249.75,299.638,6.34629e+06,172.639,168.422,21050
2014-08-24,229.215,492.705,298.812,1553.54,336.603,6.34588e+06,193.937,163.611,21050
2014-08-31,257.481,553.452,335.669,1894.8,378.117,6.34541e+06,217.855,238.082,21050
2014-09-07,289.222,621.666,377.06,2278.14,424.737,6.34488e+06,244.716,233.541,21050
2014-09-14,324.864,698.258,423.539,2708.75,477.088,6.34429e+06,274.878,308.475,21050
2014-09-21,364.881,784.249,475.729,3192.43,535.868,6.34363e+06,308.745,357.673,21050
2014-09-28,409.808,880.783,534.325,3735.7,601.863,6.34289e+06,346.769,440.384,21050
2014-07-13,90.0431,197.49,120.866,126.862,131.189,6.34791e+06,82.2506,100.075,21100
2014-07-20,104.422,228.159,134.88,263.924,151.076,6.34772e+06,94.7192,95.103,21100
2014-07-27,120.218,261.918,154.113,419.195,174.504,6.34749e+06,109.408,128.902,21100
2014-08-03,138.046,300.569,176.794,597.083,200.569,6.34724e+06,125.75,129.836,21100
2014-08-10,158.44,344.937,202.904,801.213,230.239,6.34694e+06,144.352,133.635,21100
2014-08-17,181.833,395.856,232.867,1035.49,264.24,6.3466e+06,165.669,152.391,21100
2014-08-24,208.673,454.28,267.247,1304.36,303.248,6.34622e+06,190.126,189.927,21100
2014-08-31,239.468,521.311,306.694,1612.92,348.005,6.34577e+06,218.187,231.346,21100
2014-09-07,274.798,598.21,351.952,1967.01,399.355,6.34526e+06,250.382,268.918,21100
2014-09-14,315.328,686.423,403.874,2373.36,458.265,6.34467e+06,287.316,206.387,21100
2014-09-21,361.819,787.606,463.437,2839.64,525.843,6.344e+06,329.685,329.083,21100
2014-09-28,415.143,903.653,531.76,3374.67,603.357,6.34322e+06,378.283,457.375,21100
2014-07-13,99.0004,215.355,133.812,140.805,145.131,6.34786e+06,80.6521,49.0857,21150
2014-07-20,113.263,245.57,147.77,291.789,164.941,6.34765e+06,91.6608,106.541,21150
2014-07-27,128.732,278.365,166.76,460.832,188.033,6.34742e+06,104.493,86.5277,21150
2014-08-03,145.962,315.431,188.9,652.08,213.388,6.34715e+06,118.583,94.8615,21150
2014-08-10,165.42,357.443,214.072,868.782,241.874,6.34684e+06,134.414,144.535,21150
2014-08-17,187.457,405.052,242.597,1114.36,274.104,6.3465e+06,152.324,148.91,21150
2014-08-24,212.423,458.991,274.913,1392.66,310.614,6.34611e+06,172.614,216.269,21150
2014-08-31,240.708,520.096,311.526,1708.02,351.978,6.34567e+06,195.6,185.965,21150
2014-09-07,272.749,589.316,353.004,2065.38,398.838,6.34517e+06,221.641,209.529,21150
2014-09-14,309.044,667.72,399.991,2470.32,451.92,6.3446e+06,251.14,240.86,21150
2014-09-21,350.154,756.521,453.214,2929.14,512.046,6.34396e+06,284.553,294.246,21150
2014-09-28,396.712,857.086,513.496,3449,580.145,6.34323e+06,322.397,562.812,21150
2014-07-13,100.923,216.769,137.853,145.606,149.343,6.34785e+06,86.4904,98.577,21200
2014-07-20,113.089,242.281,149.833,299.977,166.352,6.34764e+06,96.3408,68.1326,21200
2014-07-27,126.033,269.381,165.922,469.753,185.865,6.34742e+06,107.641,111.65,21200
2014-08-03,140.161,299.41,184.358,658.178,206.861,6.34717e+06,119.801,125.626,21200
2014-08-10,155.805,332.795,204.924,867.596,229.984,6.34689e+06,133.193,166.156,21200
2014-08-17,173.182,369.903,227.784,1100.38,255.641,6.34658e+06,148.052,146.658,21200
2014-08-24,192.491,411.14,253.188,1359.12,284.148,6.34623e+06,164.561,153.387,21200
2014-08-31,213.948,456.963,281.417,1646.72,315.826,6.34585e+06,182.907,161.629,21200
2014-09-07,237.79,507.878,312.785,1966.38,351.026,6.34543e+06,203.293,166.511,21200
2014-09-14,264.281,564.446,347.639,2321.66,390.138,6.34495e+06,225.944,228.804,21200
2014-09-21,293.713,627.292,386.365,2716.53,433.593,6.34443e+06,251.111,316.628,21200
2014-09-28,326.409,697.106,429.39,3155.37,481.871,6.34384e+06,279.07,258.093,21200
2014-07-13,97.511,213.231,131.22,137.857,142.388,6.34787e+06,83.5788,95.4629,21250
2014-07-20,112.526,245.179,145.877,286.389,163.188,6.34766e+06,95.788,100.927,21250
2014-07-27,128.945,280.167,165.928,453.935,187.597,6.34742e+06,110.115,122.553,21250
2014-08-03,147.388,320.037,189.475,645.011,214.624,6.34715e+06,125.98,139.039,21250
2014-08-10,168.386,365.593,216.459,863.268,245.242,6.34684e+06,143.952,125.853,21250
2014-08-17,192.359,417.635,247.285,1112.61,280.167,6.34648e+06,164.452,125.934,21250
2014-08-24,219.74,477.073,282.491,1397.45,320.05,6.34607e+06,187.863,170.596,21250
2014-08-31,251.01,544.952,322.699,1722.85,365.6,6.34561e+06,214.6,241.092,21250
2014-09-07,286.72,622.466,368.618,2094.55,417.62,6.34508e+06,245.134,260.425,21250
2014-09-14,327.496,710.973,421.056,2519.13,477.023,6.34447e+06,280.002,352.486,21250
2014-09-21,374.055,812.025,480.933,3004.11,544.851,6.34378e+06,319.816,197.161,21250
2014-09-28,427.21,927.386,549.299,3558.03,622.293,6.34299e+06,365.273,360.055,21250
2014-07-13,90.488,195.929,122.78,129.376,133.11,6.34791e+06,86.6248,39.8231,21300
2014-07-20,102.741,221.79,134.798,267.526,150.169,6.34772e+06,97.7265,102.168,21300
2014-07-27,115.937,249.639,151.071,421.191,169.938,6.34751e+06,110.592,118.286,21300
2014-08-03,130.527,280.888,169.924,593.823,191.485,6.34727e+06,124.614,129.354,21300
2014-08-10,146.886,316.06,191.211,788.055,215.518,6.34701e+06,140.254,186.729,21300
2014-08-17,165.282,355.636,215.163,1006.62,242.517,6.34671e+06,157.825,200.421,21300
2014-08-24,185.977,400.16,242.11,1252.56,272.886,6.34637e+06,177.588,140.783,21300
2014-08-31,209.259,450.246,272.424,1529.29,307.05,6.34599e+06,199.822,253,21300
2014-09-07,235.448,506.587,306.525,1840.68,345.483,6.34556e+06,224.833,271.558,21300
2014-09-14,264.906,569.957,344.885,2191.03,388.715,6.34508e+06,252.967,276.068,21300
2014-09-21,298.039,641.229,388.033,2585.22,437.341,6.34454e+06,284.612,359.139,21300
2014-09-28,335.302,721.383,436.563,3028.73,492.032,6.34393e+06,320.203,334.456,21300
2014-07-13,92.8585,200.376,126.353,133.277,136.942,6.3479e+06,87.3501,70.7537,21350
2014-07-20,104.844,225.604,138.129,275.159,153.659,6.34771e+06,98.0131,61.7128,21350
2014-07-27,117.686,252.614,154.019,432.218,172.948,6.34749e+06,110.317,181.64,21350
2014-08-03,131.807,282.761,172.342,607.753,193.858,6.34726e+06,123.655,110.816,21350
2014-08-10,147.557,316.515,192.924,804.226,217.055,6.34699e+06,138.451,192.919,21350
2014-08-17,165.175,354.299,215.964,1024.16,242.978,6.34669e+06,154.987,135.833,21350
2014-08-24,184.891,396.586,241.749,1270.37,271.986,6.34636e+06,173.49,87.3555,21350
2014-08-31,206.957,443.909,270.606,1545.96,304.449,6.34598e+06,194.197,116.317,21350
2014-09-07,231.649,496.864,302.9,1854.44,340.778,6.34556e+06,217.37,179.407,21350
2014-09-14,259.28,556.118,339.037,2199.74,381.431,6.3451e+06,243.301,275.441,21350
2014-09-21,290.196,622.414,379.474,2586.22,426.92,6.34457e+06,272.316,269.492,21350
2014-09-28,324.785,696.585,424.719,3018.79,477.815,6.34399e+06,304.781,351.218,21350
2014-07-13,117.268,250.524,160.889,170.206,174.216,6.34775e+06,100.994,70.8599,21400
2014-07-20,130.257,277.641,173.713,349.806,192.424,6.34752e+06,111.549,116.455,21400
2014-07-27,143.963,306.185,190.84,545.851,213.173,6.34726e+06,123.577,123.839,21400
2014-08-03,158.797,337.549,210.322,761.677,235.308,6.34698e+06,136.409,111.377,21400
2014-08-10,175.084,372.134,231.882,999.598,259.481,6.34667e+06,150.422,178.815,21400
2014-08-17,193.026,410.26,255.652,1261.91,286.081,6.34633e+06,165.842,122.062,21400
2014-08-24,212.801,452.284,281.85,1551.11,315.394,6.34595e+06,182.835,190.381,21400
2014-08-31,234.596,498.597,310.724,1869.93,347.701,6.34554e+06,201.563,221.73,21400
2014-09-07,258.615,549.635,342.546,2221.42,383.306,6.34508e+06,222.203,304.329,21400
2014-09-14,285.083,605.877,377.616,2608.89,422.543,6.34457e+06,244.949,224.647,21400
2014-09-21,314.25,667.847,416.261,3036.03,465.781,6.34402e+06,270.015,226.949,21400
2014-09-28,346.385,736.123,458.845,3506.87,513.424,6.3434e+06,297.633,288.399,21400
2014-07-13,125.316,273.532,168.897,177.538,183.24,6.3477e+06,91.0509,86.8478,21450
2014-07-20,144.177,313.602,187.324,368.504,209.393,6.34744e+06,104.046,121.697,21450
2014-07-27,164.742,357.344,212.484,583.353,240.01,6.34713e+06,119.259,144.119,21450
2014-08-03,187.773,407.046,241.957,827.691,273.81,6.34679e+06,136.054,145.488,21450
2014-08-10,213.919,463.674,275.636,1106,311.989,6.34639e+06,155.025,149.705,21450
2014-08-17,243.683,528.175,313.998,1423.05,355.411,6.34594e+06,176.601,219.421,21450
2014-08-24,277.579,601.631,357.686,1784.22,404.855,6.34543e+06,201.169,187.534,21450
2014-08-31,316.177,685.274,407.437,2195.63,461.161,6.34485e+06,229.147,264.059,21450
2014-09-07,360.127,780.507,464.089,2664.25,525.275,6.34418e+06,261.006,251.397,21450
2014-09-14,410.165,888.927,528.594,3198.02,598.276,6.34342e+06,297.279,298.411,21450
2014-09-21,467.129,1012.34,602.033,3805.96,681.384,6.34256e+06,338.575,383.156,21450
2014-09-28,531.969,1152.81,685.634,4498.35,775.989,6.34158e+06,385.583,278.316,21450
2014-07-13,80.5781,174.952,109.083,114.848,118.29,6.34797e+06,89.4539,104.187,21500
2014-07-20,91.9027,198.908,120.176,237.791,134.035,6.3478e+06,101.36,144.285,21500
2014-07-27,104.151,224.826,135.239,375.072,152.345,6.34761e+06,115.207,122.105,21500
2014-08-03,117.753,254.035,152.756,529.944,172.389,6.3474e+06,130.365,116.803,21500
2014-08-10,133.069,287.049,172.617,704.927,194.843,6.34715e+06,147.345,145.657,21500
2014-08-17,150.366,324.356,195.059,902.661,220.176,6.34688e+06,166.503,166.022,21500
2014-08-24,169.908,366.504,220.414,1126.1,248.793,6.34657e+06,188.143,230.144,21500
2014-08-31,191.984,414.119,249.058,1378.58,281.123,6.34622e+06,212.592,168.823,21500
2014-09-07,216.924,467.906,281.417,1663.86,317.646,6.34582e+06,240.211,205.274,21500
2014-09-14,245.096,528.663,317.972,1986.21,358.904,6.34537e+06,271.412,309.785,21500
2014-09-21,276.917,597.288,359.265,2350.43,405.507,6.34487e+06,306.655,321.724,21500
2014-09-28,312.857,674.792,405.906,2761.93,458.146,6.34429e+06,346.461,364.03,21500
2014-07-13,66.3271,145.597,88.968,93.3575,96.5738,6.34806e+06,73.2061,59.1432,21550
2014-07-20,77.0265,168.434,99.3915,194.3,111.365,6.34791e+06,84.4186,104.938,21550
2014-07-27,88.7961,193.61,113.71,308.791,128.81,6.34775e+06,97.642,67.2081,21550
2014-08-03,102.099,222.473,130.616,440.131,148.246,6.34755e+06,112.375,119.628,21550
2014-08-10,117.337,255.652,150.103,591.044,170.4,6.34734e+06,129.168,114.079,21550
2014-08-17,134.839,293.78,172.497,764.472,195.822,6.34708e+06,148.44,34.8114,21550
2014-08-24,154.949,337.59,198.226,963.771,225.029,6.3468e+06,170.579,188.226,21550
2014-08-31,178.054,387.924,227.788,1192.8,258.587,6.34646e+06,196.017,179.826,21550
2014-09-07,204.599,445.749,261.753,1455.97,297.141,6.34608e+06,225.243,151.069,21550
2014-09-14,235.094,512.179,300.775,1758.39,341.435,6.34564e+06,258.819,188.363,21550
2014-09-21,270.126,588.487,345.603,2105.88,392.32,6.34514e+06,297.391,243.556,21550
2014-09-28,310.366,676.135,397.098,2505.15,450.771,6.34456e+06,341.699,380.321,21550
2014-07-13,105.897,231.376,142.604,149.854,154.729,6.34782e+06,82.9677,97.5665,21600
2014-07-20,122.036,265.693,158.365,311.19,177.096,6.34759e+06,94.9614,71.6005,21600
2014-07-27,139.662,303.222,179.907,492.964,203.316,6.34733e+06,109.021,122.208,21600
2014-08-03,159.433,345.93,205.177,700.003,232.31,6.34704e+06,124.567,127.806,21600
2014-08-10,181.915,394.668,234.098,936.194,265.112,6.3467e+06,142.156,143.359,21600
2014-08-17,207.549,450.271,267.094,1205.68,302.479,6.34632e+06,162.193,128.655,21600
2014-08-24,236.788,513.695,304.73,1513.14,345.096,6.34588e+06,185.045,165.972,21600
2014-08-31,270.136,586.031,347.657,1863.92,393.706,6.34538e+06,211.11,241.589,21600
2014-09-07,308.171,668.525,396.618,2264.1,449.147,6.34481e+06,240.838,260.141,21600
2014-09-14,351.544,762.596,452.456,2720.64,512.373,6.34416e+06,274.741,379.375,21600
2014-09-21,401.003,869.858,516.132,3241.44,584.473,6.34342e+06,313.402,442.165,21600
2014-09-28,457.393,992.145,588.739,3835.51,666.683,6.34258e+06,357.484,324.571,21600
2014-07-13,80.7252,177.131,108.318,113.677,117.574,6.34797e+06,73.5194,70.4282,21650
2014-07-20,93.6845,204.782,120.946,236.542,135.493,6.34779e+06,84.7247,81.1353,21650
2014-07-27,107.931,235.243,138.284,375.819,156.615,6.34759e+06,97.9323,110.673,21650
2014-08-03,124.022,270.142,158.744,535.492,180.133,6.34736e+06,112.638,122.99,21650
2014-08-10,142.442,310.232,182.312,718.845,206.921,6.3471e+06,129.389,133.482,21650
2014-08-17,163.584,356.273,209.379,929.42,237.642,6.34679e+06,148.598,200.196,21650
2014-08-24,187.86,409.139,240.456,1171.25,272.911,6.34644e+06,170.653,147.658,21650
2014-08-31,215.733,469.835,276.139,1448.98,313.407,6.34604e+06,195.975,214.785,21650
2014-09-07,247.734,539.518,317.108,1767.91,359.902,6.34558e+06,225.048,239.861,21650
2014-09-14,284.472,619.512,364.144,2134.16,413.281,6.34505e+06,258.426,293.843,21650
2014-09-21,326.644,711.334,418.141,2554.72,474.559,6.34444e+06,296.744,214.858,21650
2014-09-28,375.051,816.725,480.124,3037.63,544.898,6.34374e+06,340.727,207.792,21650
2014-07-13,106.052,234.012,141.627,148.375,153.809,6.34782e+06,82.2872,56.8774,21700
2014-07-20,124.224,272.963,159.284,309.581,178.863,6.34758e+06,95.6909,93.1696,21700
2014-07-27,144.374,316.283,183.672,493.801,208.608,6.34731e+06,111.604,155.533,21700
2014-08-03,167.339,366.354,212.677,706.822,242.025,6.347e+06,129.483,139.445,21700
2014-08-10,193.859,424.367,246.371,953.557,280.429,6.34663e+06,150.029,183.72,21700
2014-08-17,224.561,491.564,285.4,1239.38,324.854,6.34621e+06,173.795,187.879,21700
2014-08-24,260.117,569.385,330.599,1570.48,376.296,6.34572e+06,201.317,248.101,21700
2014-08-31,301.291,659.498,382.942,1954,435.868,6.34515e+06,233.188,224.006,21700
2014-09-07,348.968,763.836,443.554,2398.24,504.852,6.3445e+06,270.093,312.65,21700
2014-09-14,404.168,884.632,513.737,2912.78,584.725,6.34373e+06,312.825,431.24,21700
2014-09-21,468.072,1024.46,594.993,3508.73,677.197,6.34285e+06,362.298,393.611,21700
2014-09-28,542.043,1186.31,689.059,4198.9,784.243,6.34183e+06,419.567,305.145,21700
2014-07-13,97.0161,211.612,130.832,137.556,141.934,6.34787e+06,78.1312,72.5426,21750
2014-07-20,111.489,242.343,144.977,285.42,162.009,6.34767e+06,89.182,109.544,21750
2014-07-27,127.253,275.852,164.277,451.612,185.492,6.34743e+06,102.108,98.5736,21750
2014-08-03,144.889,313.887,186.863,640.413,211.387,6.34716e+06,116.363,114.838,21750
2014-08-10,164.889,357.177,212.647,855.235,240.606,6.34686e+06,132.447,171.369,21750
2014-08-17,187.634,406.439,241.988,1099.7,273.804,6.34651e+06,150.722,155.628,21750
2014-08-24,213.511,462.483,275.367,1377.89,311.569,6.34612e+06,171.511,199.718,21750
2014-08-31,242.949,526.239,313.342,1694.45,354.533,6.34567e+06,195.161,146.849,21750
2014-09-07,276.437,598.763,356.542,2054.65,403.408,6.34516e+06,222.065,242.033,21750
2014-09-14,314.528,681.252,405.684,2464.51,459.004,6.34458e+06,252.67,222.914,21750
2014-09-21,357.853,775.069,461.581,2930.86,522.241,6.34392e+06,287.48,313.559,21750
2014-09-28,407.124,881.757,525.156,3461.44,594.161,6.34317e+06,327.07,277.939,21750
2014-07-13,91.3232,200.453,122.504,128.55,132.976,6.34791e+06,84.4277,84.7151,21800
2014-07-20,106.043,231.869,136.844,267.536,153.326,6.34771e+06,97.3483,60.9295,21800
2014-07-27,122.232,266.495,156.541,425.161,177.323,6.34748e+06,112.584,119.575,21800
2014-08-03,140.528,306.188,179.795,605.963,204.055,6.34722e+06,129.557,127.124,21800
2014-08-10,161.482,351.807,206.595,813.685,234.522,6.34692e+06,148.901,151.752,21800
2014-08-17,185.545,404.223,237.388,1052.37,269.477,6.34657e+06,171.094,116.827,21800
2014-08-24,213.188,464.438,272.761,1326.62,309.629,6.34617e+06,196.587,248.71,21800
2014-08-31,244.942,533.605,313.396,1641.74,355.753,6.34572e+06,225.872,271.394,21800
2014-09-07,281.416,613.049,360.073,2003.8,408.734,6.34519e+06,259.51,244.347,21800
2014-09-14,323.307,704.29,413.688,2419.77,469.588,6.34459e+06,298.147,283.888,21800
2014-09-21,371.418,809.07,475.265,2897.68,539.479,6.3439e+06,342.522,140.433,21800
2014-09-28,426.665,929.384,545.982,3446.7,619.741,6.3431e+06,393.481,415.54,21800
2014-07-13,110.049,240.319,148.264,155.828,160.863,6.3478e+06,85.6591,103.575,21850
2014-07-20,126.708,275.723,164.536,323.512,183.956,6.34756e+06,97.9561,94.7374,21850
2014-07-27,144.885,314.405,186.764,512.291,211.007,6.34729e+06,112.361,100.338,21850
2014-08-03,165.257,358.388,212.819,727.131,240.894,6.34699e+06,128.276,140.832,21850
2014-08-10,188.401,408.537,242.614,972.013,274.678,6.34664e+06,146.265,166.332,21850
2014-08-17,214.769,465.702,276.577,1251.18,313.13,6.34624e+06,166.741,161.016,21850
2014-08-24,244.818,530.851,315.284,1569.42,356.947,6.34579e+06,190.074,201.131,21850
2014-08-31,279.063,605.092,359.395,1932.19,406.883,6.34527e+06,216.665,268.639,21850
2014-09-07,318.085,689.687,409.663,2345.71,463.788,6.34469e+06,246.966,297.12,21850
2014-09-14,362.547,786.07,466.944,2817.06,528.629,6.34402e+06,281.494,185.909,21850
2014-09-21,413.203,895.873,532.208,3354.3,602.506,6.34325e+06,320.833,357.329,21850
2014-09-28,470.91,1020.95,606.563,3966.62,686.67,6.34238e+06,365.651,323.439,21850
2014-07-13,105.178,230.4,141.33,148.398,153.383,6.34782e+06,82.246,83.5491,21900
2014-07-20,121.725,265.655,157.467,308.544,176.283,6.3476e+06,94.5254,71.722,21900
2014-07-27,139.866,304.38,179.583,489.643,203.216,6.34734e+06,108.968,96.7931,21900
2014-08-03,160.301,348.63,205.62,696.729,233.122,6.34704e+06,125.003,123.406,21900
2014-08-10,183.631,399.326,235.535,933.909,267.095,6.3467e+06,143.22,132.371,21900
2014-08-17,210.338,457.392,269.799,1205.59,305.951,6.34631e+06,164.055,136.057,21900
2014-08-24,240.921,523.888,309.037,1516.8,350.442,6.34586e+06,187.912,206.9,21900
2014-08-31,275.942,600.03,353.97,1873.26,401.39,6.34535e+06,215.231,236.289,21900
2014-09-07,316.042,687.208,405.421,2281.53,459.729,6.34476e+06,246.513,219.233,21900
2014-09-14,361.952,787.014,464.332,2749.15,526.524,6.34409e+06,282.33,291.872,21900
2014-09-21,414.51,901.265,531.778,3284.7,602.994,6.34332e+06,323.335,284.195,21900
2014-09-28,474.672,1032.04,608.989,3898.02,690.533,6.34244e+06,370.274,462.645,21900
2014-07-13,103.653,225.077,140.31,147.72,152.154,6.34783e+06,83.2089,112.069,21950
2014-07-20,118.241,255.936,154.598,305.866,172.434,6.34762e+06,94.2996,119.015,21950
2014-07-27,134.02,289.329,174.002,482.483,196.021,6.34737e+06,107.199,95.6267,21950
2014-08-03,151.545,326.966,196.569,681.759,221.845,6.34709e+06,121.321,96.8042,21950
2014-08-10,171.282,369.509,222.159,906.947,250.777,6.34678e+06,137.144,112.307,21950
2014-08-17,193.572,417.588,251.078,1161.45,283.422,6.34643e+06,154.996,208.121,21950
2014-08-24,218.757,471.912,283.752,1449.08,320.302,6.34603e+06,175.165,203.798,21950
2014-08-31,247.212,533.285,320.669,1774.13,361.97,6.34557e+06,197.952,242.796,21950
2014-09-07,279.358,602.619,362.378,2141.47,409.046,6.34506e+06,223.697,209.834,21950
2014-09-14,315.672,680.938,409.497,2556.58,462.228,6.34449e+06,252.781,177.833,21950
2014-09-21,356.692,769.399,462.724,3025.65,522.303,6.34384e+06,285.634,450.882,21950
2014-09-28,403.022,869.307,522.847,3555.69,590.158,6.3431e+06,322.742,263.896,21950
2014-07-13,76.5922,170.862,101.331,105.792,110.159,6.348e+06,64.1503,69.092,22000
2014-07-20,91.3625,202.812,115.603,221.925,130.406,6.34782e+06,75.9406,51.8428,22000
2014-07-27,108.025,239.02,135.55,356.768,154.79,6.34761e+06,90.1408,83.4067,22000
2014-08-03,127.356,281.602,159.644,515.353,182.678,6.34737e+06,106.381,78.2517,22000
2014-08-10,150.068,331.787,188.106,702.184,215.294,6.34708e+06,125.375,79.6553,22000
2014-08-17,176.816,390.917,221.641,922.325,253.676,6.34674e+06,147.726,93.5468,22000
2014-08-24,208.326,460.573,261.146,1181.71,298.886,6.34634e+06,174.054,93.7275,22000
2014-08-31,245.443,542.623,307.682,1487.31,352.144,6.34587e+06,205.068,182.762,22000
2014-09-07,289.163,639.263,362.499,1847.38,414.878,6.34531e+06,241.601,237.649,22000
2014-09-14,340.656,753.078,427.065,2271.58,488.768,6.34466e+06,284.63,415.033,22000
2014-09-21,401.296,887.105,503.108,2771.32,575.789,6.34389e+06,335.306,278.98,22000
2014-09-28,472.703,1044.92,592.659,3360.04,678.266,6.34298e+06,394.982,247.303,22000
2014-07-13,97.4453,213.649,130.841,137.348,142.011,6.34787e+06,77.5793,91.9963,22050
2014-07-20,112.94,246.687,145.945,285.689,163.445,6.34766e+06,89.2886,91.5994,22050
2014-07-27,129.951,283.031,166.666,453.652,188.684,6.34742e+06,103.076,38.1595,22050
2014-08-03,149.14,324.619,191.09,645.976,216.747,6.34714e+06,118.407,105.701,22050
2014-08-10,171.079,372.331,219.189,866.549,248.673,6.34682e+06,135.847,189.266,22050
2014-08-17,196.228,427.055,251.418,1119.56,285.237,6.34646e+06,155.822,142.709,22050
2014-08-24,225.068,489.81,288.376,1409.76,327.163,6.34604e+06,178.726,141.763,22050
2014-08-31,258.137,561.768,330.757,1742.62,375.239,6.34556e+06,204.989,177.189,22050
2014-09-07,296.055,644.271,379.353,2124.39,430.366,6.34501e+06,235.105,195.743,22050
2014-09-14,339.528,738.857,435.072,2562.24,493.573,6.34437e+06,269.634,268.651,22050
2014-09-21,389.366,847.284,498.954,3064.4,566.036,6.34365e+06,309.219,290.302,22050
2014-09-28,446.494,971.565,572.187,3640.27,649.103,6.34282e+06,354.598,329.54,22050
2014-07-13,105.015,228.516,141.902,149.301,153.91,6.34783e+06,89.5073,72.7535,22100
2014-07-20,120.211,260.718,156.77,309.445,175.013,6.3476e+06,101.78,114.963,22100
2014-07-27,136.701,295.689,177.007,488.831,199.622,6.34735e+06,116.092,105.791,22100
2014-08-03,155.078,335.234,200.611,691.884,226.658,6.34707e+06,131.815,126.614,22100
2014-08-10,175.843,380.08,227.461,922.082,257.048,6.34674e+06,149.488,138.925,22100
2014-08-17,199.37,430.925,257.903,1183.09,291.45,6.34638e+06,169.495,147.814,22100
2014-08-24,226.039,488.56,292.41,1479.02,330.441,6.34596e+06,192.171,175.145,22100
2014-08-31,256.268,553.885,331.523,1814.55,374.637,6.34549e+06,217.873,300.116,22100
2014-09-07,290.528,627.92,375.855,2194.95,424.73,6.34496e+06,247.005,223.165,22100
2014-09-14,329.356,711.819,426.1,2626.2,481.502,6.34436e+06,280.022,299.55,22100
2014-09-21,373.355,806.89,483.041,3115.1,545.84,6.34367e+06,317.438,356.309,22100
2014-09-28,423.21,914.607,547.566,3669.32,618.744,6.3429e+06,359.836,490.512,22100
2014-07-13,114.103,245.302,155.74,164.455,168.735,6.34777e+06,93.3456,92.5644,22150
2014-07-20,128.048,274.563,169.465,338.95,188.221,6.34754e+06,104.125,128.93,22150
2014-07-27,142.903,305.694,187.915,531.1,210.6,6.34728e+06,116.506,98.6662,22150
2014-08-03,159.142,340.237,209.081,744.65,234.715,6.347e+06,129.847,151.846,22150
2014-08-10,177.147,378.692,232.724,982.318,261.311,6.34668e+06,144.56,162.081,22150
2014-08-17,197.173,421.493,259.041,1246.86,290.861,6.34633e+06,160.907,136.614,22150
2014-08-24,219.457,469.121,288.324,1541.32,323.737,6.34593e+06,179.094,177.371,22150
2014-08-31,244.252,522.115,320.907,1869.05,360.319,6.34549e+06,199.332,134.628,22150
2014-09-07,271.839,581.074,357.163,2233.82,401.023,6.34501e+06,221.85,139.154,22150
2014-09-14,302.532,646.667,397.501,2639.79,446.309,6.34446e+06,246.903,262.225,22150
2014-09-21,336.677,719.634,442.379,3091.6,496.691,6.34386e+06,274.774,193.868,22150
2014-09-28,374.658,800.795,492.303,3594.42,552.737,6.34319e+06,305.779,178.266,22150
2014-07-13,123.558,269.21,166.779,175.408,180.913,6.34772e+06,86.8084,84.8797,22200
2014-07-20,141.734,307.768,184.553,363.773,206.139,6.34745e+06,98.9127,89.4123,22200
2014-07-27,161.497,349.731,208.776,575.155,235.604,6.34715e+06,113.051,81.8371,22200
2014-08-03,183.567,397.277,237.079,814.89,268.039,6.34682e+06,128.614,140.805,22200
2014-08-10,208.551,451.3,269.335,1087.21,304.571,6.34643e+06,146.144,131.328,22200
2014-08-17,236.914,512.665,305.976,1396.57,346.005,6.346e+06,166.025,160.894,22200
2014-08-24,269.126,582.357,347.588,1748.01,393.056,6.3455e+06,188.602,216.169,22200
2014-08-31,305.706,661.496,394.845,2147.25,446.489,6.34494e+06,214.241,185.928,22200
2014-09-07,347.243,751.355,448.509,2600.75,507.165,6.3443e+06,243.355,198.764,22200
2014-09-14,394.405,853.375,509.444,3115.87,576.061,6.34358e+06,276.414,261.728,22200
2014-09-21,447.947,969.191,578.629,3700.97,654.282,6.34275e+06,313.947,323.802,22200
2014-09-28,508.726,1100.65,657.172,4365.51,743.081,6.34182e+06,356.556,503.305,22200
2014-07-13,95.9467,212.672,127.638,133.529,138.675,6.34788e+06,71.3576,71.8474,22250
2014-07-20,113.234,249.868,144.397,279.222,162.452,6.34766e+06,83.593,96.6734,22250
2014-07-27,132.54,291.558,167.658,446.811,190.85,6.34741e+06,98.2052,128.023,22250
2014-08-03,154.705,340.09,195.499,641.958,222.989,6.34712e+06,114.743,114.289,22250
2014-08-10,180.484,396.718,228.067,869.582,260.191,6.34678e+06,133.886,131.114,22250
2014-08-17,210.541,462.774,266.056,1135.12,303.532,6.34638e+06,156.188,129.889,22250
2014-08-24,245.595,539.813,310.362,1444.89,354.074,6.34591e+06,182.195,152.171,22250
2014-08-31,286.474,629.651,362.033,1806.24,413.017,6.34537e+06,212.526,196.178,22250
2014-09-07,334.145,734.407,422.291,2227.74,481.755,6.34473e+06,247.896,218.612,22250
2014-09-14,389.728,856.545,492.556,2719.38,561.906,6.34399e+06,289.139,280.932,22250
2014-09-21,454.53,998.931,574.482,3292.81,655.357,6.34313e+06,337.226,389.134,22250
2014-09-28,530.072,1164.9,669.995,3961.6,764.301,6.34212e+06,393.286,389.872,22250
2014-07-13,106.738,233.751,143.458,150.646,155.689,6.34782e+06,77.8981,74.6038,22300
2014-07-20,123.473,269.402,159.782,313.176,178.854,6.34758e+06,89.4887,58.6831,22300
2014-07-27,141.814,308.542,182.148,496.9,206.09,6.34732e+06,103.116,82.2636,22300
2014-08-03,162.465,353.246,208.468,706.897,236.317,6.34702e+06,118.24,129.462,22300
2014-08-10,186.03,404.442,238.696,947.311,270.641,6.34667e+06,135.414,115.916,22300
2014-08-17,212.996,463.056,273.304,1222.58,309.881,6.34628e+06,155.048,118.171,22300
2014-08-24,243.862,530.149,312.919,1537.76,354.793,6.34583e+06,177.519,129.522,22300
2014-08-31,279.191,606.942,358.264,1898.62,406.201,6.34531e+06,203.241,225.842,22300
2014-09-07,319.627,694.828,410.164,2311.76,465.04,6.34471e+06,232.681,215.479,22300
2014-09-14,365.902,795.401,469.564,2784.74,532.38,6.34403e+06,266.374,274.635,22300
2014-09-21,418.855,910.48,537.541,3326.2,609.441,6.34326e+06,304.931,262.413,22300
2014-09-28,479.442,1042.14,615.325,3946.04,697.618,6.34237e+06,349.05,289.007,22300
2014-07-13,186.401,400.351,254.618,268.941,275.84,6.34734e+06,99.7528,59.7112,22350
2014-07-20,208.858,447.435,276.733,554.062,307.236,6.34696e+06,111.107,108.347,22350
2014-07-27,232.744,497.439,306.428,867.616,343.249,6.34655e+06,124.13,120.225,22350
2014-08-03,258.811,552.835,340.447,1215.59,381.991,6.34608e+06,138.141,216.083,22350
2014-08-10,287.667,614.405,378.39,1602.29,424.649,6.34557e+06,153.567,165.087,22350
2014-08-17,319.71,682.82,420.554,2032.1,471.967,6.34499e+06,170.679,119.32,22350
2014-08-24,355.305,758.823,467.396,2509.78,524.526,6.34436e+06,189.686,236.61,22350
2014-08-31,394.845,843.244,519.43,3040.66,582.911,6.34365e+06,210.8,282.797,22350
2014-09-07,438.762,937.004,577.23,3630.62,647.764,6.34287e+06,234.253,285.119,22350
2014-09-14,487.536,1041.13,641.427,4286.22,719.792,6.34199e+06,260.301,122.873,22350
2014-09-21,541.697,1156.74,712.721,5014.7,799.78,6.34102e+06,289.227,251.854,22350
2014-09-28,601.832,1285.09,791.888,5824.14,888.597,6.33995e+06,321.346,251.105,22350
2014-07-13,159.406,347.196,215.229,226.388,233.462,6.3475e+06,89.8883,90.1176,22400
2014-07-20,182.751,396.703,238.061,469.423,265.868,6.34716e+06,102.365,94.9755,22400
2014-07-27,208.119,450.548,269.166,742.019,303.701,6.34678e+06,116.932,113.825,22400
2014-08-03,236.43,511.519,305.492,1051.02,345.322,6.34635e+06,132.957,137.004,22400
2014-08-10,268.461,580.752,346.865,1401.81,392.171,6.34585e+06,150.995,116.552,22400
2014-08-17,304.802,659.346,393.835,1800.12,445.275,6.34529e+06,171.441,179.215,22400
2014-08-24,346.046,748.545,447.144,2252.35,505.538,6.34466e+06,194.644,180.691,22400
2014-08-31,392.852,849.768,507.645,2765.78,573.931,6.34393e+06,220.977,217.467,22400
2014-09-07,445.965,964.622,576.303,3348.66,651.543,6.34311e+06,250.86,261.786,22400
2014-09-14,506.227,1094.93,654.21,4010.36,739.608,6.34218e+06,284.767,239.861,22400
2014-09-21,574.592,1242.74,742.601,4761.49,839.52,6.34113e+06,323.235,325.18,22400
2014-09-28,652.136,1410.38,842.874,5614.08,952.856,6.33993e+06,366.872,455.744,22400
2014-07-13,110.237,236.506,150.716,159.245,163.262,6.34779e+06,90.1987,64.1093,22450
2014-07-20,123.297,263.867,163.584,327.908,181.531,6.34757e+06,100.292,68.9457,22450
2014-07-27,137.168,292.876,180.845,513.107,202.46,6.34733e+06,111.855,144.288,22450
2014-08-03,152.281,324.962,200.592,718.299,224.939,6.34705e+06,124.274,100.875,22450
2014-08-10,168.986,360.572,222.585,945.958,249.652,6.34675e+06,137.927,138.022,22450
2014-08-17,187.507,400.084,246.988,1198.58,277.023,6.34642e+06,153.05,86.8421,22450
2014-08-24,208.053,443.917,274.059,1478.89,307.382,6.34605e+06,169.822,90.2592,22450
2014-08-31,230.845,492.537,304.087,1789.92,341.059,6.34563e+06,188.428,218.275,22450
2014-09-07,256.125,546.465,337.397,2135.02,378.414,6.34517e+06,209.066,182.575,22450
2014-09-14,284.164,606.276,374.344,2517.93,419.848,6.34467e+06,231.957,122.27,22450
2014-09-21,315.26,672.606,415.322,2942.75,465.802,6.3441e+06,257.346,234.663,22450
2014-09-28,349.746,746.161,460.768,3414.07,516.765,6.34348e+06,285.502,321.853,22450
2014-07-13,113.341,247.666,152.616,160.37,165.593,6.34778e+06,81.5687,82.8819,22500
2014-07-20,130.637,284.444,169.504,333.043,189.562,6.34753e+06,93.3752,93.9115,22500
2014-07-27,149.528,324.67,192.591,527.619,217.662,6.34726e+06,107.217,93.3526,22500
2014-08-03,170.721,370.456,219.676,749.273,248.739,6.34694e+06,122.525,126.859,22500
2014-08-10,194.824,422.712,250.679,1002.17,283.904,6.34658e+06,139.847,126.73,22500
2014-08-17,222.31,482.337,286.055,1290.77,323.968,6.34617e+06,159.582,164.317,22500
2014-08-24,253.665,550.356,326.41,1620.08,369.667,6.3457e+06,182.092,202.122,22500
2014-08-31,289.432,627.943,372.446,1995.84,421.799,6.34516e+06,207.771,197.571,22500
2014-09-07,330.229,716.437,424.958,2424.59,481.264,6.34455e+06,237.063,205.079,22500
2014-09-14,376.76,817.361,484.854,2913.78,549.088,6.34386e+06,270.472,259.705,22500
2014-09-21,429.823,932.448,553.165,3471.91,626.439,6.34306e+06,308.574,314.181,22500
2014-09-28,490.33,1063.67,631.066,4108.66,714.646,6.34216e+06,352.023,390.172,22500
2014-07-13,100.952,220.976,135.738,142.559,147.303,6.34785e+06,84.1649,92.3568,22550
2014-07-20,116.689,254.485,151.09,296.298,169.091,6.34763e+06,96.6136,107.514,22550
2014-07-27,133.922,291.244,172.115,469.963,194.691,6.34738e+06,111.241,128.616,22550
2014-08-03,153.31,333.198,196.841,668.319,223.082,6.3471e+06,127.462,112.001,22550
2014-08-10,175.42,381.209,225.217,895.239,255.296,6.34677e+06,145.869,131.704,22550
2014-08-17,200.7,436.137,257.683,1154.87,292.097,6.3464e+06,166.896,164.152,22550
2014-08-24,229.617,498.967,294.818,1451.92,334.188,6.34597e+06,190.945,211.037,22550
2014-08-31,262.692,570.828,337.293,1791.78,382.331,6.34549e+06,218.453,215.198,22550
2014-09-07,300.52,653.012,385.876,2180.59,437.395,6.34493e+06,249.915,312.506,22550
2014-09-14,343.78,746.994,441.438,2625.4,500.37,6.34429e+06,285.897,267.078,22550
2014-09-21,393.249,854.457,504.979,3134.24,572.385,6.34356e+06,327.044,204.753,22550
2014-09-28,449.81,977.321,577.637,3716.32,654.731,6.34273e+06,374.094,283.023,22550
2014-07-13,130.575,285.489,175.737,184.634,190.691,6.34767e+06,79.9913,94.516,22600
2014-07-20,150.643,328.181,195.327,383.537,218.493,6.34739e+06,91.6536,105.596,22600
2014-07-27,172.58,374.92,222.122,607.852,251.11,6.34707e+06,105.336,120.213,22600
2014-08-03,197.214,428.164,253.582,863.607,287.216,6.34671e+06,120.482,111.782,22600
2014-08-10,225.252,488.983,289.623,1155.67,328.106,6.34629e+06,137.634,112.371,22600
2014-08-17,257.253,558.437,330.781,1489.25,374.732,6.34581e+06,157.193,111.102,22600
2014-08-24,293.789,637.734,377.772,1870.22,427.961,6.34527e+06,179.522,149.983,22600
2014-08-31,335.501,728.259,431.422,2305.3,488.732,6.34465e+06,205.014,192.936,22600
2014-09-07,383.116,831.591,492.669,2802.16,558.107,6.34394e+06,234.116,171.009,22600
2014-09-14,437.465,949.528,562.584,3369.54,637.298,6.34313e+06,267.335,226.701,22600
2014-09-21,499.493,1084.12,642.385,4017.42,727.683,6.34221e+06,305.25,394.666,22600
2014-09-28,570.276,1237.69,733.458,4757.18,830.832,6.34115e+06,348.518,257.438,22600
2014-07-13,98.0306,215.599,131.282,137.679,142.531,6.34787e+06,77.668,112.941,22650
2014-07-20,114.202,250.169,147.022,286.804,164.865,6.34765e+06,89.8386,57.5467,22650
2014-07-27,132.042,288.4,168.685,456.409,191.268,6.3474e+06,104.226,127.867,22650
2014-08-03,152.267,332.36,194.33,651.539,220.775,6.34712e+06,120.305,160.777,22650
2014-08-10,175.502,383.035,223.974,876.402,254.507,6.34679e+06,138.687,162.822,22650
2014-08-17,202.266,441.436,258.138,1135.57,293.328,6.34641e+06,159.841,184.504,22650
2014-08-24,233.103,508.729,297.501,1434.26,338.054,6.34598e+06,184.213,169.142,22650
2014-08-31,268.633,586.257,342.857,1778.49,389.587,6.34547e+06,212.294,216,22650
2014-09-07,309.566,675.573,395.112,2175.19,448.96,6.34489e+06,244.648,273.784,22650
2014-09-14,356.721,778.458,455.314,2632.35,517.359,6.34423e+06,281.92,305.166,22650
2014-09-21,411.037,896.961,524.664,3159.15,596.151,6.34346e+06,324.855,362.902,22650
2014-09-28,473.596,1033.44,604.545,3766.17,686.903,6.34257e+06,374.309,275.403,22650
2014-07-13,79.8662,174.695,107.45,112.875,116.598,6.34798e+06,84.5716,79.5847,22700
2014-07-20,92.2073,200.96,119.495,234.522,133.691,6.3478e+06,96.9693,82.7605,22700
2014-07-27,105.708,229.737,135.977,371.796,153.757,6.34761e+06,111.524,81.2493,22700
2014-08-03,120.88,262.546,155.342,528.417,175.986,6.34738e+06,127.647,115.722,22700
2014-08-10,138.163,300.053,177.543,707.397,201.181,6.34713e+06,145.921,137.651,22700
2014-08-17,157.904,342.919,202.916,911.956,229.933,6.34683e+06,166.776,151.605,22700
2014-08-24,180.461,391.901,231.909,1145.75,262.783,6.3465e+06,190.603,183.458,22700
2014-08-31,206.236,447.869,265.038,1412.94,300.319,6.34612e+06,217.829,209.584,22700
2014-09-07,235.685,511.812,302.891,1718.29,343.208,6.34568e+06,248.937,268.494,22700
2014-09-14,269.331,584.864,346.139,2067.25,392.209,6.34518e+06,284.479,356.896,22700
2014-09-21,307.767,668.315,395.55,2466.03,448.191,6.34461e+06,325.084,391.311,22700
2014-09-28,351.674,763.637,451.995,2921.73,512.142,6.34396e+06,371.469,406.654,22700
2014-07-13,91.505,198.9,123.76,130.257,134.219,6.34791e+06,88.5954,88.2107,22750
2014-07-20,104.557,226.535,136.538,269.834,152.356,6.34771e+06,100.567,120.837,22750
2014-07-27,118.698,256.491,153.91,425.939,173.477,6.34749e+06,114.509,132.374,22750
2014-08-03,134.43,290.309,174.143,602.346,196.639,6.34725e+06,129.798,163.946,22750
2014-08-10,152.175,328.597,197.12,802.001,222.632,6.34697e+06,146.955,137.701,22750
2014-08-17,172.249,371.935,223.129,1028,252.008,6.34665e+06,166.345,152.01,22750
2014-08-24,194.965,420.98,252.561,1283.81,285.247,6.3463e+06,188.286,188.433,22750
2014-08-31,220.672,476.479,285.868,1573.37,322.861,6.34589e+06,213.114,246.371,22750
2014-09-07,249.76,539.277,323.559,1901.1,365.425,6.34544e+06,241.21,242.028,22750
2014-09-14,282.673,610.329,366.207,2272.04,413.588,6.34492e+06,273.001,266.202,22750
2014-09-21,319.911,690.713,414.462,2691.87,468.081,6.34433e+06,308.971,384.795,22750
2014-09-28,362.038,781.647,469.057,3167,529.731,6.34367e+06,349.665,368.121,22750
2014-07-13,64.3484,141.976,85.9406,90.0379,93.3318,6.34807e+06,82.1753,80.7153,22800
2014-07-20,75.3629,165.585,96.6436,187.853,108.518,6.34792e+06,95.5466,106.698,22800
2014-07-27,87.5756,191.839,111.426,299.618,126.547,6.34776e+06,111.42,86.4296,22800
2014-08-03,101.493,222.183,129.005,428.84,146.8,6.34757e+06,129.253,150.044,22800
2014-08-10,117.565,257.339,149.425,578.494,170.074,6.34735e+06,149.744,130.165,22800
2014-08-17,136.17,298.06,173.077,751.837,196.995,6.34709e+06,173.448,209.881,22800
2014-08-24,157.717,345.218,200.467,952.616,228.169,6.34679e+06,200.895,242.117,22800
2014-08-31,182.668,399.828,232.187,1185.17,264.269,6.34645e+06,232.68,263.804,22800
2014-09-07,211.562,463.063,268.919,1454.51,306.075,6.34605e+06,269.488,234.898,22800
2014-09-14,245.018,536.282,311.453,1766.46,354.483,6.34559e+06,312.109,369.575,22800
2014-09-21,283.755,621.052,360.703,2127.74,410.533,6.34506e+06,361.46,445.266,22800
2014-09-28,328.603,719.191,417.726,2546.14,475.427,6.34444e+06,418.597,418.058,22800
2014-07-13,90.0467,196.57,121.351,127.556,131.658,6.34791e+06,84.3699,65.8725,22850
2014-07-20,103.618,225.406,134.61,264.772,150.475,6.34772e+06,96.4281,103.787,22850
2014-07-27,118.419,256.893,152.716,419.175,172.508,6.3475e+06,110.548,58.4917,22850
2014-08-03,134.999,292.677,173.928,594.799,196.838,6.34725e+06,126.138,135.799,22850
2014-08-10,153.826,333.459,198.175,794.879,224.325,6.34697e+06,143.753,158.119,22850
2014-08-17,175.264,379.924,225.8,1022.85,255.596,6.34665e+06,163.792,125.718,22850
2014-08-24,199.684,432.854,257.268,1282.6,291.213,6.34628e+06,186.617,202.36,22850
2014-08-31,227.5,493.144,293.113,1578.54,331.785,6.34586e+06,212.616,191.678,22850
2014-09-07,259.184,561.811,333.942,1915.7,377.998,6.34538e+06,242.23,170.469,22850
2014-09-14,295.269,640.015,380.447,2299.83,430.633,6.34483e+06,275.96,240.814,22850
2014-09-21,336.364,729.072,433.411,2737.45,490.578,6.34421e+06,314.374,315.651,22850
2014-09-28,383.16,830.478,493.728,3235.97,558.842,6.34351e+06,358.12,338.965,22850
2014-07-13,76.488,166.842,103.146,108.445,111.899,6.348e+06,78.0172,78.0413,22900
2014-07-20,87.9041,191.083,114.303,225.021,127.733,6.34783e+06,89.0571,79.9132,22900
2014-07-27,100.34,217.518,129.526,356.054,146.256,6.34765e+06,101.972,125.956,22900
2014-08-03,114.252,247.526,147.344,504.921,166.684,6.34744e+06,116.214,102.498,22900
2014-08-10,130.033,281.684,167.686,674.316,189.737,6.3472e+06,132.287,156.937,22900
2014-08-17,147.981,320.559,190.836,867.098,215.932,6.34692e+06,150.551,112.258,22900
2014-08-24,168.402,364.791,217.176,1086.49,245.734,6.34661e+06,171.328,139.17,22900
2014-08-31,191.637,415.117,247.146,1336.16,279.642,6.34626e+06,194.97,255.332,22900
2014-09-07,218.072,472.372,281.244,1620.29,318.221,6.34586e+06,221.868,248.63,22900
2014-09-14,248.147,537.507,320.038,1943.6,362.112,6.3454e+06,252.469,260.671,22900
2014-09-21,282.359,611.599,364.172,2311.52,412.044,6.34488e+06,287.282,413.751,22900
2014-09-28,321.275,695.875,414.377,2730.15,468.843,6.34429e+06,326.883,427.958,22900
2014-07-13,102.506,222.908,138.589,145.846,150.308,6.34784e+06,89.1586,93.4546,22950
2014-07-20,117.21,254.051,152.981,302.189,170.735,6.34762e+06,101.275,84.184,22950
2014-07-27,133.15,287.833,172.556,477.151,194.536,6.34738e+06,115.394,118.635,22950
2014-08-03,150.896,325.995,195.367,674.994,220.655,6.3471e+06,130.887,165.301,22950
2014-08-10,170.926,369.227,221.289,899.058,249.985,6.34679e+06,148.284,162.925,22950
2014-08-17,193.597,418.193,250.649,1152.85,283.153,6.34643e+06,167.958,141.844,22950
2014-08-24,219.27,473.642,283.894,1440.31,320.706,6.34603e+06,190.234,198.484,22950
2014-08-31,248.34,536.425,321.54,1765.89,363.229,6.34558e+06,215.457,202.171,22950
2014-09-07,281.254,607.508,364.166,2134.65,411.377,6.34506e+06,244.018,188.018,22950
2014-09-14,318.518,687.981,412.428,2552.27,465.89,6.34448e+06,276.354,229.86,22950
2014-09-21,360.703,779.077,467.067,3025.24,527.606,6.34382e+06,312.961,273.138,22950
2014-09-28,408.455,882.188,528.922,3560.85,597.468,6.34307e+06,354.402,316.36,22950
2014-07-13,81.0528,175.907,109.766,115.582,119.025,6.34797e+06,80.0867,52.2694,23000
2014-07-20,92.3783,199.856,120.861,239.261,134.775,6.3478e+06,90.6837,91.535,23000
2014-07-27,104.619,225.748,135.922,377.28,153.08,6.34761e+06,103.001,109.961,23000
2014-08-03,118.204,254.908,153.426,532.882,173.106,6.34739e+06,116.475,96.2972,23000
2014-08-10,133.491,287.844,173.259,708.573,195.524,6.34715e+06,131.559,137.3,23000
2014-08-17,150.742,325.038,195.655,906.976,220.799,6.34687e+06,148.565,109.662,23000
2014-08-24,170.22,367.031,220.94,1131.02,249.331,6.34656e+06,167.763,178.395,23000
2014-08-31,192.209,414.44,249.487,1384.02,281.543,6.34621e+06,189.437,152.214,23000
2014-09-07,217.034,467.959,281.716,1669.7,317.91,6.34581e+06,213.907,189.291,23000
2014-09-14,245.057,528.372,318.099,1992.28,358.964,6.34537e+06,241.53,275.831,23000
2014-09-21,276.69,596.563,359.169,2356.52,405.307,6.34486e+06,272.712,273.994,23000
2014-09-28,312.394,673.526,405.529,2767.77,457.616,6.34429e+06,307.909,278.121,23000
2014-07-13,117.195,255.336,158.196,166.382,171.602,6.34775e+06,84.7448,92.8871,23050
2014-07-20,134.427,291.889,175.046,345.049,195.517,6.3475e+06,96.5553,88.1384,23050
2014-07-27,153.162,331.668,198.009,545.535,223.45,6.34722e+06,110.35,92.572,23050
2014-08-03,174.082,376.737,224.84,772.901,254.196,6.3469e+06,125.534,110.175,23050
2014-08-10,197.764,427.943,255.416,1031.15,288.825,6.34654e+06,142.635,159.375,23050
2014-08-17,224.648,486.106,290.147,1324.52,328.099,6.34612e+06,162.031,158.653,23050
2014-08-24,255.178,552.158,329.588,1657.77,372.695,6.34566e+06,184.054,172.297,23050
2014-08-31,289.848,627.162,374.378,2036.32,423.338,6.34512e+06,209.064,250.451,23050
2014-09-07,329.214,712.324,425.239,2466.3,480.844,6.34452e+06,237.463,182.677,23050
2014-09-14,373.91,809.009,482.99,2954.69,546.139,6.34383e+06,269.709,222.506,23050
2014-09-21,424.651,918.765,548.557,3509.39,620.269,6.34305e+06,306.317,295.879,23050
2014-09-28,482.25,1043.35,622.992,4139.38,704.422,6.34216e+06,347.876,348.364,23050
2014-07-13,84.1475,180.631,114.996,121.485,124.574,6.34795e+06,81.2636,127.838,23100
2014-07-20,94.2003,201.7,124.897,250.215,138.632,6.34778e+06,90.4338,107.255,23100
2014-07-27,104.885,224.059,138.187,391.673,154.747,6.34759e+06,100.946,61.8691,23100
2014-08-03,116.538,248.813,153.403,548.529,172.072,6.34738e+06,112.248,178.446,23100
2014-08-10,129.43,276.309,170.363,722.704,191.135,6.34715e+06,124.683,144.047,23100
2014-08-17,143.736,306.845,189.198,916.137,212.268,6.34689e+06,138.469,26.8806,23100
2014-08-24,159.621,340.751,210.111,1130.95,235.729,6.34661e+06,153.773,130.191,23100
2014-08-31,177.257,378.395,233.33,1369.51,261.777,6.34629e+06,170.765,197.649,23100
2014-09-07,196.837,420.188,259.109,1634.43,290.697,6.34594e+06,189.63,238.484,23100
2014-09-14,218.575,466.583,287.73,1928.61,322.804,6.34555e+06,210.575,215.401,23100
2014-09-21,242.706,518.085,319.503,2255.29,358.447,6.34511e+06,233.826,349.628,23100
2014-09-28,269.492,575.253,354.775,2618.03,398.014,6.34463e+06,259.637,176.158,23100
2014-07-13,112.951,246.005,152.511,160.42,165.43,6.34778e+06,84.6508,112.057,23150
2014-07-20,129.485,281.069,168.682,332.63,188.382,6.34754e+06,96.3953,116.87,23150
2014-07-27,147.453,319.206,190.712,525.778,215.177,6.34727e+06,110.107,145.491,23150
2014-08-03,167.505,362.391,216.44,744.705,244.656,6.34696e+06,125.191,124.935,23150
2014-08-10,190.193,411.431,245.745,993.24,277.839,6.34661e+06,142.171,128.212,23150
2014-08-17,215.935,467.106,279.014,1275.42,315.454,6.34621e+06,161.419,163.105,23150
2014-08-24,245.153,530.301,316.777,1595.81,358.144,6.34576e+06,183.263,184.203,23150
2014-08-31,278.315,602.023,359.638,1959.54,406.598,6.34525e+06,208.057,216.345,23150
2014-09-07,315.951,683.416,408.284,2372.49,461.59,6.34467e+06,236.197,290.059,23150
2014-09-14,358.661,775.777,463.491,2841.28,523.998,6.34401e+06,268.131,255.227,23150
2014-09-21,407.123,880.573,526.14,3373.45,594.816,6.34326e+06,304.369,337.687,23150
2014-09-28,462.108,999.464,597.226,3977.53,675.169,6.34241e+06,345.486,355.075,23150
2014-07-13,93.6585,203.507,126.711,133.377,137.415,6.34789e+06,91.1533,83.6282,23200
2014-07-20,106.954,231.648,139.729,276.252,155.893,6.3477e+06,103.411,93.3192,23200
2014-07-27,121.35,262.135,157.421,435.961,177.402,6.34747e+06,117.678,127.053,23200
2014-08-03,137.357,296.532,178.017,616.341,200.976,6.34722e+06,133.316,143.671,23200
2014-08-10,155.402,335.453,201.393,820.38,227.415,6.34694e+06,150.854,166.037,23200
2014-08-17,175.803,379.484,227.839,1051.21,257.278,6.34662e+06,170.664,159.647,23200
2014-08-24,198.877,429.284,257.749,1312.35,291.05,6.34625e+06,193.066,206.159,23200
2014-08-31,224.974,485.607,291.577,1607.77,329.245,6.34584e+06,218.403,264.196,23200
2014-09-07,254.487,549.3,329.836,1941.95,372.443,6.34537e+06,247.058,243.197,23200
2014-09-14,287.861,621.324,373.102,2319.98,421.295,6.34485e+06,279.463,314.871,23200
2014-09-21,325.6,702.762,422.03,2747.59,476.536,6.34425e+06,316.107,209.609,23200
2014-09-28,368.269,794.835,477.353,3231.26,538.997,6.34358e+06,357.54,388.119,23200
2014-07-13,102.824,224.621,138.488,145.537,150.26,6.34784e+06,80.7624,57.4592,23250
2014-07-20,118.459,257.86,153.757,302.198,171.93,6.34762e+06,92.4097,120.152,23250
2014-07-27,135.529,294.198,174.624,478.658,197.327,6.34737e+06,106.06,103.428,23250
2014-08-03,154.671,335.541,199.095,679.588,225.402,6.34708e+06,121.15,107.583,23250
2014-08-10,176.431,382.707,227.094,908.744,257.156,6.34676e+06,138.217,154.246,23250
2014-08-17,201.235,436.502,259.03,1170.13,293.319,6.34638e+06,157.654,190.261,23250
2014-08-24,229.52,497.845,295.446,1468.26,334.551,6.34596e+06,179.816,146.044,23250
2014-08-31,261.772,567.791,336.971,1808.31,381.568,6.34548e+06,205.086,134.385,23250
2014-09-07,298.545,647.537,384.319,2196.13,435.177,6.34492e+06,233.901,192.122,23250
2014-09-14,340.469,738.451,438.303,2638.45,496.299,6.34429e+06,266.753,373.422,23250
2014-09-21,388.262,842.084,499.848,3142.88,565.98,6.34358e+06,304.205,327.576,23250
2014-09-28,442.74,960.205,570.008,3718.14,645.412,6.34276e+06,346.898,400.904,23250
2014-07-13,158.955,342.451,216.58,228.556,234.696,6.3475e+06,89.5206,97.3989,23300
2014-07-20,178.999,384.58,236.289,471.522,262.674,6.34718e+06,100.193,98.354,23300
2014-07-27,200.419,429.558,262.837,739.865,294.891,6.34682e+06,112.481,106.315,23300
2014-08-03,223.91,479.627,293.379,1039.04,329.721,6.34641e+06,125.766,83.1093,23300
2014-08-10,250.039,535.54,327.601,1373.08,368.257,6.34596e+06,140.465,113.851,23300
2014-08-17,279.192,597.963,365.811,1746.08,411.209,6.34546e+06,156.848,183.177,23300
2014-08-24,311.731,667.639,408.46,2162.57,459.143,6.3449e+06,175.132,162.614,23300
2014-08-31,348.049,745.402,456.062,2627.62,512.645,6.34427e+06,195.54,216.025,23300
2014-09-07,388.579,832.18,509.191,3146.84,572.357,6.34357e+06,218.316,180.767,23300
2014-09-14,433.807,929.009,568.481,3726.54,638.992,6.34279e+06,243.732,227.513,23300
2014-09-21,484.271,1037.04,634.642,4373.73,713.345,6.34192e+06,272.093,292.532,23300
2014-09-28,540.571,1157.56,708.46,5096.21,796.302,6.34095e+06,303.736,240.859,23300
2014-07-13,105.739,230.074,142.888,150.343,154.979,6.34782e+06,87.6489,78.9862,23350
2014-07-20,121.024,262.464,157.845,311.593,176.208,6.3476e+06,99.655,76.6111,23350
2014-07-27,137.611,297.636,178.201,492.199,200.962,6.34734e+06,113.655,117.435,23350
2014-08-03,156.093,337.404,201.942,696.611,228.152,6.34706e+06,129.033,99.5386,23350
2014-08-10,176.973,382.497,228.944,928.322,258.714,6.34673e+06,146.317,160.566,23350
2014-08-17,200.629,433.616,259.556,1191.02,293.306,6.34637e+06,165.881,142.472,23350
2014-08-24,227.44,491.554,294.25,1488.83,332.507,6.34595e+06,188.051,127.055,23350
2014-08-31,257.826,557.216,333.571,1826.45,376.937,6.34547e+06,213.178,168.283,23350
2014-09-07,292.262,631.624,378.134,2209.17,427.288,6.34494e+06,241.655,306.912,23350
2014-09-14,331.283,715.937,428.634,2643.02,484.348,6.34433e+06,273.925,246.915,23350
2014-09-21,375.497,811.464,485.859,3134.8,549.003,6.34364e+06,310.491,300.922,23350
2014-09-28,425.59,919.686,550.697,3692.22,622.258,6.34286e+06,351.921,338.687,23350
2014-07-13,114.684,247.093,156.249,164.886,169.32,6.34777e+06,92.8786,117.558,23400
2014-07-20,129.162,277.528,170.485,340.179,189.529,6.34753e+06,103.964,99.3034,23400
2014-07-27,144.638,310.028,189.663,533.804,212.803,6.34727e+06,116.731,124.291,23400
2014-08-03,161.613,346.213,211.73,749.706,237.969,6.34698e+06,130.535,125.824,23400
2014-08-10,180.499,386.632,236.461,990.794,265.82,6.34666e+06,145.812,191.26,23400
2014-08-17,201.575,431.768,264.08,1260.04,296.868,6.34629e+06,162.844,151.177,23400
2014-08-24,225.106,482.162,294.915,1560.74,331.527,6.34589e+06,181.856,193.899,23400
2014-08-31,251.376,538.421,329.34,1896.53,370.222,6.34543e+06,203.081,218.186,23400
2014-09-07,280.703,601.223,367.772,2271.52,413.421,6.34493e+06,226.777,234.85,23400
2014-09-14,313.439,671.323,410.675,2690.26,461.644,6.34436e+06,253.229,264.154,23400
2014-09-21,349.978,749.562,458.566,3157.84,515.471,6.34373e+06,282.756,270.929,23400
2014-09-28,390.758,836.879,512.018,3679.94,575.548,6.34303e+06,315.711,299.065,23400
2014-07-13,140.114,301.994,190.839,201.366,206.81,6.34762e+06,90.9468,103.645,23450
2014-07-20,157.897,339.385,208.321,415.511,231.627,6.34733e+06,101.86,110.387,23450
2014-07-27,176.913,379.335,231.879,652.171,260.219,6.34701e+06,114.434,109.069,23450
2014-08-03,197.784,423.839,259,916.203,291.152,6.34665e+06,128.037,146.171,23450
2014-08-10,221.016,473.573,289.409,1211.2,325.403,6.34625e+06,143.099,149.426,23450
2014-08-17,246.955,529.139,323.386,1540.83,363.606,6.34581e+06,159.899,161.401,23450
2014-08-24,275.928,591.207,361.337,1909.15,406.272,6.34531e+06,178.662,216.753,23450
2014-08-31,308.29,660.529,403.728,2320.68,453.928,6.34476e+06,199.619,225.45,23450
2014-09-07,344.432,737.948,451.075,2780.49,507.156,6.34414e+06,223.027,270.376,23450
2014-09-14,384.795,824.399,503.953,3294.21,566.599,6.34344e+06,249.168,302.17,23450
2014-09-21,429.864,920.928,563.002,3868.14,632.979,6.34267e+06,278.359,255.097,23450
2014-09-28,480.185,1028.7,628.938,4509.31,707.098,6.3418e+06,310.953,347.848,23450
2014-07-13,130.189,283.916,175.595,184.629,190.492,6.34768e+06,88.5049,106.416,23500
2014-07-20,149.564,325.049,194.533,383.061,217.37,6.3474e+06,100.993,104.432,23500
2014-07-27,170.661,369.884,220.368,606.028,248.802,6.34708e+06,115.596,86.9491,23500
2014-08-03,194.254,420.756,250.592,859.254,283.451,6.34673e+06,131.695,131.267,23500
2014-08-10,221.001,478.637,285.083,1147.3,322.533,6.34632e+06,149.853,167.685,23500
2014-08-17,251.407,544.476,324.318,1474.98,366.922,6.34585e+06,170.476,144.101,23500
2014-08-24,285.986,619.351,368.938,1847.76,417.397,6.34533e+06,193.928,148.574,23500
2014-08-31,325.309,704.493,419.68,2271.81,474.797,6.34473e+06,220.597,227.499,23500
2014-09-07,370.021,801.3,477.381,2754.18,540.069,6.34405e+06,250.922,246.646,23500
2014-09-14,420.858,911.358,542.989,3302.86,614.283,6.34327e+06,285.403,305.021,23500
2014-09-21,478.65,1036.47,617.582,3926.92,698.657,6.34239e+06,324.605,426.883,23500
2014-09-28,544.341,1178.66,702.378,4636.69,794.569,6.34139e+06,369.167,391.265,23500
2014-07-13,142.173,307.377,193.149,203.617,209.371,6.3476e+06,91.5383,116.062,23550
2014-07-20,161.026,347.119,211.656,420.752,235.642,6.34731e+06,103.024,104.499,23550
2014-07-27,181.284,389.805,236.675,661.759,266.026,6.34698e+06,116.308,103.497,23550
2014-08-03,203.625,437.585,265.599,931.896,299.06,6.34661e+06,130.751,124.376,23550
2014-08-10,228.614,491.231,298.179,1235.13,335.815,6.3462e+06,146.82,125.136,23550
2014-08-17,256.645,551.449,334.753,1575.56,377.004,6.34573e+06,164.828,101.335,23550
2014-08-24,288.103,619.029,375.797,1957.74,423.223,6.34521e+06,185.035,113.81,23550
2014-08-31,323.405,694.862,421.857,2386.77,475.09,6.34462e+06,207.712,250.997,23550
2014-09-07,363.016,779.948,473.544,2868.37,533.291,6.34397e+06,233.158,206.541,23550
2014-09-14,407.458,875.407,531.539,3408.97,598.595,6.34323e+06,261.709,238.637,23550
2014-09-21,457.317,982.491,596.608,4015.77,671.86,6.3424e+06,293.741,395.692,23550
2014-09-28,513.244,1102.6,669.603,4696.82,754.049,6.34147e+06,329.674,323.777,23550
2014-07-13,89.0911,192.06,121.325,128.01,131.481,6.34792e+06,87.0432,62.3917,23600
2014-07-20,100.431,215.907,132.471,264.167,147.303,6.34774e+06,97.5183,116.368,23600
2014-07-27,112.562,241.399,147.496,414.682,165.539,6.34753e+06,109.591,98.5599,23600
2014-08-03,125.881,269.808,164.798,582.656,185.277,6.34731e+06,122.657,85.0204,23600
2014-08-10,140.714,301.568,184.206,770.387,207.14,6.34705e+06,137.131,180.134,23600
2014-08-17,157.281,337.069,205.9,980.229,231.535,6.34677e+06,153.282,177.892,23600
2014-08-24,175.796,376.743,230.143,1214.78,258.793,6.34645e+06,171.327,227.632,23600
2014-08-31,196.485,421.075,257.234,1476.94,289.254,6.3461e+06,191.493,210.62,23600
2014-09-07,219.604,470.611,287.506,1769.96,323.292,6.3457e+06,214.027,171.805,23600
2014-09-14,245.435,525.958,321.332,2097.46,361.326,6.34526e+06,239.206,218.049,23600
2014-09-21,274.296,587.794,359.128,2463.49,403.821,6.34477e+06,267.339,216.331,23600
2014-09-28,306.54,656.874,401.355,2872.56,451.298,6.34421e+06,298.77,449.294,23600
2014-07-13,104.21,222.708,142.93,151.191,154.775,6.34783e+06,99.0559,128.12,23650
2014-07-20,115.821,246.957,154.392,310.778,171.049,6.34762e+06,109.471,124.791,23650
2014-07-27,128.081,272.499,169.706,485.066,189.602,6.34739e+06,121.345,131.119,23650
2014-08-03,141.357,300.58,187.135,677.045,209.408,6.34714e+06,134.021,69.6749,23650
2014-08-10,155.943,331.563,206.434,888.797,231.05,6.34687e+06,147.872,163.865,23650
2014-08-17,172.021,365.74,227.723,1122.39,254.879,6.34656e+06,163.122,136.001,23650
2014-08-24,189.751,403.432,251.2,1380.06,281.153,6.34623e+06,179.938,148.851,23650
2014-08-31,209.304,444.997,277.091,1664.3,310.128,6.34585e+06,198.482,302.434,23650
2014-09-07,230.866,490.831,305.643,1977.83,342.081,6.34544e+06,218.932,157.968,23650
2014-09-14,254.641,541.368,337.127,2323.66,377.315,6.34499e+06,241.482,275.857,23650
2014-09-21,280.855,597.087,371.844,2705.11,416.166,6.3445e+06,266.346,186.99,23650
2014-09-28,309.757,658.516,410.121,3125.83,459,6.34395e+06,293.76,352.428,23650
2014-07-13,84.1093,184.716,112.777,118.324,122.423,6.34795e+06,78.6913,43.0858,23700
2014-07-20,97.7511,213.844,126.064,246.315,141.278,6.34777e+06,90.811,76.0002,23700
2014-07-27,112.767,245.978,144.324,391.581,163.527,6.34756e+06,105.112,108.716,23700
2014-08-03,129.752,282.846,165.897,558.341,188.333,6.34731e+06,121.058,141.881,23700
2014-08-10,149.221,325.252,190.781,750.087,216.629,6.34703e+06,139.245,139.069,23700
2014-08-17,171.597,374.018,219.395,970.593,249.121,6.34671e+06,160.131,138.859,23700
2014-08-24,197.324,430.085,252.294,1224.17,286.474,6.34635e+06,184.14,218.048,23700
2014-08-31,226.901,494.543,290.118,1515.76,329.418,6.34592e+06,211.744,224.449,23700
2014-09-07,260.903,568.64,333.602,1851.07,378.789,6.34544e+06,243.479,181.617,23700
2014-09-14,299.989,653.813,383.59,2236.62,435.544,6.34488e+06,279.96,303.503,23700
2014-09-21,344.916,751.709,441.052,2679.94,500.782,6.34423e+06,321.894,284.616,23700
2014-09-28,396.551,864.215,507.1,3189.66,575.766,6.34349e+06,370.092,473.994,23700
2014-07-13,121.276,264.392,163.62,172.055,177.495,6.34773e+06,82.6798,78.7921,23750
2014-07-20,139.25,302.538,181.19,356.917,202.432,6.34747e+06,94.2959,114.153,23750
2014-07-27,158.81,344.094,205.15,564.538,231.582,6.34718e+06,107.874,107.066,23750
2014-08-03,180.673,391.222,233.17,800.217,263.698,6.34684e+06,122.835,130.069,23750
2014-08-10,205.446,444.817,265.129,1068.16,299.906,6.34647e+06,139.701,181.965,23750
2014-08-17,233.596,505.751,301.467,1372.84,341.01,6.34604e+06,158.847,156.634,23750
2014-08-24,265.593,575.016,342.771,1719.26,387.727,6.34555e+06,180.609,171.825,23750
2014-08-31,301.962,653.74,389.72,2113.14,440.828,6.34499e+06,205.344,221.65,23750
2014-09-07,343.296,743.209,443.083,2560.96,501.182,6.34436e+06,233.458,258.128,23750
2014-09-14,390.27,844.878,503.73,3070.08,569.774,6.34364e+06,265.409,269.923,23750
2014-09-21,443.647,960.399,572.65,3648.88,647.719,6.34282e+06,301.717,313.607,23750
2014-09-28,504.294,1091.64,650.963,4306.85,736.285,6.3419e+06,342.972,343.109,23750
2014-07-13,121.374,260.382,165.951,175.347,179.765,6.34773e+06,98.1992,104.204,23800
2014-07-20,135.739,290.474,180.105,361.052,199.859,6.34748e+06,109.176,59.5984,23800
2014-07-27,150.993,322.374,199.09,564.945,222.878,6.34721e+06,121.75,147.096,23800
2014-08-03,167.612,357.654,220.806,790.826,247.597,6.34691e+06,135.254,96.0851,23800
2014-08-10,185.978,396.803,244.989,1041.41,274.77,6.34658e+06,150.097,104.7,23800
2014-08-17,206.339,440.236,271.819,1319.45,304.862,6.34621e+06,166.536,144.021,23800
2014-08-24,228.923,488.412,301.578,1627.92,338.234,6.3458e+06,184.766,163.685,23800
2014-08-31,253.971,541.842,334.584,1970.16,375.248,6.34535e+06,204.985,114.513,23800
2014-09-07,281.75,601.096,371.191,2349.86,416.3,6.34485e+06,227.41,208.141,23800
2014-09-14,312.557,666.804,411.789,2771.08,461.826,6.34429e+06,252.28,185.09,23800
2014-09-21,346.717,739.662,456.81,3238.37,512.311,6.34367e+06,279.858,151.546,23800
2014-09-28,384.593,820.44,506.732,3756.74,568.29,6.34298e+06,310.438,380.778,23800
2014-07-13,84.1755,183.541,113.549,119.397,123.18,6.34795e+06,76.9147,35.0047,23850
2014-07-20,96.6784,210.081,125.77,247.701,140.526,6.34777e+06,87.7451,71.6654,23850
2014-07-27,110.289,239.004,142.44,391.837,160.806,6.34757e+06,100.408,107.011,23850
2014-08-03,125.508,271.816,161.938,555.496,183.158,6.34734e+06,114.365,112.037,23850
2014-08-10,142.759,309.144,184.187,741.615,208.367,6.34707e+06,130.106,83.38,23850
2014-08-17,162.367,351.6,209.492,953.304,236.994,6.34677e+06,147.981,211.896,23850
2014-08-24,184.665,399.878,238.266,1194.07,269.542,6.34643e+06,168.304,190.451,23850
2014-08-31,210.019,454.774,270.985,1467.91,306.554,6.34605e+06,191.414,198.219,23850
2014-09-07,238.847,517.188,308.189,1779.34,348.638,6.34561e+06,217.692,285.638,23850
2014-09-14,271.623,588.148,350.49,2133.53,396.487,6.34511e+06,247.569,205.622,23850
2014-09-21,308.885,668.816,398.583,2536.32,450.887,6.34454e+06,281.537,170.755,23850
2014-09-28,351.244,760.512,453.258,2994.37,512.73,6.34389e+06,320.152,342.451,23850
2014-07-13,106.381,230.909,144.048,151.675,156.202,6.34782e+06,89.2257,103.689,23900
2014-07-20,121.274,262.406,158.639,313.996,176.912,6.34759e+06,101.056,57.9239,23900
2014-07-27,137.374,296.465,178.446,495.176,200.987,6.34734e+06,114.807,91.76,23900
2014-08-03,155.245,334.83,201.469,699.48,227.328,6.34706e+06,129.854,121.506,23900
2014-08-10,175.358,378.17,227.56,930.211,256.822,6.34674e+06,146.701,129.701,23900
2014-08-17,198.061,427.119,257.029,1190.82,290.08,6.34638e+06,165.699,190.971,23900
2014-08-24,223.696,482.393,290.303,1485.18,327.629,6.34597e+06,187.148,177.305,23900
2014-08-31,252.641,544.802,327.876,1817.63,370.028,6.34551e+06,211.367,223.262,23900
2014-09-07,285.321,615.261,370.299,2193.11,417.901,6.34499e+06,238.713,214.03,23900
2014-09-14,322.217,694.805,418.196,2617.16,471.95,6.3444e+06,269.587,302.999,23900
2014-09-21,363.867,784.594,472.27,3096.06,532.967,6.34373e+06,304.441,336.33,23900
2014-09-28,410.88,885.939,533.311,3636.86,601.844,6.34298e+06,343.784,338.6,23900
2014-07-13,110.298,238.817,149.663,157.704,162.254,6.34779e+06,88.8293,96.1316,23950
2014-07-20,125.228,270.325,164.307,326.101,183.04,6.34756e+06,100.209,110.055,23950
2014-07-27,141.305,304.254,184.134,513.401,207.128,6.34731e+06,113.396,109.846,23950
2014-08-03,159.08,342.322,207.104,723.81,233.378,6.34702e+06,127.768,135.68,23950
2014-08-10,179.008,385.164,233.036,960.533,262.655,6.34669e+06,143.796,145.108,23950
2014-08-17,201.415,433.366,262.213,1226.9,295.542,6.34633e+06,161.801,182.51,23950
2014-08-24,226.62,487.589,295.034,1526.61,332.531,6.34591e+06,182.051,175.871,23950
2014-08-31,254.971,548.579,331.953,1863.83,374.138,6.34545e+06,204.83,166.627,23950
2014-09-07,286.859,617.174,373.48,2243.24,420.938,6.34493e+06,230.451,213.406,23950
2014-09-14,322.723,694.318,420.187,2670.1,473.574,6.34434e+06,259.268,284.728,23950
2014-09-21,363.055,781.067,472.716,3150.35,532.77,6.34368e+06,291.675,283.281,23950
2014-09-28,408.407,878.608,531.788,3690.61,599.336,6.34294e+06,328.119,334.619,23950
2014-07-13,94.1147,205.232,126.947,133.481,137.716,6.34789e+06,88.1202,70.2792,24000
2014-07-20,108.11,234.941,140.626,276.932,157.13,6.34769e+06,100.543,83.6044,24000
2014-07-27,123.347,267.322,159.286,438.104,179.832,6.34746e+06,115.069,106.804,24000
2014-08-03,140.386,304.062,181.115,621.132,204.857,6.3472e+06,131.082,131.798,24000
2014-08-10,159.703,345.864,206.026,829.304,233.083,6.34691e+06,149.143,170.074,24000
2014-08-17,181.662,393.412,234.361,1066.11,265.14,6.34657e+06,169.655,185.113,24000
2014-08-24,206.635,447.487,266.585,1335.48,301.593,6.34619e+06,192.98,155.473,24000
2014-08-31,235.035,508.98,303.232,1641.88,343.048,6.34576e+06,219.506,198.331,24000
2014-09-07,267.329,578.902,344.905,1990.4,390.189,6.34527e+06,249.67,206.076,24000
2014-09-14,304.048,658.403,392.292,2386.8,443.793,6.34471e+06,283.97,270.589,24000
2014-09-21,345.797,748.788,446.173,2837.66,504.741,6.34407e+06,322.969,291.632,24000
2014-09-28,393.259,851.535,507.431,3350.44,574.033,6.34335e+06,367.306,299.162,24000
2014-07-13,60.9245,135.308,80.9116,84.5938,87.9243,6.34809e+06,67.3783,79.5368,24050
2014-07-20,72.1367,159.472,91.7704,177.065,103.33,6.34795e+06,79.1839,95.4987,24050
2014-07-27,84.6974,186.649,106.874,283.737,121.776,6.34779e+06,93.3198,95.7211,24050
2014-08-03,99.165,218.386,125.003,408.33,142.721,6.3476e+06,109.37,122.33,24050
2014-08-10,116.045,255.534,146.274,554.102,167.044,6.34738e+06,128.009,188.328,24050
2014-08-17,135.788,299.003,171.164,724.68,195.468,6.34712e+06,149.792,103.01,24050
2014-08-24,158.886,349.861,200.284,924.281,228.721,6.34682e+06,175.274,165.653,24050
2014-08-31,185.909,409.358,234.353,1157.84,267.624,6.34646e+06,205.086,198.611,24050
2014-09-07,217.522,478.959,274.209,1431.12,313.137,6.34605e+06,239.963,280.487,24050
2014-09-14,254.502,560.374,320.835,1750.87,366.378,6.34556e+06,280.763,298.499,24050
2014-09-21,297.757,655.6,375.376,2124.98,428.657,6.345e+06,328.489,298.46,24050
2014-09-28,348.349,766.971,439.171,2562.69,501.501,6.34433e+06,384.311,425.943,24050
2014-07-13,94.4714,205.193,127.852,134.595,138.648,6.34789e+06,84.3934,139.614,24100
2014-07-20,107.813,233.423,140.918,278.722,157.194,6.34769e+06,95.6819,103.082,24100
2014-07-27,122.25,263.985,158.668,439.743,178.771,6.34747e+06,108.815,119.577,24100
2014-08-03,138.293,298.445,179.319,621.497,202.405,6.34721e+06,123.201,156.187,24100
2014-08-10,156.367,337.415,202.745,826.966,228.895,6.34693e+06,139.325,92.6961,24100
2014-08-17,176.789,381.475,229.23,1059.28,258.797,6.3466e+06,157.526,149.893,24100
2014-08-24,199.872,431.278,259.168,1321.93,292.592,6.34624e+06,178.097,193.771,24100
2014-08-31,225.964,487.569,293.006,1618.88,330.791,6.34582e+06,201.349,314.957,24100
2014-09-07,255.453,551.189,331.254,1954.6,373.968,6.34536e+06,227.629,262.572,24100
2014-09-14,288.781,623.087,374.482,2334.14,422.765,6.34483e+06,257.332,128.606,24100
2014-09-21,326.445,704.333,423.336,2763.2,477.912,6.34423e+06,290.899,189.777,24100
2014-09-28,369.003,796.134,478.544,3248.22,540.23,6.34356e+06,328.831,283.674,24100
2014-07-13,120.639,264.175,162.153,170.281,175.976,6.34773e+06,80.3271,109.517,24150
2014-07-20,139.537,304.428,180.586,353.983,202.135,6.34747e+06,92.2676,92.1739,24150
2014-07-27,160.244,348.614,205.84,561.616,232.886,6.34717e+06,106.305,80.9153,24150
2014-08-03,183.555,399.073,235.555,798.913,267.011,6.34683e+06,121.881,91.6237,24150
2014-08-10,210.153,456.851,269.676,1070.55,305.755,6.34644e+06,139.566,144.267,24150
2014-08-17,240.583,522.99,308.736,1381.53,350.04,6.346e+06,159.781,166.383,24150
2014-08-24,275.41,598.686,353.44,1737.54,400.719,6.34548e+06,182.914,212.545,24150
2014-08-31,315.266,685.308,404.601,2145.1,458.718,6.3449e+06,209.389,163.36,24150
2014-09-07,360.874,784.425,463.149,2611.64,525.09,6.34423e+06,239.686,198.134,24150
2014-09-14,413.058,897.828,530.145,3145.68,601.037,6.34346e+06,274.352,209.312,24150
2014-09-21,472.761,1027.56,606.799,3756.96,687.929,6.34259e+06,314.016,295.865,24150
2014-09-28,541.056,1175.95,694.495,4456.59,787.335,6.34158e+06,359.391,348.161,24150
2014-07-13,108.622,238.284,145.78,153.003,158.233,6.3478e+06,83.5023,46.348,24200
2014-07-20,126.008,275.374,162.724,318.337,182.278,6.34757e+06,96.1911,125.989,24200
2014-07-27,145.113,316.212,185.982,505.689,210.61,6.3473e+06,111.142,124.848,24200
2014-08-03,166.682,362.982,213.417,720.394,242.141,6.34699e+06,127.782,108.409,24200
2014-08-10,191.363,416.683,245.006,966.846,278.041,6.34663e+06,146.727,188.949,24200
2014-08-17,219.679,478.327,281.269,1249.78,319.193,6.34622e+06,168.444,177.675,24200
2014-08-24,252.175,549.076,322.886,1574.58,366.418,6.34575e+06,193.365,190.051,24200
2014-08-31,289.469,630.264,370.649,1947.43,420.614,6.34521e+06,221.965,210.85,24200
2014-09-07,332.265,723.424,425.46,2375.43,482.808,6.34459e+06,254.786,240.495,24200
2014-09-14,381.369,830.311,488.356,2866.7,554.174,6.34388e+06,292.447,394.382,24200
2014-09-21,437.707,952.935,560.522,3430.59,636.057,6.34307e+06,335.658,252.719,24200
2014-09-28,502.335,1093.59,643.316,4077.8,729.994,6.34213e+06,385.23,370.73,24200
2014-07-13,78.4797,170.629,106.121,111.684,115.093,6.34798e+06,85.1307,79.9977,24250
2014-07-20,89.7104,194.413,117.115,231.386,130.696,6.34782e+06,96.672,111.319,24250
2014-07-27,101.883,220.205,132.064,365.31,148.873,6.34763e+06,110.117,86.7361,24250
2014-08-03,115.43,249.335,149.482,516.707,168.815,6.34742e+06,124.868,138.549,24250
2014-08-10,130.717,282.327,169.271,688.122,191.204,6.34718e+06,141.428,152.733,24250
2014-08-17,148.018,319.688,191.679,882.23,216.516,6.34691e+06,160.151,168.577,24250
2014-08-24,167.604,361.986,217.047,1102.03,245.169,6.3466e+06,181.344,203.353,24250
2014-08-31,189.778,409.871,245.767,1350.92,277.608,6.34625e+06,205.339,210.747,24250
2014-09-07,214.88,464.077,278.28,1632.74,314.331,6.34586e+06,232.502,203.702,24250
2014-09-14,243.295,525.434,315.087,1951.83,355.902,6.34541e+06,263.251,221.799,24250
2014-09-21,275.458,594.883,356.75,2313.13,402.959,6.34491e+06,298.057,290.897,24250
2014-09-28,311.861,673.483,403.909,2722.19,456.22,6.34434e+06,337.453,401.643,24250
2014-07-13,87.1609,189.85,117.68,123.781,127.65,6.34793e+06,86.9332,97.4032,24300
2014-07-20,99.9331,216.938,130.171,256.668,145.378,6.34775e+06,99.0066,96.4868,24300
2014-07-27,113.814,246.405,147.19,405.728,166.079,6.34754e+06,113.104,109.373,24300
2014-08-03,129.309,279.778,167.068,574.705,188.855,6.3473e+06,128.616,91.6154,24300
2014-08-10,146.844,317.683,189.713,766.56,214.499,6.34703e+06,146.08,168.865,24300
2014-08-17,166.742,360.725,215.426,984.419,243.573,6.34672e+06,165.88,153.166,24300
2014-08-24,189.332,409.59,244.618,1231.8,276.575,6.34637e+06,188.355,211.837,24300
2014-08-31,214.977,465.062,277.758,1512.7,314.042,6.34598e+06,213.871,241.669,24300
2014-09-07,244.089,528.029,315.378,1831.66,356.573,6.34553e+06,242.836,229.363,24300
2014-09-14,277.133,599.5,358.083,2193.8,404.853,6.34502e+06,275.716,154.068,24300
2014-09-21,314.639,680.616,406.557,2604.98,459.652,6.34444e+06,313.035,269.582,24300
2014-09-28,357.204,772.67,461.574,3071.81,521.847,6.34379e+06,355.392,166.115,24300
2014-07-13,158.979,344.412,215.617,227.164,233.769,6.3475e+06,93.28,88.3517,24350
2014-07-20,180.661,390.191,236.88,469.852,263.95,6.34717e+06,105.323,141.166,24350
2014-07-27,204.03,439.53,265.684,739.994,298.946,6.3468e+06,119.287,141.483,24350
2014-08-03,229.885,494.93,299.076,1043.72,337.117,6.34638e+06,134.518,122.326,24350
2014-08-10,258.894,557.324,336.802,1385.71,379.72,6.34591e+06,151.518,158.804,24350
2014-08-17,291.536,627.574,379.282,1770.85,427.612,6.34538e+06,170.628,206.782,24350
2014-08-24,328.28,706.653,427.1,2204.54,481.516,6.34478e+06,192.137,255.484,24350
2014-08-31,369.638,795.658,480.926,2692.91,542.192,6.34411e+06,216.349,244.744,24350
2014-09-07,416.186,895.825,541.51,3242.81,610.484,6.34335e+06,243.599,241.081,24350
2014-09-14,468.569,1008.54,609.695,3861.97,687.342,6.3425e+06,274.267,255.434,24350
2014-09-21,527.512,1135.36,686.426,4559.06,773.829,6.34154e+06,308.778,335.874,24350
2014-09-28,593.825,1278.03,772.762,5343.87,871.139,6.34046e+06,347.607,394.927,24350
2014-07-13,113.584,246.815,153.662,161.743,166.643,6.34777e+06,87.1688,93.2878,24400
2014-07-20,129.719,280.968,169.46,335.012,189.067,6.34753e+06,98.8985,90.5158,24400
2014-07-27,147.191,317.969,190.931,528.711,215.171,6.34727e+06,112.553,109.557,24400
2014-08-03,166.618,359.718,215.927,747.497,243.782,6.34696e+06,127.519,133.723,24400
2014-08-10,188.52,406.959,244.299,994.997,275.872,6.34662e+06,144.305,130.913,24400
2014-08-17,213.283,460.403,276.397,1275.02,312.118,6.34622e+06,163.265,163.083,24400
2014-08-24,241.29,520.851,312.701,1591.82,353.109,6.34578e+06,184.707,172.094,24400
2014-08-31,272.966,589.216,353.762,1950.23,399.472,6.34528e+06,208.958,207.259,24400
2014-09-07,308.789,666.526,400.2,2355.7,451.905,6.34472e+06,236.385,255.558,24400
2014-09-14,349.298,753.945,452.717,2814.38,511.2,6.34408e+06,267.402,319.433,24400
2014-09-21,395.103,852.786,512.103,3333.25,578.25,6.34336e+06,302.474,289.933,24400
2014-09-28,446.889,964.528,579.25,3920.16,654.059,6.34254e+06,342.129,396.381,24400
2014-07-13,92.2851,202.5,123.827,129.952,134.408,6.3479e+06,79.8374,78.5441,24450
2014-07-20,107.104,234.119,138.266,270.411,154.899,6.3477e+06,92.0087,79.7294,24450
2014-07-27,123.394,268.951,158.092,429.637,179.051,6.34747e+06,106.355,97.9856,24450
2014-08-03,141.794,308.86,181.488,612.184,205.944,6.34721e+06,122.329,116.009,24450
2014-08-10,162.858,354.703,208.439,821.81,236.577,6.3469e+06,140.525,162.833,24450
2014-08-17,187.035,407.352,239.39,1062.57,271.706,6.34655e+06,161.391,195.042,24450
2014-08-24,214.795,467.805,274.928,1339.07,312.038,6.34615e+06,185.348,142.038,24450
2014-08-31,246.668,537.211,315.732,1656.61,358.345,6.34569e+06,212.854,224.815,24450
2014-09-07,283.261,616.89,362.58,2021.27,411.512,6.34517e+06,244.435,280.977,24450
2014-09-14,325.268,708.357,416.364,2440.04,472.549,6.34456e+06,280.69,283.884,24450
2014-09-21,373.488,813.344,478.106,2920.91,542.615,6.34386e+06,322.309,390.036,24450
2014-09-28,428.833,933.837,548.977,3473.08,623.039,6.34307e+06,370.081,373.297,24450
2014-07-13,94.4836,205.746,127.595,134.22,138.401,6.34789e+06,83.5465,75.7806,24500
2014-07-20,108.282,235.005,141.092,278.28,157.557,6.34769e+06,95.1101,87.4993,24500
2014-07-27,123.274,266.82,159.476,439.813,179.917,6.34746e+06,108.608,131.149,24500
2014-08-03,140,302.836,180.94,622.857,204.509,6.3472e+06,123.453,101.357,24500
2014-08-10,158.92,343.727,205.383,830.6,232.185,6.34691e+06,140.159,150.703,24500
2014-08-17,180.382,390.139,233.127,1066.41,263.55,6.34658e+06,159.093,147.364,24500
2014-08-24,204.737,442.808,264.609,1334.06,299.137,6.3462e+06,180.576,213.946,24500
2014-08-31,232.373,502.572,300.335,1637.86,339.522,6.34578e+06,204.954,165.775,24500
2014-09-07,263.732,570.383,340.875,1982.66,385.347,6.34529e+06,232.616,237.678,24500
2014-09-14,299.312,647.317,386.873,2374.01,437.341,6.34474e+06,264.003,316.813,24500
2014-09-21,339.677,734.596,439.062,2818.15,496.332,6.34412e+06,299.613,323.727,24500
2014-09-28,385.468,833.599,498.269,3322.2,563.254,6.34341e+06,340.011,341.477,24500
2014-07-13,94.0221,203.383,127.678,134.577,138.408,6.34789e+06,95.0084,110.571,24550
2014-07-20,106.583,229.872,140.004,278.156,155.905,6.3477e+06,107.019,98.3678,24550
2014-07-27,120.09,258.351,156.678,437.638,176.156,6.34748e+06,120.92,133.202,24550
2014-08-03,135.001,290.258,175.968,616.542,198.194,6.34723e+06,136.047,124.242,24550
2014-08-10,151.695,326.115,197.717,817.529,222.736,6.34696e+06,152.894,129.088,24550
2014-08-17,170.438,366.403,222.153,1043.36,250.265,6.34665e+06,171.791,200.372,24550
2014-08-24,191.493,411.661,249.602,1297.09,281.185,6.3463e+06,193.015,224.224,24550
2014-08-31,215.143,462.495,280.435,1582.18,315.916,6.34591e+06,216.856,221.545,24550
2014-09-07,241.707,519.591,315.069,1902.47,354.928,6.34547e+06,243.636,281.905,24550
2014-09-14,271.543,583.714,353.969,2262.32,398.746,6.34498e+06,273.713,321.695,24550
2014-09-21,305.049,655.725,397.658,2666.59,447.957,6.34442e+06,307.493,292.402,24550
2014-09-28,342.676,736.588,446.723,3120.74,503.221,6.3438e+06,345.429,298.77,24550
2014-07-13,114.026,249.932,153.14,160.769,166.209,6.34777e+06,86.757,79.3116,24600
2014-07-20,132.096,288.454,170.758,334.361,191.211,6.34752e+06,99.8072,79.7588,24600
2014-07-27,151.927,330.81,194.919,530.838,220.638,6.34724e+06,115.168,122.091,24600
2014-08-03,174.286,379.253,223.387,755.715,253.345,6.34692e+06,132.24,102.488,24600
2014-08-10,199.836,434.805,256.125,1013.51,290.535,6.34655e+06,151.652,165.423,24600
2014-08-17,229.112,498.491,293.657,1309.09,333.109,6.34612e+06,173.875,236.518,24600
2014-08-24,262.668,571.488,336.676,1647.97,381.902,6.34563e+06,199.344,213.791,24600
2014-08-31,301.127,655.148,385.983,2036.49,437.827,6.34507e+06,228.535,289.538,24600
2014-09-07,345.202,751.02,442.493,2481.9,501.922,6.34443e+06,261.991,172.118,24600
2014-09-14,395.709,860.875,507.255,2992.51,575.373,6.34369e+06,300.33,279.175,24600
2014-09-21,453.579,986.739,581.465,3577.84,659.537,6.34285e+06,344.262,436.246,24600
2014-09-28,519.88,1130.93,666.493,4248.78,755.967,6.34188e+06,394.596,317.774,24600
2014-07-13,86.8218,189.33,117.109,123.136,127.044,6.34793e+06,84.4052,89.0101,24650
2014-07-20,99.7339,216.74,129.73,255.471,144.955,6.34775e+06,96.3055,84.0878,24650
2014-07-27,113.792,246.617,146.945,404.156,165.901,6.34754e+06,110.221,129.963,24650
2014-08-03,129.514,280.517,167.086,573.005,188.99,6.3473e+06,125.561,108.917,24650
2014-08-10,147.337,319.087,190.07,765.055,215.033,6.34703e+06,142.864,154.972,24650
2014-08-17,167.6,362.962,216.216,983.522,244.613,6.34672e+06,162.516,150.902,24650
2014-08-24,190.644,412.862,245.95,1232.04,278.249,6.34637e+06,184.863,192.5,24650
2014-08-31,216.85,469.608,279.766,1514.72,316.503,6.34597e+06,210.278,215.614,24650
2014-09-07,246.652,534.136,318.222,1836.27,360.006,6.34551e+06,239.181,247.898,24650
2014-09-14,280.54,607.509,361.953,2202.02,409.475,6.345e+06,272.047,273.515,24650
2014-09-21,319.071,690.931,411.679,2618.02,465.724,6.34441e+06,309.417,268.158,24650
2014-09-28,362.879,785.77,468.217,3091.15,529.677,6.34374e+06,351.907,313.61,24650
2014-07-13,99.9223,218.117,134.666,141.554,146.103,6.34786e+06,83.4964,74.0463,24700
2014-07-20,114.972,250.091,149.369,293.821,166.97,6.34764e+06,95.4217,95.2636,24700
2014-07-27,131.384,285.002,169.446,465.146,191.402,6.3474e+06,109.384,123.02,24700
2014-08-03,149.765,324.675,192.967,660.003,218.378,6.34712e+06,124.8,127.874,24700
2014-08-10,170.636,369.881,219.848,881.973,248.851,6.34681e+06,142.216,127.133,24700
2014-08-17,194.4,421.383,250.472,1134.87,283.516,6.34645e+06,162.026,151.376,24700
2014-08-24,221.466,480.043,285.353,1422.98,322.994,6.34604e+06,184.588,185.074,24700
2014-08-31,252.292,546.852,325.08,1751.21,367.959,6.34557e+06,210.284,237.841,24700
2014-09-07,287.4,622.934,370.327,2125.13,419.169,6.34504e+06,239.55,247.076,24700
2014-09-14,327.379,709.571,421.856,2551.09,477.488,6.34444e+06,272.879,295.981,24700
2014-09-21,372.903,808.217,480.535,3036.31,543.898,6.34375e+06,310.831,315.164,24700
2014-09-28,424.734,920.524,547.35,3589.01,619.513,6.34297e+06,354.045,324.129,24700
2014-07-13,126.945,272.605,173.428,183.194,187.88,6.34769e+06,89.0691,107.823,24750
2014-07-20,142.199,304.583,188.451,377.379,209.208,6.34744e+06,99.1798,105.894,24750
2014-07-27,158.421,338.54,208.62,590.877,233.667,6.34715e+06,110.776,93.3898,24750
2014-08-03,176.122,376.152,231.723,827.751,259.977,6.34684e+06,123.248,120.843,24750
2014-08-10,195.713,417.951,257.486,1090.93,288.94,6.34649e+06,136.979,137.408,24750
2014-08-17,217.465,464.392,286.113,1383.37,321.065,6.3461e+06,152.208,114.286,24750
2014-08-24,241.627,515.981,317.912,1708.31,356.743,6.34567e+06,169.122,192.133,24750
2014-08-31,268.466,573.282,353.233,2069.36,396.374,6.34519e+06,187.91,209.568,24750
2014-09-07,298.275,636.922,392.466,2470.52,440.393,6.34465e+06,208.779,164.26,24750
2014-09-14,331.381,707.597,436.04,2916.23,489.282,6.34406e+06,231.956,258.991,24750
2014-09-21,368.145,786.077,484.433,3411.41,543.576,6.3434e+06,257.695,295.408,24750
2014-09-28,408.968,873.217,538.172,3961.54,603.867,6.34267e+06,286.277,314.252,24750
2014-07-13,77.9858,169.231,105.622,111.222,114.531,6.34799e+06,88.5577,114.25,24800
2014-07-20,88.8663,192.237,116.282,230.224,129.663,6.34782e+06,100.258,38.9219,24800
2014-07-27,100.624,217.106,130.751,363.004,147.248,6.34764e+06,113.855,130.197,24800
2014-08-03,113.671,245.108,147.564,512.672,166.481,6.34743e+06,128.727,182.864,24800
2014-08-10,128.35,276.731,166.61,681.635,188.009,6.3472e+06,145.373,142.011,24800
2014-08-17,144.913,312.436,188.115,872.407,212.277,6.34693e+06,164.137,112.898,24800
2014-08-24,163.609,352.742,212.39,1087.8,239.668,6.34663e+06,185.316,194.443,24800
2014-08-31,184.714,398.239,239.792,1330.98,270.586,6.3463e+06,209.223,83.3482,24800
2014-09-07,208.536,449.591,270.723,1605.54,305.487,6.34592e+06,236.209,181.541,24800
2014-09-14,235.423,507.55,305.635,1915.51,344.88,6.34549e+06,266.668,177.541,24800
2014-09-21,265.769,572.96,345.04,2265.44,389.34,6.345e+06,301.046,269.772,24800
2014-09-28,300.015,646.774,389.512,2660.49,439.517,6.34445e+06,339.843,360.651,24800
2014-07-13,99.6045,215.847,135.057,142.277,146.43,6.34786e+06,81.7784,80.9366,24850
2014-07-20,113.245,244.655,148.43,294.317,165.413,6.34765e+06,92.3801,77.168,24850
2014-07-27,127.954,275.722,166.555,463.628,187.435,6.34742e+06,104.679,140.554,24850
2014-08-03,144.238,310.626,187.575,654.075,211.468,6.34715e+06,118.101,129.162,24850
2014-08-10,162.519,349.959,211.338,868.62,238.308,6.34686e+06,133.09,90.2897,24850
2014-08-17,183.102,394.272,238.111,1110.35,268.498,6.34652e+06,149.951,187.522,24850
2014-08-24,206.286,444.188,268.267,1382.69,302.499,6.34615e+06,168.94,196.093,24850
2014-08-31,232.399,500.408,302.233,1689.52,340.796,6.34573e+06,190.328,181.328,24850
2014-09-07,261.809,563.724,340.491,2035.19,383.931,6.34525e+06,214.418,209.012,24850
2014-09-14,294.931,635.027,383.578,2424.62,432.51,6.34471e+06,241.548,273.472,24850
2014-09-21,332.23,715.318,432.101,2863.31,487.218,6.34411e+06,272.102,305.809,24850
2014-09-28,374.229,805.722,486.743,3357.49,548.822,6.34343e+06,306.506,382.681,24850
2014-07-13,124.192,269.938,167.974,176.794,182.169,6.34771e+06,84.3882,80.5955,24900
2014-07-20,141.896,307.421,185.307,366.232,206.771,6.34745e+06,95.7848,100.595,24900
2014-07-27,161.075,348.048,208.87,578.088,235.419,6.34715e+06,109.056,89.9808,24900
2014-08-03,182.409,393.905,236.311,817.48,266.833,6.34682e+06,123.608,109.063,24900
2014-08-10,206.471,445.816,267.47,1088.4,302.08,6.34644e+06,139.935,155.643,24900
2014-08-17,233.685,504.565,302.735,1395.04,341.908,6.34601e+06,158.385,201.203,24900
2014-08-24,264.477,571.039,342.636,1742.11,386.967,6.34553e+06,179.258,197.526,24900
2014-08-31,299.316,646.246,387.783,2134.91,437.949,6.34498e+06,202.875,219.765,24900
2014-09-07,338.73,731.325,438.861,2579.46,495.628,6.34436e+06,229.595,194.411,24900
2014-09-14,383.316,827.563,496.646,3082.56,560.88,6.34366e+06,259.822,218.547,24900
2014-09-21,433.748,936.412,562.012,3651.88,634.69,6.34287e+06,294.014,281.435,24900
2014-09-28,490.786,1059.51,635.947,4296.12,718.173,6.34197e+06,332.687,262.344,24900
2014-07-13,95.6483,206.565,130.061,137.155,140.971,6.34788e+06,85.9763,97.6986,24950
2014-07-20,108.139,232.872,142.328,283.272,158.384,6.34768e+06,96.5964,102.257,24950
2014-07-27,121.538,261.077,158.894,445.204,178.498,6.34746e+06,108.864,101.656,24950
2014-08-03,136.291,292.597,178.018,626.411,200.33,6.34722e+06,122.178,125.03,24950
2014-08-10,152.765,327.932,199.526,829.483,224.58,6.34694e+06,136.968,97.2156,24950
2014-08-17,171.218,367.535,223.632,1057.09,251.715,6.34663e+06,153.517,197.412,24950
2014-08-24,191.894,411.913,250.644,1312.19,282.115,6.34628e+06,172.058,179.954,24950
2014-08-31,215.062,461.636,280.911,1598.11,316.179,6.34589e+06,192.833,139.342,24950
2014-09-07,241.019,517.346,314.824,1918.54,354.347,6.34546e+06,216.111,164.142,24950
2014-09-14,270.102,579.758,352.821,2277.65,397.11,6.34497e+06,242.192,280.642,24950
2014-09-21,302.682,649.675,395.39,2680.1,445.019,6.34442e+06,271.411,220.304,24950
2014-09-28,339.178,727.991,443.08,3131.1,498.687,6.34381e+06,304.143,347.927,24950
2014-07-13,100.246,219.369,134.819,141.606,146.302,6.34785e+06,81.3723,99.3481,25000
2014-07-20,115.819,252.524,150.015,294.278,167.868,6.34764e+06,93.3668,83.7539,25000
2014-07-27,132.867,288.878,170.819,466.671,193.198,6.34739e+06,107.455,112.307,25000
2014-08-03,152.039,330.351,195.276,663.491,221.277,6.34711e+06,123.073,118.14,25000
2014-08-10,173.891,377.792,223.333,888.558,253.124,6.34679e+06,140.785,166.189,25000
2014-08-17,198.867,432.046,255.419,1145.96,289.49,6.34642e+06,161.012,176.654,25000
2014-08-24,227.424,494.078,292.104,1440.34,331.064,6.346e+06,184.136,210.334,25000
2014-08-31,260.074,564.998,334.048,1777,378.598,6.34551e+06,210.574,268.317,25000
2014-09-07,297.399,646.071,382.002,2161.98,432.943,6.34496e+06,240.799,238.752,25000
2014-09-14,340.067,738.744,436.822,2602.23,495.068,6.34433e+06,275.353,310.703,25000
2014-09-21,388.838,844.665,499.489,3105.65,566.082,6.34361e+06,314.851,347.444,25000
2014-09-28,444.579,965.716,571.117,3681.27,647.249,6.34279e+06,359.995,279.403,25000
2014-07-13,79.7933,172.205,108.564,114.509,117.663,6.34797e+06,91.7163,76.6585,25050
2014-07-20,90.1112,193.924,118.701,236.425,132.053,6.34781e+06,102.933,118.26,25050
2014-07-27,101.168,217.183,132.38,371.405,148.66,6.34763e+06,115.877,106.13,25050
2014-08-03,113.329,243.149,148.157,522.294,166.665,6.34742e+06,129.912,111.795,25050
2014-08-10,126.896,272.229,165.883,691.212,186.645,6.34719e+06,145.486,137.912,25050
2014-08-17,142.075,304.787,185.731,880.342,208.978,6.34694e+06,162.894,152.721,25050
2014-08-24,159.067,341.235,207.948,1092.1,233.973,6.34665e+06,182.377,174.303,25050
2014-08-31,178.087,382.033,232.817,1329.18,261.953,6.34633e+06,204.187,192.299,25050
2014-09-07,199.377,427.697,260.655,1594.62,293.272,6.34597e+06,228.6,258.533,25050
2014-09-14,223.206,478.806,291.814,1891.78,328.327,6.34556e+06,255.925,250.807,25050
2014-09-21,249.875,536.005,326.689,2224.47,367.562,6.34511e+06,286.508,275.541,25050
2014-09-28,279.721,600.016,365.72,2596.91,411.473,6.34461e+06,320.735,319.143,25050
2014-07-13,99.2236,217.432,133.289,139.94,144.66,6.34786e+06,84.6083,79.2339,25100
2014-07-20,114.9,250.844,148.574,291.007,166.353,6.34764e+06,97.2954,82.5031,25100
2014-07-27,132.097,287.566,169.532,461.925,191.877,6.3474e+06,112.224,111.917,25100
2014-08-03,151.479,329.55,194.217,657.475,220.234,6.34712e+06,128.809,116.727,25100
2014-08-10,173.62,377.678,222.594,881.565,252.467,6.34679e+06,147.661,147.263,25100
2014-08-17,198.98,432.834,255.115,1138.4,289.353,6.34642e+06,169.235,140.478,25100
2014-08-24,228.037,496.032,292.378,1432.75,331.612,6.346e+06,193.951,174.958,25100
2014-08-31,261.329,568.438,335.072,1770.08,380.031,6.34552e+06,222.271,224.362,25100
2014-09-07,299.47,651.387,383.988,2156.67,435.505,6.34496e+06,254.716,287.579,25100
2014-09-14,343.163,746.406,440.028,2599.69,499.057,6.34432e+06,291.886,347.113,25100
2014-09-21,393.212,855.239,504.223,3107.35,571.856,6.34359e+06,334.464,298.007,25100
2014-09-28,450.535,979.882,577.755,3689.06,655.241,6.34275e+06,383.234,423.561,25100
2014-07-13,88.7442,195.373,118.744,124.491,128.93,6.34792e+06,72.3017,102.193,25150
2014-07-20,103.557,227.064,133.154,259.458,149.377,6.34773e+06,83.768,85.5785,25150
2014-07-27,119.924,262.173,153.008,413.185,173.581,6.3475e+06,97.341,70.2502,25150
2014-08-03,138.509,302.609,176.546,590.321,200.674,6.34724e+06,112.534,108.214,25150
2014-08-10,159.895,349.295,203.795,794.769,231.697,6.34694e+06,129.932,153.034,25150
2014-08-17,184.568,403.184,235.248,1030.77,267.457,6.3466e+06,149.985,179.025,25150
2014-08-24,213.041,465.376,271.547,1303.2,308.722,6.3462e+06,173.126,184.008,25150
2014-08-31,245.9,537.143,313.438,1617.65,356.344,6.34574e+06,199.831,191.947,25150
2014-09-07,283.816,619.954,361.779,1980.61,411.298,6.3452e+06,230.648,189.309,25150
2014-09-14,327.566,715.499,417.559,2399.53,474.708,6.34459e+06,266.208,182.204,25150
2014-09-21,378.041,825.727,481.92,2883.04,547.87,6.34388e+06,307.235,248.718,25150
2014-09-28,436.27,952.879,556.174,3441.06,632.275,6.34306e+06,354.568,270.429,25150
2014-07-13,148.731,321.308,202.187,213.193,219.153,6.34756e+06,96.9344,77.5265,25200
2014-07-20,168.242,362.411,221.347,440.385,246.351,6.34726e+06,108.964,95.2943,25200
2014-07-27,189.181,406.5,247.228,692.28,277.777,6.34691e+06,122.865,157.298,25200
2014-08-03,212.246,455.791,277.116,974.294,311.902,6.34653e+06,137.958,158.037,25200
2014-08-10,238.013,511.068,310.745,1290.49,349.823,6.3461e+06,154.732,114.683,25200
2014-08-17,266.883,573.043,348.45,1645.05,392.27,6.34562e+06,173.506,241.674,25200
2014-08-24,299.243,642.512,390.713,2042.63,439.842,6.34507e+06,194.548,326.243,25200
2014-08-31,335.514,720.371,438.086,2488.42,493.164,6.34447e+06,218.133,362.382,25200
2014-09-07,376.164,807.627,491.182,2988.26,552.927,6.34379e+06,244.567,203.965,25200
2014-09-14,421.718,905.402,550.687,3548.65,619.903,6.34302e+06,274.191,415.057,25200
2014-09-21,472.761,1014.95,617.369,4176.93,694.954,6.34217e+06,307.387,317.256,25200
2014-09-28,529.949,1137.68,692.085,4881.25,779.044,6.34121e+06,344.582,307.424,25200
2014-07-13,101.605,220.524,137.591,144.879,149.199,6.34785e+06,86.1291,90.8613,25250
2014-07-20,115.814,250.571,151.511,299.916,168.958,6.34763e+06,97.5353,100.42,25250
2014-07-27,131.172,283.059,170.407,472.945,191.924,6.34739e+06,110.793,117.372,25250
2014-08-03,148.217,319.648,192.369,668.033,217.05,6.34712e+06,125.298,138.828,25250
2014-08-10,167.399,360.978,217.254,888.327,245.18,6.34682e+06,141.536,172.321,25250
2014-08-17,189.047,407.652,245.357,1137.12,276.896,6.34647e+06,159.845,177.275,25250
2014-08-24,213.489,460.35,277.087,1418.09,312.7,6.34608e+06,180.514,151.008,25250
2014-08-31,241.085,519.844,312.91,1735.39,353.124,6.34564e+06,203.85,205.723,25250
2014-09-07,272.238,587.007,353.354,2093.71,398.761,6.34514e+06,230.196,213.663,25250
2014-09-14,307.405,662.82,399.012,2498.33,450.281,6.34458e+06,259.937,245.636,25250
2014-09-21,347.101,748.39,450.552,2955.23,508.437,6.34395e+06,293.509,216.521,25250
2014-09-28,391.903,844.964,508.727,3471.13,574.078,6.34323e+06,331.402,435.129,25250
2014-07-13,110.37,242.916,147.714,154.875,160.381,6.34779e+06,75.1944,68.376,25300
2014-07-20,128.734,282.197,165.581,322.743,185.735,6.34755e+06,87.0813,91.1229,25300
2014-07-27,149.016,325.692,190.192,513.867,215.735,6.34727e+06,101.147,104.794,25300
2014-08-03,172.036,375.762,219.357,734.003,249.301,6.34695e+06,116.884,131.385,25300
2014-08-10,198.513,433.545,253.105,987.972,287.718,6.34658e+06,134.896,146.062,25300
2014-08-17,229.044,500.211,292.042,1281.01,331.979,6.34615e+06,155.648,190.563,25300
2014-08-24,264.261,577.111,336.956,1619.13,383.03,6.34565e+06,179.583,133.799,25300
2014-08-31,304.882,665.805,388.763,2009.24,441.916,6.34508e+06,207.191,222.451,25300
2014-09-07,351.731,768.093,448.518,2459.32,509.833,6.34442e+06,239.034,208.166,25300
2014-09-14,405.758,886.047,517.433,2978.56,588.161,6.34366e+06,275.758,269.005,25300
2014-09-21,468.057,1022.05,596.905,3577.58,678.485,6.34279e+06,318.106,343.444,25300
2014-09-28,539.883,1178.84,688.542,4268.57,782.63,6.34177e+06,366.934,445.748,25300
2014-07-13,112.382,244.591,151.833,159.741,164.684,6.34778e+06,93.917,101.897,25350
2014-07-20,128.682,279.138,167.78,331.112,187.319,6.34754e+06,106.825,112.491,25350
2014-07-27,146.375,316.667,189.49,523.123,213.72,6.34727e+06,121.882,152.527,25350
2014-08-03,166.099,359.117,214.819,740.527,242.733,6.34697e+06,138.427,105.946,25350
2014-08-10,188.391,407.27,243.638,987.063,275.354,6.34662e+06,157.031,166.931,25350
2014-08-17,213.656,461.877,276.32,1266.67,312.292,6.34623e+06,178.096,138.752,25350
2014-08-24,242.301,523.793,313.376,1583.78,354.167,6.34579e+06,201.977,171.412,25350
2014-08-31,274.778,593.987,355.39,1943.41,401.645,6.34528e+06,229.053,196.053,25350
2014-09-07,311.596,673.56,403.021,2351.25,455.47,6.34471e+06,259.749,212.639,25350
2014-09-14,353.332,763.758,457.019,2813.74,516.489,6.34406e+06,294.547,290.197,25350
2014-09-21,400.639,865.988,518.228,3338.19,585.654,6.34333e+06,333.991,284.107,25350
2014-09-28,454.253,981.842,587.606,3932.86,664.047,6.34249e+06,378.697,389.681,25350
2014-07-13,75.0005,165.844,99.9785,104.672,108.599,6.348e+06,75.3829,94.7159,25400
2014-07-20,88.1608,194.104,112.752,218.622,126.723,6.34784e+06,87.9636,94.7175,25400
2014-07-27,102.803,225.649,130.436,349.24,148.301,6.34764e+06,102.942,85.1289,25400
2014-08-03,119.549,262.234,151.531,500.773,172.628,6.34742e+06,119.828,115.3,25400
2014-08-10,138.953,304.765,176.118,676.867,200.681,6.34715e+06,139.3,145.114,25400
2014-08-17,161.493,354.195,204.692,881.534,233.241,6.34685e+06,161.902,179.065,25400
2014-08-24,187.684,411.634,237.895,1119.4,271.072,6.34649e+06,188.162,207.857,25400
2014-08-31,218.117,478.373,276.477,1395.85,315.032,6.34608e+06,218.676,196.187,25400
2014-09-07,253.478,555.913,321.306,1717.13,366.109,6.3456e+06,254.13,264.61,25400
2014-09-14,294.559,645.996,373.392,2090.5,425.453,6.34505e+06,295.323,343.701,25400
2014-09-21,342.284,750.64,433.904,2524.38,494.396,6.3444e+06,343.179,243.905,25400
2014-09-28,397.721,872.186,504.199,3028.57,574.483,6.34365e+06,398.771,528.421,25400
2014-07-13,134.158,290.599,181.974,191.727,197.291,6.34765e+06,91.9966,72.9247,25450
2014-07-20,152.421,329.156,199.884,396.53,222.714,6.34737e+06,103.851,98.3945,25450
2014-07-27,172.101,370.702,224.145,624.458,252.189,6.34706e+06,117.596,115.057,25450
2014-08-03,193.872,417.346,252.265,880.67,284.331,6.34671e+06,132.584,102.524,25450
2014-08-10,218.294,469.869,284.03,1169.11,320.201,6.34631e+06,149.31,177.135,25450
2014-08-17,245.771,528.998,319.792,1493.86,360.518,6.34586e+06,168.109,193.777,25450
2014-08-24,276.696,595.55,360.043,1859.5,405.889,6.34536e+06,189.266,216.938,25450
2014-08-31,311.501,670.447,405.345,2271.15,456.954,6.34479e+06,213.077,219.708,25450
2014-09-07,350.67,754.729,456.329,2734.59,514.422,6.34415e+06,239.875,159.178,25450
2014-09-14,394.744,849.563,513.704,3256.31,579.092,6.34344e+06,270.031,277.265,25450
2014-09-21,444.334,956.258,578.264,3843.61,651.859,6.34263e+06,303.962,269.788,25450
2014-09-28,500.124,1076.28,650.901,4504.7,733.727,6.34172e+06,342.137,414.587,25450
2014-07-13,138.286,302.007,186.291,195.79,202.122,6.34763e+06,85.0686,100.158,25500
2014-07-20,159.242,346.547,206.76,406.493,231.172,6.34733e+06,97.295,70.0756,25500
2014-07-27,182.11,395.215,234.724,643.733,265.205,6.34699e+06,111.618,125.108,25500
2014-08-03,207.743,450.559,267.505,913.76,302.807,6.34661e+06,127.444,135.855,25500
2014-08-10,236.866,513.666,304.994,1221.59,345.316,6.34617e+06,145.336,115.121,25500
2014-08-17,270.047,585.606,347.731,1572.55,393.704,6.34567e+06,165.701,170.644,25500
2014-08-24,307.864,667.597,396.441,1972.69,448.846,6.34511e+06,188.909,217.633,25500
2014-08-31,350.961,761.032,451.954,2428.87,511.69,6.34446e+06,215.358,236.664,25500
2014-09-07,400.072,867.498,515.217,2948.91,583.306,6.34372e+06,245.5,263.658,25500
2014-09-14,456.029,988.798,587.306,3541.73,664.911,6.34288e+06,279.846,324.257,25500
2014-09-21,519.78,1126.98,669.443,4217.48,757.886,6.34192e+06,318.977,234.952,25500
2014-09-28,592.398,1284.37,763.015,4987.71,863.803,6.34082e+06,363.554,296.446,25500
2014-07-13,108.025,232.783,147.159,155.286,159.471,6.34781e+06,87.9799,74.6288,25550
2014-07-20,121.694,261.52,160.597,320.395,178.549,6.34759e+06,98.5049,82.931,25550
2014-07-27,136.308,292.216,178.705,502.812,200.524,6.34734e+06,110.629,80.2137,25550
2014-08-03,152.342,326.401,199.544,706.264,224.292,6.34707e+06,123.742,124.389,25550
2014-08-10,170.186,364.595,222.906,933.505,250.602,6.34676e+06,138.257,103.239,25550
2014-08-17,190.105,407.258,249.002,1187.35,279.941,6.34642e+06,154.443,109.56,25550
2014-08-24,212.348,454.903,278.144,1470.91,312.701,6.34603e+06,172.516,211.058,25550
2014-08-31,237.188,508.108,310.687,1787.65,349.284,6.34561e+06,192.7,205.251,25550
2014-09-07,264.925,567.515,347.029,2141.44,390.136,6.34513e+06,215.237,265.408,25550
2014-09-14,295.895,633.844,387.608,2536.62,435.751,6.3446e+06,240.403,216.969,25550
2014-09-21,330.473,707.895,432.917,2977.99,486.682,6.344e+06,268.502,239.933,25550
2014-09-28,369.075,790.561,483.502,3470.95,543.542,6.34334e+06,299.871,304.958,25550
2014-07-13,111.684,242.247,151.32,159.365,164.077,6.34779e+06,88.8329,73.3637,25600
2014-07-20,127.17,274.977,166.496,329.807,185.619,6.34755e+06,100.496,91.3263,25600
2014-07-27,143.892,310.328,187.083,519.858,210.637,6.34729e+06,114.041,110.846,25600
2014-08-03,162.432,350.101,210.99,733.931,237.98,6.34699e+06,128.845,128.973,25600
2014-08-10,183.275,394.983,238.052,975.43,268.561,6.34666e+06,145.402,134.625,25600
2014-08-17,206.775,445.618,268.583,1247.9,303.005,6.34628e+06,164.05,137.802,25600
2014-08-24,233.28,502.731,303.02,1555.32,341.851,6.34586e+06,185.082,194.954,25600
2014-08-31,263.175,567.145,341.861,1902.14,385.666,6.34538e+06,208.804,269.752,25600
2014-09-07,296.89,639.787,385.668,2293.42,435.081,6.34483e+06,235.558,279.532,25600
2014-09-14,334.911,721.702,435.073,2734.82,490.809,6.34422e+06,265.729,298.028,25600
2014-09-21,377.784,814.064,490.786,3232.76,553.651,6.34353e+06,299.753,377.719,25600
2014-09-28,426.122,918.196,553.606,3794.45,624.509,6.34276e+06,338.116,263.015,25600
2014-07-13,114.16,249.752,153.566,161.31,166.642,6.34777e+06,88.1126,80.0481,25650
2014-07-20,131.838,287.379,170.817,335.183,191.125,6.34752e+06,101.058,77.5048,25650
2014-07-27,151.181,328.616,194.429,531.443,219.872,6.34724e+06,116.258,120.773,25650
2014-08-03,172.924,375.64,222.176,755.42,251.724,6.34692e+06,133.1,117.971,25650
2014-08-10,197.697,429.407,253.994,1011.44,287.835,6.34656e+06,152.193,129.839,25650
2014-08-17,225.999,490.868,290.364,1304.12,329.051,6.34614e+06,173.987,164.317,25650
2014-08-24,258.343,561.109,331.931,1638.7,376.15,6.34566e+06,198.891,222.267,25650
2014-08-31,295.306,641.376,379.434,2021.18,429.976,6.34511e+06,227.351,215.176,25650
2014-09-07,337.543,733.091,433.718,2458.38,491.486,6.34449e+06,259.875,215.989,25650
2014-09-14,385.803,837.879,495.747,2958.12,561.769,6.34377e+06,297.037,232.102,25650
2014-09-21,440.938,957.588,566.62,3529.31,642.069,6.34296e+06,339.496,369.492,25650
2014-09-28,503.921,1094.33,647.588,4182.15,733.805,6.34202e+06,388.002,409.325,25650
2014-07-13,109.159,237.354,147.594,155.326,160.072,6.3478e+06,82.6485,71.7766,25700
2014-07-20,124.799,270.477,162.903,321.818,181.801,6.34757e+06,93.8676,90.1874,25700
2014-07-27,141.752,306.402,183.723,508.114,207.117,6.34731e+06,106.938,114.219,25700
2014-08-03,160.622,346.979,207.983,718.748,234.893,6.34702e+06,121.28,93.2839,25700
2014-08-10,181.918,392.941,235.547,957.264,266.08,6.34668e+06,137.382,159.152,25700
2014-08-17,206.019,444.99,266.762,1227.39,301.341,6.3463e+06,155.588,139.922,25700
2014-08-24,233.307,503.92,302.103,1533.31,341.259,6.34588e+06,176.199,148.173,25700
2014-08-31,264.2,570.636,342.115,1879.75,386.453,6.34539e+06,199.533,213.394,25700
2014-09-07,299.174,646.158,387.414,2272.07,437.618,6.34485e+06,225.95,223.901,25700
2014-09-14,338.762,731.643,438.694,2716.32,495.537,6.34422e+06,255.855,263.725,25700
2014-09-21,383.572,828.396,496.74,3219.37,561.096,6.34352e+06,289.705,218.429,25700
2014-09-28,434.285,937.889,562.44,3788.97,635.298,6.34273e+06,328.017,422.212,25700
2014-07-13,94.1007,204.225,127.435,134.188,138.186,6.34789e+06,87.0061,76.1077,25750
2014-07-20,107.249,232.028,140.318,277.777,156.471,6.34769e+06,98.5189,96.6707,25750
2014-07-27,121.461,262.088,157.803,438.015,177.723,6.34747e+06,111.9,87.7997,25750
2014-08-03,137.232,295.94,178.125,618.665,200.972,6.34722e+06,126.538,127.506,25750
2014-08-10,154.978,334.176,201.149,822.638,226.997,6.34694e+06,142.924,140.807,25750
2014-08-17,175.005,377.352,227.149,1052.98,256.339,6.34662e+06,161.398,160.762,25750
2014-08-24,197.615,426.097,256.501,1313.08,289.46,6.34626e+06,182.253,217.719,25750
2014-08-31,223.139,481.126,289.639,1606.8,326.852,6.34585e+06,205.796,221.214,25750
2014-09-07,251.953,543.243,327.048,1938.45,369.064,6.34539e+06,232.374,232.884,25750
2014-09-14,284.478,613.358,369.277,2312.94,416.714,6.34487e+06,262.376,265.189,25750
2014-09-21,321.189,692.492,416.944,2735.77,470.499,6.34428e+06,296.24,221.097,25750
2014-09-28,362.622,781.8,470.746,3213.17,531.204,6.34362e+06,334.462,346.918,25750
2014-07-13,120.299,259.722,163.621,172.561,177.341,6.34773e+06,102.383,104.18,25800
2014-07-20,135.941,292.658,178.986,356.348,199.152,6.34749e+06,114.975,88.0512,25800
2014-07-27,152.712,327.95,199.728,559.941,224.335,6.34721e+06,129.513,101.57,25800
2014-08-03,171.168,367.37,223.661,787.66,251.653,6.3469e+06,145.285,161.789,25800
2014-08-10,191.768,411.538,250.566,1042.74,281.984,6.34655e+06,162.795,80.9844,25800
2014-08-17,214.828,461.014,280.705,1328.5,315.902,6.34616e+06,182.377,137.607,25800
2014-08-24,240.653,516.426,314.459,1648.63,353.884,6.34573e+06,204.305,239.545,25800
2014-08-31,269.575,578.478,352.26,2007.25,396.419,6.34524e+06,228.862,191.547,25800
2014-09-07,301.961,647.96,394.592,2408.97,444.053,6.3447e+06,256.361,235.802,25800
2014-09-14,338.224,725.757,441.994,2858.96,497.391,6.34409e+06,287.154,301.463,25800
2014-09-21,378.825,812.855,495.07,3363,557.111,6.3434e+06,321.632,240.83,25800
2014-09-28,424.278,910.355,554.494,3927.54,623.972,6.34263e+06,360.232,216.177,25800
2014-07-13,112.178,243.95,151.66,159.599,164.484,6.34778e+06,90.9027,133.286,25850
2014-07-20,128.278,278.051,167.418,330.691,186.851,6.34755e+06,103.263,49.7612,25850
2014-07-27,145.733,315.044,188.852,522.17,212.912,6.34728e+06,117.667,110.59,25850
2014-08-03,165.165,356.835,213.831,738.705,241.514,6.34698e+06,133.473,122.125,25850
2014-08-10,187.1,404.181,242.217,983.952,273.633,6.34663e+06,151.224,169.53,25850
2014-08-17,211.929,457.808,274.37,1261.76,309.956,6.34624e+06,171.298,93.1815,25850
2014-08-24,240.046,518.536,310.779,1576.43,351.083,6.3458e+06,194.027,304.439,25850
2014-08-31,271.884,587.299,352.009,1932.85,397.655,6.34531e+06,219.765,296.822,25850
2014-09-07,307.934,665.154,398.694,2336.56,450.389,6.34474e+06,248.909,396.834,25850
2014-09-14,348.748,753.295,451.553,2793.8,510.096,6.3441e+06,281.906,298.146,25850
2014-09-21,394.953,853.071,511.399,3311.64,577.692,6.34338e+06,319.263,427.338,25850
2014-09-28,447.255,966.006,579.146,3898.1,654.211,6.34256e+06,361.551,317.088,25850
2014-07-13,94.5445,206.577,127.315,133.787,138.14,6.34789e+06,83.8784,74.467,25900
2014-07-20,108.958,237.223,141.389,277.827,158.114,6.34768e+06,96.0065,83.6461,25900
2014-07-27,124.698,270.738,160.627,440.119,181.529,6.34745e+06,110.224,93.3666,25900
2014-08-03,142.356,308.883,183.195,624.974,207.422,6.34719e+06,125.946,106.847,25900
2014-08-10,162.435,352.414,209.024,835.863,236.719,6.34689e+06,143.735,156.625,25900
2014-08-17,185.331,402.08,238.495,1076.49,270.094,6.34655e+06,164,124.353,25900
2014-08-24,211.449,458.735,272.111,1351.03,308.161,6.34616e+06,187.114,211.723,25900
2014-08-31,241.24,523.357,310.456,1664.27,351.583,6.34571e+06,213.48,259.846,25900
2014-09-07,275.219,597.06,354.194,2021.64,401.111,6.3452e+06,243.553,199.396,25900
2014-09-14,313.971,681.113,404.08,2429.35,457.599,6.34462e+06,277.853,289.799,25900
2014-09-21,358.165,776.962,460.973,2894.48,522.02,6.34396e+06,316.969,404.123,25900
2014-09-28,408.558,886.251,525.853,3425.08,595.483,6.3432e+06,361.576,229.664,25900
2014-07-13,89.4571,195.043,120.681,126.899,130.917,6.34792e+06,88.607,76.7935,25950
2014-07-20,102.731,223.218,133.657,263.256,149.333,6.34773e+06,101.071,88.1309,25950
2014-07-27,117.181,253.92,151.354,416.422,170.863,6.34751e+06,115.644,114.11,25950
2014-08-03,133.334,288.745,172.053,590.314,194.59,6.34727e+06,131.703,106.504,25950
2014-08-10,151.642,328.358,195.668,788.045,221.346,6.34699e+06,149.811,156.092,25950
2014-08-17,172.45,373.406,222.523,1012.92,251.726,6.34667e+06,170.373,157.589,25950
2014-08-24,196.108,424.626,253.056,1268.64,286.262,6.34631e+06,193.748,172.282,25950
2014-08-31,223.005,482.858,287.771,1559.46,325.529,6.3459e+06,220.325,174.832,25950
2014-09-07,253.584,549.057,327.238,1890.16,370.172,6.34543e+06,250.539,262.522,25950
2014-09-14,288.345,624.308,372.107,2266.22,420.923,6.3449e+06,284.889,319.75,25950
2014-09-21,327.858,709.841,423.112,2693.83,478.613,6.3443e+06,323.935,368.8,25950
2014-09-28,372.768,807.053,481.088,3180.04,544.187,6.34361e+06,368.316,305.368,25950
2014-07-13,120.752,264.718,162.151,170.22,175.992,6.34773e+06,83.2041,92.3799,26000
2014-07-20,139.925,305.596,180.843,354.046,202.518,6.34747e+06,95.7446,75.2516,26000
2014-07-27,160.972,350.555,206.482,562.153,233.745,6.34717e+06,110.508,151.268,26000
2014-08-03,184.707,401.987,236.696,800.399,268.461,6.34683e+06,126.921,114.999,26000
2014-08-10,211.837,460.98,271.451,1073.59,307.945,6.34643e+06,145.588,192.295,26000
2014-08-17,242.929,528.628,311.304,1386.89,353.156,6.34598e+06,166.962,214.082,26000
2014-08-24,278.575,606.182,356.994,1746.18,404.983,6.34546e+06,191.464,296.851,26000
2014-08-31,319.438,695.084,409.374,2158.2,464.398,6.34487e+06,219.554,175.386,26000
2014-09-07,366.279,796.986,469.42,2630.66,532.508,6.34419e+06,251.755,237.893,26000
2014-09-14,419.967,913.774,538.248,3172.41,610.576,6.34341e+06,288.663,262.86,26000
2014-09-21,481.495,1047.61,617.135,3793.58,700.051,6.34251e+06,330.964,314.366,26000
2014-09-28,551.999,1200.95,707.539,4505.76,802.585,6.34148e+06,379.44,420.074,26000
2014-07-13,84.8132,184.979,114.384,120.265,124.09,6.34795e+06,84.0901,79.4964,26050
2014-07-20,97.4522,211.814,126.737,249.534,141.621,6.34776e+06,95.9705,89.8871,26050
2014-07-27,111.217,241.071,143.59,394.807,162.126,6.34756e+06,109.866,130.519,26050
2014-08-03,126.614,274.275,163.311,559.822,184.736,6.34733e+06,125.187,104.473,26050
2014-08-10,144.073,312.064,185.822,747.556,210.244,6.34706e+06,142.474,145.012,26050
2014-08-17,163.927,355.061,211.435,961.167,239.224,6.34676e+06,162.112,187.796,26050
2014-08-24,186.512,403.974,240.571,1204.22,272.187,6.34641e+06,184.449,162.64,26050
2014-08-31,212.204,459.613,273.715,1480.76,309.684,6.34602e+06,209.859,221.981,26050
2014-09-07,241.427,522.898,311.416,1795.39,352.337,6.34558e+06,238.763,303.161,26050
2014-09-14,274.666,594.875,354.3,2153.36,400.851,6.34507e+06,271.639,263.99,26050
2014-09-21,312.468,676.732,403.075,2560.61,456.029,6.3445e+06,309.031,232.088,26050
2014-09-28,355.458,769.816,458.547,3023.92,518.782,6.34384e+06,351.556,425.694,26050
2014-07-13,120.985,258.118,166.169,175.859,179.912,6.34773e+06,100.788,78.4825,26100
2014-07-20,134.094,285.456,179.119,361.209,198.301,6.34749e+06,111.089,129.483,26100
2014-07-27,147.899,314.169,196.393,563.156,219.221,6.34723e+06,122.809,52.7473,26100
2014-08-03,162.807,345.652,216.006,785.035,241.492,6.34694e+06,135.285,168.09,26100
2014-08-10,179.143,380.297,237.668,1029.14,265.762,6.34662e+06,148.882,159.275,26100
2014-08-17,197.103,418.413,261.502,1297.72,292.414,6.34628e+06,163.812,177.592,26100
2014-08-24,216.857,460.34,287.717,1593.22,321.725,6.34589e+06,180.232,77.3462,26100
2014-08-31,238.584,506.453,316.552,1918.35,353.963,6.34547e+06,198.292,183.157,26100
2014-09-07,262.48,557.167,348.265,2276.06,389.421,6.34501e+06,218.156,176.919,26100
2014-09-14,288.759,612.937,383.145,2669.6,428.418,6.3445e+06,240.002,222.472,26100
2014-09-21,317.658,674.264,421.502,3102.54,471.302,6.34393e+06,264.026,288.512,26100
2014-09-28,349.435,741.694,463.683,3578.82,518.459,6.34332e+06,290.444,208.512,26100
2014-07-13,69.4274,153.009,92.8134,97.2727,100.785,6.34804e+06,76.1119,49.1864,26150
2014-07-20,81.1586,178.13,104.219,202.836,116.969,6.34788e+06,88.3342,102.992,26150
2014-07-27,94.143,206.013,119.953,323.257,136.154,6.34771e+06,102.823,160.425,26150
2014-08-03,108.913,238.18,138.634,462.243,157.667,6.3475e+06,119.069,157.852,26150
2014-08-10,125.938,275.382,160.297,622.923,182.343,6.34727e+06,137.704,147.253,26150
2014-08-17,145.612,318.398,185.344,808.712,210.836,6.34699e+06,159.221,145.886,26150
2014-08-24,168.356,368.126,214.299,1023.53,243.771,6.34668e+06,184.093,177.689,26150
2014-08-31,194.649,425.61,247.771,1271.9,281.843,6.34631e+06,212.846,157.085,26150
2014-09-07,225.04,492.055,286.464,1559.06,325.854,6.34589e+06,246.082,240.717,26150
2014-09-14,260.169,568.852,331.189,1891.06,376.726,6.3454e+06,284.5,216.925,26150
2014-09-21,300.77,657.609,382.884,2274.89,435.524,6.34483e+06,328.904,247.751,26150
2014-09-28,347.691,760.177,442.631,2718.62,503.479,6.34418e+06,380.223,295.489,26150
2014-07-13,124.886,270.072,169.628,178.807,183.879,6.34771e+06,99.2066,101.075,26200
2014-07-20,141.506,305.114,185.94,369.529,207.034,6.34745e+06,111.699,123.886,26200
2014-07-27,159.371,342.769,208,581.295,233.825,6.34716e+06,126.154,128.824,26200
2014-08-03,179.083,384.936,233.51,818.75,262.965,6.34683e+06,141.875,157.264,26200
2014-08-10,201.14,432.301,262.258,1085.4,295.401,6.34647e+06,159.375,184.36,26200
2014-08-17,225.894,485.492,294.544,1384.88,331.766,6.34606e+06,178.995,210.911,26200
2014-08-24,253.686,545.212,330.791,1721.23,372.59,6.3456e+06,201.02,208.4,26200
2014-08-31,284.888,612.256,371.487,2098.95,418.423,6.34508e+06,225.748,231.067,26200
2014-09-07,319.914,687.516,417.174,2523.14,469.877,6.3445e+06,253.508,197.983,26200
2014-09-14,359.232,771.991,468.462,2999.49,527.636,6.34385e+06,284.671,315.993,26200
2014-09-21,403.362,866.801,526.031,3534.39,592.469,6.34312e+06,319.65,319.073,26200
2014-09-28,452.889,973.196,590.646,4135.01,665.233,6.3423e+06,358.907,324.432,26200
2014-07-13,84.518,185.991,113.129,118.619,122.829,6.34795e+06,85.4333,72.7141,26250
2014-07-20,98.5575,216.019,126.789,247.171,142.213,6.34776e+06,98.9158,95.985,26250
2014-07-27,114.061,249.262,145.603,393.504,165.146,6.34755e+06,114.867,115.425,26250
2014-08-03,131.653,287.522,167.895,562.013,190.8,6.3473e+06,132.711,139.256,26250
2014-08-10,151.884,331.67,193.685,756.379,220.157,6.34702e+06,153.13,133.714,26250
2014-08-17,175.209,382.597,223.437,980.603,253.975,6.34669e+06,176.652,210.405,26250
2014-08-24,202.111,441.334,257.749,1239.26,292.974,6.34631e+06,203.777,161.602,26250
2014-08-31,233.136,509.073,297.323,1537.64,337.952,6.34587e+06,235.062,201.469,26250
2014-09-07,268.915,587.187,342.961,1881.83,389.823,6.34537e+06,271.141,260.718,26250
2014-09-14,310.173,677.258,395.592,2278.84,449.64,6.34479e+06,312.746,251.005,26250
2014-09-21,357.744,781.107,456.28,2736.76,518.613,6.34412e+06,360.72,319.236,26250
2014-09-28,412.59,900.83,526.254,3264.92,598.138,6.34335e+06,416.034,473.781,26250
2014-07-13,97.4176,211.441,131.918,138.905,143.048,6.34787e+06,89.1837,82.1431,26300
2014-07-20,111.045,240.258,145.269,287.552,161.998,6.34767e+06,100.998,110.061,26300
2014-07-27,125.775,271.418,163.391,453.454,184.025,6.34744e+06,114.731,131.201,26300
2014-08-03,142.124,306.514,184.456,640.514,208.124,6.34718e+06,129.755,156.095,26300
2014-08-10,160.523,346.158,208.324,851.75,235.105,6.34688e+06,146.577,129.917,26300
2014-08-17,181.289,390.931,235.281,1090.32,265.527,6.34655e+06,165.544,170.139,26300
2014-08-24,204.736,441.484,265.717,1359.76,299.873,6.34618e+06,186.956,192.207,26300
2014-08-31,231.209,498.561,300.082,1664.04,338.652,6.34576e+06,211.133,208.516,26300
2014-09-07,261.096,562.997,338.881,2007.68,382.434,6.34528e+06,238.43,225.768,26300
2014-09-14,294.837,635.736,382.685,2395.74,431.862,6.34474e+06,269.246,316.744,26300
2014-09-21,332.924,717.842,432.134,2833.95,487.66,6.34413e+06,304.033,279.3,26300
2014-09-28,375.914,810.512,487.953,3328.77,550.644,6.34345e+06,343.3,279.073,26300
2014-07-13,96.0014,207.598,130.4,137.459,141.355,6.34788e+06,85.9486,85.5833,26350
2014-07-20,108.77,234.519,142.932,284.071,159.144,6.34768e+06,96.7649,110.005,26350
2014-07-27,122.494,263.446,159.879,446.851,179.726,6.34746e+06,109.279,132.363,26350
2014-08-03,137.637,295.839,179.477,629.364,202.112,6.34721e+06,122.891,169.515,26350
2014-08-10,154.582,332.225,201.561,834.309,227.029,6.34693e+06,138.041,95.3511,26350
2014-08-17,173.598,373.087,226.363,1064.47,254.965,6.34661e+06,155.027,129.082,26350
2014-08-24,194.948,418.966,254.209,1322.95,286.326,6.34626e+06,174.096,182.65,26350
2014-08-31,218.919,470.474,285.473,1613.23,321.537,6.34586e+06,195.505,251.013,26350
2014-09-07,245.83,528.298,320.573,1939.19,361.067,6.34542e+06,219.541,263.805,26350
2014-09-14,276.039,593.207,359.977,2305.23,405.445,6.34492e+06,246.524,295.026,26350
2014-09-21,309.95,666.065,404.211,2716.26,455.261,6.34435e+06,276.814,216.113,26350
2014-09-28,348.011,747.837,453.863,3177.79,511.178,6.34372e+06,310.813,423.998,26350
2014-07-13,80.7305,175.738,109.053,114.727,118.285,6.34797e+06,78.3327,63.1142,26400
2014-07-20,92.4696,200.623,120.537,237.827,134.585,6.3478e+06,89.1267,96.0516,26400
2014-07-27,105.217,227.666,136.174,375.792,153.602,6.34761e+06,101.721,89.9104,26400
2014-08-03,119.432,258.266,154.423,532.05,174.507,6.34739e+06,115.565,101.705,26400
2014-08-10,135.503,292.99,175.194,709.301,198.022,6.34714e+06,131.137,156.874,26400
2014-08-17,153.725,332.384,198.759,910.394,224.657,6.34685e+06,148.776,179.693,26400
2014-08-24,174.393,377.068,225.486,1138.53,254.865,6.34653e+06,168.781,168.641,26400
2014-08-31,197.835,427.749,255.802,1397.34,289.129,6.34617e+06,191.471,178.182,26400
2014-09-07,224.423,485.226,290.186,1690.95,327.99,6.34576e+06,217.206,252.868,26400
2014-09-14,254.576,550.408,329.183,2024.02,372.063,6.34529e+06,246.393,258.106,26400
2014-09-21,288.769,624.323,373.408,2401.83,422.044,6.34476e+06,279.493,286.958,26400
2014-09-28,327.542,708.133,423.559,2830.41,478.722,6.34416e+06,317.027,310.724,26400
2014-07-13,92.4049,200.667,125.075,131.678,135.634,6.3479e+06,93.1127,107.532,26450
2014-07-20,105.423,228.209,137.825,272.659,153.731,6.34771e+06,105.537,120.944,26450
2014-07-27,119.506,258.016,155.143,430.123,174.782,6.34749e+06,119.988,130.922,26450
2014-08-03,135.151,291.616,175.286,607.813,197.833,6.34724e+06,135.813,145.332,26450
2014-08-10,152.771,329.602,198.129,808.631,223.662,6.34696e+06,153.544,159.145,26450
2014-08-17,172.675,372.538,223.949,1035.62,252.81,6.34665e+06,173.554,169.773,26450
2014-08-24,195.168,421.057,253.126,1292.19,285.744,6.34629e+06,196.164,193.375,26450
2014-08-31,220.584,475.883,286.097,1582.18,322.96,6.34589e+06,221.712,267.103,26450
2014-09-07,249.302,537.829,323.353,1909.93,365.013,6.34543e+06,250.582,244.876,26450
2014-09-14,281.75,607.817,365.449,2280.37,412.528,6.34491e+06,283.201,258.555,26450
2014-09-21,318.409,686.884,413.01,2699.02,466.211,6.34433e+06,320.055,339.85,26450
2014-09-28,359.822,776.199,466.743,3172.14,526.859,6.34368e+06,361.689,391.826,26450
2014-07-13,79.8676,177.695,105.907,110.664,115.105,6.34798e+06,68.5954,71.5568,26500
2014-07-20,94.8467,210.024,120.401,231.838,135.667,6.34779e+06,80.849,72.6711,26500
2014-07-27,111.674,246.495,140.599,371.984,160.345,6.34758e+06,95.5553,99.762,26500
2014-08-03,131.111,289.205,164.904,536.125,188.446,6.34733e+06,112.301,127.779,26500
2014-08-10,153.852,339.331,193.498,728.701,221.17,6.34703e+06,131.803,196.679,26500
2014-08-17,180.523,398.147,227.048,954.668,259.518,6.34669e+06,154.656,161.955,26500
2014-08-24,211.811,467.145,266.407,1219.81,304.501,6.34628e+06,181.463,210.163,26500
2014-08-31,248.514,548.082,312.578,1530.91,357.271,6.34581e+06,212.91,167.543,26500
2014-09-07,291.565,643.015,366.739,1895.92,419.172,6.34525e+06,249.799,195.869,26500
2014-09-14,342.06,754.355,430.268,2324.17,491.777,6.3446e+06,293.067,276.355,26500
2014-09-21,401.279,884.923,504.778,2826.59,576.931,6.34383e+06,343.813,422.3,26500
2014-09-28,470.722,1038.02,592.159,3416,676.791,6.34293e+06,403.324,345.686,26500
2014-07-13,85.8432,185.651,116.592,122.9,126.388,6.34794e+06,91.0592,84.1224,26550
2014-07-20,97.277,209.759,127.814,253.995,142.317,6.34776e+06,102.535,85.402,26550
2014-07-27,109.569,235.67,142.99,399.568,160.749,6.34756e+06,115.815,117.816,26550
2014-08-03,123.134,264.69,160.543,562.815,180.8,6.34734e+06,130.261,164.86,26550
2014-08-10,138.315,297.294,180.326,746.153,203.122,6.34709e+06,146.344,157.021,26550
2014-08-17,155.355,333.914,202.548,952.085,228.154,6.34681e+06,164.378,174.461,26550
2014-08-24,174.491,375.039,227.502,1183.39,256.259,6.34649e+06,184.628,212.524,26550
2014-08-31,195.979,421.219,255.524,1443.19,287.821,6.34613e+06,207.367,225.601,26550
2014-09-07,220.108,473.071,286.99,1734.99,323.262,6.34573e+06,232.901,295.747,26550
2014-09-14,247.201,531.29,322.322,2062.71,363.056,6.34529e+06,261.572,175.195,26550
2014-09-21,277.618,596.651,361.993,2430.77,407.736,6.34478e+06,293.762,294.924,26550
2014-09-28,311.767,670.027,406.533,2844.13,457.899,6.34422e+06,329.903,295.071,26550
2014-07-13,117.017,256.576,157.113,164.922,170.526,6.34775e+06,78.5935,75.7836,26600
2014-07-20,135.637,296.28,175.263,343.055,196.284,6.3475e+06,90.4649,89.7714,26600
2014-07-27,156.082,339.961,200.164,544.768,226.614,6.34721e+06,104.444,96.2518,26600
2014-08-03,179.145,389.946,229.517,775.757,260.342,6.34688e+06,119.989,122.94,26600
2014-08-10,205.514,447.294,263.289,1040.7,298.714,6.34649e+06,137.674,112.937,26600
2014-08-17,235.743,513.075,302.027,1344.62,342.664,6.34605e+06,157.93,155.479,26600
2014-08-24,270.409,588.51,346.451,1693.26,393.059,6.34555e+06,181.156,213.866,26600
2014-08-31,310.161,675.008,397.394,2093.17,450.85,6.34497e+06,207.791,167.226,26600
2014-09-07,355.741,774.183,455.81,2551.87,517.116,6.34431e+06,238.333,213.559,26600
2014-09-14,407.998,887.879,522.788,3077.98,593.094,6.34355e+06,273.35,295.673,26600
2014-09-21,467.904,1018.21,599.577,3681.39,680.198,6.34268e+06,313.495,390.735,26600
2014-09-28,536.571,1167.58,687.603,4373.41,780.045,6.34168e+06,359.513,295.424,26600
2014-07-13,68.5542,151.845,91.254,95.4878,99.1381,6.34804e+06,66.1708,55.1243,26650
2014-07-20,80.8092,178.198,103.139,199.603,116,6.34789e+06,77.4257,71.9139,26650
2014-07-27,94.4801,207.699,119.622,319.24,136.12,6.34771e+06,90.8548,80.3465,26650
2014-08-03,110.158,242.005,139.331,458.396,158.865,6.3475e+06,106.036,127.003,26650
2014-08-10,128.373,281.991,162.362,620.53,185.165,6.34726e+06,123.59,92.1033,26650
2014-08-17,149.587,328.587,189.199,809.464,215.771,6.34697e+06,144.019,136.246,26650
2014-08-24,174.303,382.874,220.465,1029.62,251.426,6.34664e+06,167.817,250.804,26650
2014-08-31,203.098,446.118,256.891,1286.16,292.965,6.34626e+06,195.543,168.213,26650
2014-09-07,236.643,519.791,299.328,1585.08,341.358,6.34581e+06,227.843,242.183,26650
2014-09-14,275.719,605.608,348.764,1933.38,397.731,6.34529e+06,265.47,197.451,26650
2014-09-21,321.234,705.561,406.35,2339.19,463.397,6.34468e+06,309.299,271.807,26650
2014-09-28,374.244,821.968,473.423,2812,539.88,6.34397e+06,360.349,372.432,26650
2014-07-13,84.463,184.194,113.923,119.785,123.588,6.34795e+06,77.3458,66.4515,26700
2014-07-20,97.0308,210.874,126.207,248.523,141.022,6.34777e+06,88.2566,120.209,26700
2014-07-27,110.716,239.958,142.965,393.176,161.41,6.34756e+06,101.016,101.909,26700
2014-08-03,126.02,272.96,162.57,557.456,183.886,6.34733e+06,115.082,68.6337,26700
2014-08-10,143.372,310.511,184.945,744.321,209.239,6.34707e+06,130.949,137.692,26700
2014-08-17,163.099,353.23,210.399,956.904,238.037,6.34677e+06,148.972,207.675,26700
2014-08-24,185.537,401.818,239.349,1198.74,270.787,6.34642e+06,169.468,199.754,26700
2014-08-31,211.056,457.077,272.275,1473.85,308.035,6.34604e+06,192.779,190.255,26700
2014-09-07,240.078,519.919,309.722,1786.8,350.398,6.34559e+06,219.291,254.632,26700
2014-09-14,273.081,591.379,352.309,2142.79,398.573,6.34509e+06,249.441,313.627,26700
2014-09-21,310.609,672.634,400.737,2547.72,453.356,6.34452e+06,283.726,342.848,26700
2014-09-28,353.279,765.016,455.805,3008.3,515.648,6.34387e+06,322.71,291.064,26700
2014-07-13,96.641,208.44,131.552,138.78,142.57,6.34787e+06,92.1099,72.6005,26750
2014-07-20,109.031,234.507,143.727,286.458,159.854,6.34768e+06,103.277,89.029,26750
2014-07-27,122.296,262.395,160.148,449.824,179.787,6.34746e+06,116.155,144.734,26750
2014-08-03,136.871,293.497,179.071,632.278,201.377,6.34721e+06,130.103,92.9682,26750
2014-08-10,153.115,328.296,200.313,836.348,225.311,6.34693e+06,145.567,153.207,26750
2014-08-17,171.273,367.221,224.074,1064.63,252.038,6.34662e+06,162.834,119.468,26750
2014-08-24,191.579,410.753,250.646,1319.98,281.924,6.34628e+06,182.142,140.653,26750
2014-08-31,214.287,459.433,280.362,1605.61,315.345,6.34589e+06,203.734,242.696,26750
2014-09-07,239.68,513.867,313.592,1925.09,352.718,6.34546e+06,227.88,281.4,26750
2014-09-14,268.074,574.73,350.751,2282.44,394.509,6.34497e+06,254.88,276.654,26750
2014-09-21,299.821,642.778,392.3,2682.13,441.237,6.34443e+06,285.069,426.374,26750
2014-09-28,335.313,718.851,438.754,3129.16,493.48,6.34383e+06,318.822,224.269,26750
2014-07-13,136.586,296.853,184.75,194.455,200.361,6.34764e+06,88.7562,91.7956,26800
2014-07-20,156.037,338.03,203.793,402.803,227.391,6.34735e+06,100.73,102.841,26800
2014-07-27,177.104,382.654,229.679,635.779,258.863,6.34702e+06,114.671,89.5386,26800
2014-08-03,200.536,433.015,259.821,899.004,293.367,6.34666e+06,129.956,133.242,26800
2014-08-10,226.959,490.015,294.043,1196.86,332.076,6.34624e+06,147.103,171.919,26800
2014-08-17,256.839,554.514,332.767,1533.94,375.809,6.34577e+06,166.476,174.14,26800
2014-08-24,290.643,627.482,376.577,1915.41,425.279,6.34524e+06,188.39,200.754,26800
2014-08-31,328.882,710.022,426.137,2347.09,481.242,6.34464e+06,213.181,242.623,26800
2014-09-07,372.136,803.38,482.199,2835.58,544.546,6.34396e+06,241.224,161.741,26800
2014-09-14,421.057,908.962,545.611,3388.31,616.148,6.34319e+06,272.942,279.45,26800
2014-09-21,476.381,1028.36,617.33,4013.72,697.126,6.34231e+06,308.814,235.73,26800
2014-09-28,538.939,1163.35,698.434,4721.32,788.698,6.34133e+06,349.378,341.429,26800
2014-07-13,74.55,164.144,99.7411,104.564,108.298,6.34801e+06,75.8565,65.5416,26850
2014-07-20,87.0112,190.808,111.863,217.941,125.498,6.34784e+06,87.9041,93.9179,26850
2014-07-27,100.783,220.355,128.567,347.099,145.862,6.34765e+06,102.168,71.5878,26850
2014-08-03,116.426,254.391,148.373,495.954,168.662,6.34743e+06,118.138,153.082,26850
2014-08-10,134.429,293.698,171.309,667.795,194.776,6.34718e+06,136.429,145.108,26850
2014-08-17,155.204,339.08,197.788,866.199,224.883,6.34689e+06,157.517,163.082,26850
2014-08-24,179.185,391.467,228.354,1095.27,259.634,6.34656e+06,181.858,179.05,26850
2014-08-31,206.866,451.935,263.637,1359.73,299.747,6.34617e+06,209.955,314.642,26850
2014-09-07,238.816,521.726,304.363,1665.05,346.048,6.34572e+06,242.386,264.613,26850
2014-09-14,275.691,602.273,351.369,2017.53,399.488,6.3452e+06,279.817,257.328,26850
2014-09-21,318.248,695.223,405.62,2424.45,461.163,6.34461e+06,323.017,241.26,26850
2014-09-28,367.356,802.479,468.228,2894.17,532.337,6.34392e+06,372.87,409.095,26850
2014-07-13,102.209,227.313,135.577,141.684,147.347,6.34784e+06,74.2422,68.469,26900
2014-07-20,121.299,268.503,154.053,296.766,173.559,6.34761e+06,87.4493,80.9032,26900
2014-07-27,142.732,314.936,179.79,476.03,205,6.34734e+06,103.292,127.071,26900
2014-08-03,167.472,369.278,210.741,685.858,240.779,6.34702e+06,121.319,134.106,26900
2014-08-10,196.399,433.014,247.132,931.885,282.418,6.34664e+06,142.299,146.418,26900
2014-08-17,230.302,507.749,289.802,1220.39,331.18,6.3462e+06,166.868,112.063,26900
2014-08-24,270.046,595.363,339.826,1558.71,388.341,6.34569e+06,195.67,224.088,26900
2014-08-31,316.638,698.063,398.469,1955.42,455.351,6.34508e+06,229.433,379.872,26900
2014-09-07,371.25,818.437,467.213,2420.58,533.9,6.34437e+06,269.011,320.377,26900
2014-09-14,435.256,959.508,547.788,2965.97,625.967,6.34354e+06,315.4,284.681,26900
2014-09-21,510.265,1124.81,642.222,3605.4,733.865,6.34257e+06,369.765,460.083,26900
2014-09-28,598.153,1318.49,752.884,4355.03,860.299,6.34143e+06,433.471,488.475,26900
2014-07-13,109.361,230.563,151.653,161.042,164.026,6.3478e+06,109.525,113.726,26950
2014-07-20,118.904,250.277,161.134,329.052,177.491,6.34759e+06,118.516,124.005,26950
2014-07-27,128.777,270.573,173.631,509.144,192.589,6.34737e+06,128.598,175.928,26950
2014-08-03,139.242,292.422,187.597,703.543,208.366,6.34713e+06,139.132,81.6314,26950
2014-08-10,150.502,316.04,202.757,913.628,225.245,6.34687e+06,150.403,186.38,26950
2014-08-17,162.66,341.565,219.143,1140.69,243.449,6.34659e+06,162.558,131.3,26950
2014-08-24,175.797,369.147,236.846,1386.1,263.113,6.34628e+06,175.689,207.553,26950
2014-08-31,189.991,398.946,255.974,1651.33,284.36,6.34595e+06,189.876,166.406,26950
2014-09-07,205.326,431.141,276.64,1937.98,307.315,6.3456e+06,205.204,144.053,26950
2014-09-14,221.893,465.921,298.968,2247.77,332.116,6.34522e+06,221.764,193.643,26950
2014-09-21,239.791,503.492,323.09,2582.56,358.909,6.3448e+06,239.654,274.349,26950
2014-09-28,259.124,544.077,349.148,2944.35,387.852,6.34435e+06,258.981,205.867,26950
2014-07-13,115.973,252.459,156.659,164.809,169.921,6.34776e+06,85.0699,80.6147,27000
2014-07-20,132.838,288.209,173.158,341.648,193.338,6.34751e+06,96.7935,85.3798,27000
2014-07-27,151.151,327.059,195.622,539.843,220.66,6.34724e+06,110.472,68.6429,27000
2014-08-03,171.571,371.016,221.839,764.318,250.691,6.34692e+06,125.507,112.867,27000
2014-08-10,194.657,420.892,251.677,1018.95,284.47,6.34656e+06,142.418,195.252,27000
2014-08-17,220.83,477.472,285.526,1307.83,322.729,6.34616e+06,161.572,210.075,27000
2014-08-24,250.513,541.643,323.915,1635.56,366.116,6.3457e+06,183.293,208.02,27000
2014-08-31,284.177,614.415,367.453,2007.34,415.321,6.34518e+06,207.928,215.434,27000
2014-09-07,322.352,696.935,416.828,2429.09,471.123,6.34458e+06,235.864,260.767,27000
2014-09-14,365.639,790.5,472.818,2907.5,534.399,6.34391e+06,267.543,280.769,27000
2014-09-21,414.717,896.576,536.305,3450.16,606.145,6.34315e+06,303.462,206.779,27000
2014-09-28,470.355,1016.82,608.283,4065.66,687.485,6.34229e+06,344.184,360.162,27000
2014-07-13,99.8177,218.677,134.116,140.82,145.555,6.34786e+06,82.7113,59.8413,27050
2014-07-20,115.538,252.176,149.447,292.801,167.311,6.34764e+06,95.074,102.705,27050
2014-07-27,132.777,288.976,170.461,464.689,192.902,6.34739e+06,109.616,116.381,27050
2014-08-03,152.197,331.034,195.203,661.269,221.322,6.34711e+06,125.765,100.847,27050
2014-08-10,174.373,379.226,223.634,886.449,253.611,6.34679e+06,144.114,211.03,27050
2014-08-17,199.762,434.433,256.204,1144.43,290.548,6.34642e+06,165.103,200.374,27050
2014-08-24,228.842,497.665,293.507,1439.97,332.847,6.34599e+06,189.139,111.826,27050
2014-08-31,262.146,570.08,336.231,1778.54,381.294,6.3455e+06,216.669,212.524,27050
2014-09-07,300.285,653.005,385.161,2166.39,436.776,6.34495e+06,248.197,297.258,27050
2014-09-14,343.959,747.959,441.194,2610.67,500.312,6.34431e+06,284.301,342.137,27050
2014-09-21,393.965,856.674,505.357,3119.57,573.064,6.34357e+06,325.642,442.202,27050
2014-09-28,451.217,981.131,578.821,3702.46,656.361,6.34274e+06,372.974,374.338,27050
2014-07-13,97.8646,211.289,133.108,140.379,144.269,6.34787e+06,83.4343,83.987,27100
2014-07-20,110.591,238.087,145.608,289.893,162.014,6.34767e+06,93.6967,65.3415,27100
2014-07-27,124.237,266.803,162.484,455.52,182.503,6.34744e+06,105.546,69.0961,27100
2014-08-03,139.255,298.88,181.958,640.778,204.732,6.34719e+06,118.402,146.34,27100
2014-08-10,156.018,334.823,203.851,848.298,229.413,6.34691e+06,132.675,60.7924,27100
2014-08-17,174.784,375.09,228.377,1080.79,257.015,6.34659e+06,148.638,192.204,27100
2014-08-24,195.803,420.19,255.846,1341.24,287.926,6.34624e+06,166.515,180.602,27100
2014-08-31,219.343,470.7,286.612,1633.02,322.546,6.34584e+06,186.536,242.387,27100
2014-09-07,245.707,527.265,321.069,1959.89,361.319,6.3454e+06,208.96,231.038,27100
2014-09-14,275.23,590.606,359.656,2326.04,404.74,6.3449e+06,234.071,262.001,27100
2014-09-21,308.289,661.531,402.868,2736.19,453.364,6.34434e+06,262.191,204.379,27100
2014-09-28,345.305,740.94,451.255,3195.61,507.808,6.34372e+06,293.678,251.451,27100
2014-07-13,140.922,304.92,191.322,201.642,207.406,6.34761e+06,83.2377,112.158,27150
2014-07-20,159.821,344.783,209.866,416.827,233.728,6.34732e+06,93.8016,68.3234,27150
2014-07-27,180.152,387.657,234.956,655.941,264.204,6.34699e+06,106.032,70.6053,27150
2014-08-03,202.603,435.709,263.994,924.284,297.38,6.34662e+06,119.347,81.2185,27150
2014-08-10,227.746,489.727,296.742,1225.87,334.339,6.34621e+06,134.179,82.121,27150
2014-08-17,255.986,550.438,333.549,1564.88,375.81,6.34575e+06,150.823,93.8502,27150
2014-08-24,287.717,618.654,374.907,1945.92,422.401,6.34522e+06,169.521,77.9634,27150
2014-08-31,323.369,695.296,421.376,2374.2,474.751,6.34464e+06,190.53,147.46,27150
2014-09-07,363.422,781.396,473.586,2855.56,533.567,6.34398e+06,214.135,137.109,27150
2014-09-14,408.417,878.111,532.241,3396.55,599.641,6.34323e+06,240.652,254.571,27150
2014-09-21,458.956,986.739,598.13,4004.52,673.863,6.3424e+06,270.439,468.949,27150
2014-09-28,515.718,1108.73,672.137,4687.74,757.226,6.34147e+06,303.895,348.887,27150
2014-07-13,88.2361,193.202,118.608,124.557,128.718,6.34793e+06,80.0481,59.8072,27200
2014-07-20,102.044,222.613,132.077,258.92,147.832,6.34773e+06,91.9348,59.3347,27200
2014-07-27,117.173,254.894,150.528,410.768,170.3,6.34752e+06,105.908,99.9574,27200
2014-08-03,134.203,291.756,172.238,584.29,195.231,6.34727e+06,121.412,70.8451,27200
2014-08-10,153.633,333.961,197.165,782.897,223.534,6.34698e+06,139.013,112.262,27200
2014-08-17,175.861,382.274,225.699,1010.25,255.885,6.34666e+06,159.131,243.366,27200
2014-08-24,201.301,437.565,258.354,1270.5,292.904,6.34628e+06,182.153,168.559,27200
2014-08-31,230.414,500.839,295.725,1568.39,335.269,6.34585e+06,208.5,28.4538,27200
2014-09-07,263.729,573.242,338.492,1909.38,383.751,6.34537e+06,238.65,253.819,27200
2014-09-14,301.849,656.085,387.431,2299.67,439.228,6.3448e+06,273.151,209.097,27200
2014-09-21,345.465,750.866,443.428,2746.38,502.705,6.34416e+06,312.626,421.995,27200
2014-09-28,395.363,859.292,507.495,3257.64,575.33,6.34343e+06,357.79,452.032,27200
2014-07-13,159.852,349.97,214.897,225.683,233.212,6.3475e+06,85.7235,77.2338,27250
2014-07-20,184.828,403.16,239.262,469.108,267.789,6.34715e+06,98.4334,122.384,27250
2014-07-27,212.185,461.522,272.634,744.16,308.425,6.34676e+06,113.37,147.745,27250
2014-08-03,242.97,528.144,311.888,1058.41,353.5,6.34631e+06,129.939,149.353,27250
2014-08-10,278.082,604.397,356.946,1418,404.654,6.34579e+06,148.742,175.294,27250
2014-08-17,318.235,691.646,408.505,1829.55,463.102,6.3452e+06,170.226,198.14,27250
2014-08-24,364.17,791.457,467.487,2300.52,529.959,6.34453e+06,194.801,136.912,27250
2014-08-31,416.713,905.62,534.96,2839.49,606.438,6.34375e+06,222.913,263.383,27250
2014-09-07,476.808,1036.18,612.138,3456.23,693.915,6.34287e+06,255.068,210.752,27250
2014-09-14,545.534,1185.49,700.407,4161.92,793.961,6.34186e+06,291.842,218.259,27250
2014-09-21,624.116,1356.18,801.348,4969.34,908.364,6.3407e+06,333.894,303.339,27250
2014-09-28,713.955,1551.31,916.763,5893.09,1039.17,6.33937e+06,381.974,379.868,27250
2014-07-13,127.323,277.825,171.647,180.446,186.219,6.34769e+06,83.4481,126.316,27300
2014-07-20,146.41,318.366,190.298,374.484,212.689,6.34742e+06,95.3101,14.354,27300
2014-07-27,167.212,362.599,215.756,592.692,243.667,6.34711e+06,109.192,141.599,27300
2014-08-03,190.496,412.832,245.564,840.731,277.847,6.34676e+06,124.509,149.755,27300
2014-08-10,216.917,470.038,279.611,1123.12,316.436,6.34636e+06,141.801,168.457,27300
2014-08-17,246.98,535.167,318.373,1444.66,360.304,6.3459e+06,161.459,234.789,27300
2014-08-24,281.198,609.301,362.495,1810.77,410.231,6.34539e+06,183.832,205.381,27300
2014-08-31,320.145,693.675,412.716,2227.61,467.058,6.3448e+06,209.298,275.997,27300
2014-09-07,364.47,789.694,469.875,2702.19,531.736,6.34412e+06,238.281,202.029,27300
2014-09-14,414.911,898.954,534.925,3242.48,605.341,6.34336e+06,271.265,382.072,27300
2014-09-21,472.305,1023.27,608.948,3857.55,689.097,6.34249e+06,308.798,346.979,27300
2014-09-28,537.603,1164.69,693.174,4557.72,784.393,6.3415e+06,351.501,504.661,27300
2014-07-13,107.582,237.187,143.773,150.662,156.127,6.34781e+06,75.9232,73.563,27350
2014-07-20,125.839,276.295,161.521,314.224,181.31,6.34757e+06,88.1698,109.798,27350
2014-07-27,146.058,319.728,186.013,500.909,211.177,6.3473e+06,102.694,71.0481,27350
2014-08-03,169.07,369.861,215.106,716.501,244.685,6.34698e+06,118.988,113.443,27350
2014-08-10,195.609,427.871,248.861,965.888,283.142,6.34661e+06,137.69,112.255,27350
2014-08-17,226.294,494.977,287.909,1254.41,327.568,6.34619e+06,159.294,162.508,27350
2014-08-24,261.782,572.591,333.07,1588.19,378.946,6.34569e+06,184.278,174.362,27350
2014-08-31,302.825,662.347,385.302,1974.33,438.366,6.34513e+06,213.174,163.733,27350
2014-09-07,350.287,766.136,445.706,2421.01,507.083,6.34447e+06,246.59,275.459,27350
2014-09-14,405.167,886.139,515.557,2937.7,586.543,6.34371e+06,285.231,214.156,27350
2014-09-21,468.617,1024.87,596.322,3535.35,678.418,6.34282e+06,329.909,329.612,27350
2014-09-28,541.967,1185.24,689.698,4226.61,784.633,6.34181e+06,381.561,445.536,27350
2014-07-13,71.5673,156.226,96.4496,101.382,104.641,6.34802e+06,84.7057,108.312,27400
2014-07-20,82.3506,179.137,106.984,210.439,119.592,6.34787e+06,96.8081,112.101,27400
2014-07-27,94.1103,204.154,121.37,333.152,137.098,6.3477e+06,110.979,112.252,27400
2014-08-03,107.283,232.586,138.224,472.726,156.429,6.3475e+06,126.627,106.942,27400
2014-08-10,122.242,264.988,157.488,631.73,178.268,6.34727e+06,144.306,146.364,27400
2014-08-17,139.275,301.906,179.437,812.895,203.114,6.34702e+06,164.418,164.866,27400
2014-08-24,158.678,343.963,204.44,1019.31,231.413,6.34672e+06,187.326,162.552,27400
2014-08-31,180.78,391.868,232.921,1254.47,263.65,6.34639e+06,213.421,202.965,27400
2014-09-07,205.956,446.434,265.363,1522.4,300.37,6.34601e+06,243.145,281.658,27400
2014-09-14,234.631,508.581,302.317,1827.65,342.196,6.34558e+06,277.002,268.47,27400
2014-09-21,267.29,579.359,344.406,2175.39,389.833,6.34508e+06,315.564,277.315,27400
2014-09-28,304.483,659.961,392.341,2571.54,444.086,6.34452e+06,359.481,418.328,27400
2014-07-13,153.81,335.117,207.616,218.359,225.211,6.34754e+06,84.7224,60.8008,27450
2014-07-20,176.43,383.1,229.737,452.845,256.606,6.34721e+06,96.5329,94.6913,27450
2014-07-27,201.024,435.318,259.881,715.974,293.274,6.34684e+06,110.327,107.537,27450
2014-08-03,228.485,494.477,295.102,1014.39,333.634,6.34642e+06,125.51,80.1209,27450
2014-08-10,259.57,561.687,335.237,1353.34,379.089,6.34594e+06,142.61,152.045,27450
2014-08-17,294.856,638.023,380.824,1738.39,430.639,6.3454e+06,162.003,206.725,27450
2014-08-24,334.924,724.706,432.591,2175.8,489.169,6.34478e+06,184.021,211.428,27450
2014-08-31,380.419,823.124,491.372,2672.64,555.629,6.34408e+06,209.023,181.463,27450
2014-09-07,432.071,934.854,558.113,3236.99,631.088,6.34329e+06,237.41,185.861,27450
2014-09-14,490.707,1061.68,633.884,3877.97,716.754,6.34239e+06,269.636,287.644,27450
2014-09-21,557.262,1205.63,719.898,4605.95,813.995,6.34136e+06,306.218,297.084,27450
2014-09-28,632.795,1368.97,817.526,5432.69,924.362,6.3402e+06,347.737,248.942,27450
2014-07-13,108.497,236.541,146.374,153.919,158.788,6.3478e+06,85.6021,87.9131,27500
2014-07-20,124.584,270.685,162.1,319.3,181.108,6.34757e+06,97.6344,93.4807,27500
2014-07-27,142.093,307.885,183.547,505.053,207.199,6.34731e+06,111.7,87.0096,27500
2014-08-03,161.665,350.076,208.628,715.92,235.948,6.34701e+06,127.199,148.472,27500
2014-08-10,183.844,398.06,237.239,955.672,268.363,6.34668e+06,144.673,142.48,27500
2014-08-17,209.048,452.621,269.771,1228.3,305.163,6.34629e+06,164.512,188.798,27500
2014-08-24,237.699,514.647,306.754,1538.31,346.993,6.34585e+06,187.063,241.262,27500
2014-08-31,270.268,585.152,348.794,1890.82,394.545,6.34535e+06,212.698,210.227,27500
2014-09-07,307.289,665.288,396.583,2291.63,448.597,6.34479e+06,241.837,240.43,27500
2014-09-14,349.366,756.364,450.902,2747.34,510.034,6.34415e+06,274.957,263.552,27500
2014-09-21,397.184,859.863,512.639,3265.46,579.857,6.34341e+06,312.599,334.433,27500
2014-09-28,451.522,977.466,582.798,3854.51,659.205,6.34258e+06,355.375,202.353,27500
2014-07-13,124.26,270.866,167.661,176.31,181.877,6.34771e+06,91.0664,88.371,27550
2014-07-20,142.649,309.89,185.638,365.725,207.392,6.34745e+06,103.842,146.357,27550
2014-07-27,162.658,352.395,210.151,578.425,237.213,6.34715e+06,118.773,142.558,27550
2014-08-03,185.018,400.589,238.812,819.828,270.064,6.34681e+06,135.222,146.58,27550
2014-08-10,210.351,455.388,271.498,1094.23,307.092,6.34642e+06,153.762,195.008,27550
2014-08-17,239.13,517.68,308.654,1406.2,349.119,6.34598e+06,174.805,114.133,27550
2014-08-24,271.837,588.474,350.881,1760.85,396.877,6.34548e+06,198.717,122.861,27550
2014-08-31,309.007,668.922,398.871,2164.01,451.152,6.34491e+06,225.893,179.946,27550
2014-09-07,351.243,760.332,453.406,2622.3,512.828,6.34426e+06,256.774,226.038,27550
2014-09-14,399.233,864.188,515.375,3143.24,582.909,6.34353e+06,291.864,296.071,27550
2014-09-21,453.754,982.171,585.783,3735.37,662.533,6.34269e+06,331.732,453.907,27550
2014-09-28,515.688,1116.18,665.772,4408.37,752.988,6.34174e+06,377.023,375.818,27550
2014-07-13,138.32,301.161,186.815,196.523,202.635,6.34763e+06,89.5579,104.737,27600
2014-07-20,158.483,343.909,206.539,407.428,230.629,6.34733e+06,101.93,80.4137,27600
2014-07-27,180.383,390.376,233.4,643.865,263.297,6.347e+06,116.369,147.835,27600
2014-08-03,204.809,442.964,264.754,911.727,299.216,6.34663e+06,132.244,101.36,27600
2014-08-10,232.431,502.649,300.447,1215.66,339.627,6.3462e+06,150.104,139.925,27600
2014-08-17,263.753,570.37,340.948,1560.57,385.409,6.34571e+06,170.338,207.127,27600
2014-08-24,299.285,647.193,386.892,1951.96,437.338,6.34516e+06,193.289,231.077,27600
2014-08-31,339.589,734.33,439.009,2396.09,496.244,6.34454e+06,219.324,168.274,27600
2014-09-07,385.303,833.158,498.125,2900.03,563.059,6.34383e+06,248.854,270.105,27600
2014-09-14,437.147,945.23,565.175,3471.82,638.838,6.34303e+06,282.346,268.705,27600
2014-09-21,495.937,1072.31,641.214,4120.56,724.774,6.34212e+06,320.327,429.414,27600
2014-09-28,562.594,1216.38,727.437,4856.55,822.217,6.34109e+06,363.393,495.147,27600
2014-07-13,156.368,341.39,210.707,221.471,228.606,6.34752e+06,87.8541,86.1053,27650
2014-07-20,179.971,391.541,233.764,459.744,261.33,6.34718e+06,100.43,118.265,27650
2014-07-27,205.714,446.309,265.254,727.904,299.65,6.3468e+06,115.157,106.5,27650
2014-08-03,234.553,508.556,302.15,1032.98,341.968,6.34637e+06,131.419,157.348,27650
2014-08-10,267.302,579.497,344.324,1380.58,389.782,6.34588e+06,149.795,121.324,27650
2014-08-17,304.594,660.324,392.378,1776.71,444.178,6.34532e+06,170.699,199.85,27650
2014-08-24,347.073,752.394,447.117,2228.1,506.135,6.34468e+06,194.509,153.143,27650
2014-08-31,395.457,857.256,509.468,2742.46,576.707,6.34395e+06,221.631,151.958,27650
2014-09-07,450.561,976.674,580.485,3328.53,657.086,6.34311e+06,252.52,288.622,27650
2014-09-14,513.311,1112.65,661.363,3996.27,748.622,6.34217e+06,287.698,318.926,27650
2014-09-21,584.758,1267.46,753.46,4757.03,852.852,6.34109e+06,327.754,309.439,27650
2014-09-28,666.094,1443.68,858.319,5623.69,971.519,6.33986e+06,373.358,232.774,27650
2014-07-13,106.387,231.842,143.578,150.997,155.748,6.34782e+06,83.0839,59.6311,27700
2014-07-20,122.076,265.131,158.918,313.178,177.521,6.34759e+06,94.6985,72.7969,27700
2014-07-27,139.141,301.373,179.83,495.225,202.959,6.34733e+06,108.268,91.856,27700
2014-08-03,158.204,342.45,204.271,701.754,230.97,6.34704e+06,123.211,106.905,27700
2014-08-10,179.792,389.138,232.134,936.422,262.531,6.34671e+06,140.047,166.735,27700
2014-08-17,204.309,442.191,263.796,1203.1,298.34,6.34634e+06,159.149,137.028,27700
2014-08-24,232.161,502.464,299.767,1506.14,339.016,6.34591e+06,180.848,207.966,27700
2014-08-31,263.802,570.933,340.631,1850.51,385.226,6.34542e+06,205.499,252.473,27700
2014-09-07,299.744,648.706,387.053,2241.81,437.72,6.34487e+06,233.502,201.039,27700
2014-09-14,340.569,737.041,439.784,2686.42,497.348,6.34425e+06,265.31,264.173,27700
2014-09-21,386.936,837.36,499.677,3191.6,565.073,6.34353e+06,301.438,348.633,27700
2014-09-28,439.592,951.279,567.7,3765.57,641.988,6.34273e+06,342.468,357.775,27700
2014-07-13,96.1712,208.576,130.313,137.247,141.298,6.34788e+06,75.8511,68.6113,27750
2014-07-20,109.487,236.716,143.363,284.018,159.821,6.34768e+06,85.7946,85.7763,27750
2014-07-27,123.863,267.104,161.064,447.649,181.332,6.34745e+06,97.3417,83.6345,27750
2014-08-03,139.799,301.29,181.616,631.934,204.837,6.3472e+06,109.96,103.448,27750
2014-08-10,157.713,339.861,204.877,839.794,231.121,6.34691e+06,124.07,134.739,27750
2014-08-17,177.907,383.371,231.117,1074.28,260.723,6.34658e+06,139.96,61.366,27750
2014-08-24,200.682,432.442,260.71,1338.79,294.104,6.34622e+06,157.879,132.049,27750
2014-08-31,226.367,487.78,294.084,1637.16,331.749,6.3458e+06,178.088,157.735,27750
2014-09-07,255.33,550.181,331.72,1973.73,374.202,6.34534e+06,200.878,191.395,27750
2014-09-14,287.99,620.541,374.162,2353.36,422.074,6.34481e+06,226.576,353.275,27750
2014-09-21,324.814,699.87,422.018,2781.56,476.052,6.34422e+06,255.552,243.826,27750
2014-09-28,366.33,789.302,475.975,3264.51,536.911,6.34355e+06,288.223,341.389,27750
2014-07-13,106.998,230.594,145.745,153.789,157.941,6.34781e+06,106.331,154.779,27800
2014-07-20,120.558,259.106,159.077,317.324,176.866,6.34759e+06,119.073,110.933,27800
2014-07-27,135.059,289.567,177.042,498.028,198.669,6.34735e+06,133.751,178.744,27800
2014-08-03,150.972,323.497,197.721,699.605,222.255,6.34708e+06,149.63,89.4372,27800
2014-08-10,168.684,361.412,220.906,924.789,248.369,6.34677e+06,167.211,152.693,27800
2014-08-17,188.458,403.771,246.809,1176.38,277.493,6.34643e+06,186.818,110.868,27800
2014-08-24,210.544,451.085,275.741,1457.46,310.018,6.34606e+06,208.715,263.226,27800
2014-08-31,235.213,503.927,308.056,1771.5,346.347,6.34563e+06,233.173,176.177,27800
2014-09-07,262.764,562.942,344.148,2122.33,386.921,6.34516e+06,260.489,318.038,27800
2014-09-14,293.531,628.843,384.456,2514.25,432.233,6.34463e+06,290.995,353.78,27800
2014-09-21,327.888,702.43,429.469,2952.07,482.835,6.34404e+06,325.061,449.891,27800
2014-09-28,366.25,784.591,479.733,3441.15,539.337,6.34338e+06,363.101,453.156,27800
2014-07-13,76.499,168.037,102.555,107.593,111.329,6.348e+06,80.7693,74.0275,27850
2014-07-20,88.9365,194.598,114.667,223.997,128.517,6.34783e+06,93.2396,89.0099,27850
2014-07-27,102.632,223.911,131.318,356.153,148.805,6.34764e+06,107.959,74.6636,27850
2014-08-03,118.127,257.553,150.995,507.909,171.433,6.34742e+06,124.375,118.531,27850
2014-08-10,135.895,296.262,173.698,682.458,197.253,6.34716e+06,143.107,138.668,27850
2014-08-17,156.324,340.791,199.814,883.253,226.911,6.34687e+06,164.624,173.259,27850
2014-08-24,179.818,392.005,229.851,1114.23,261.018,6.34653e+06,189.369,128.008,27850
2014-08-31,206.839,450.903,264.395,1379.93,300.244,6.34615e+06,217.827,188.839,27850
2014-09-07,237.913,518.633,304.123,1685.56,345.355,6.3457e+06,250.556,184.987,27850
2014-09-14,273.645,596.516,349.81,2037.11,397.232,6.34519e+06,288.192,289.267,27850
2014-09-21,314.732,686.064,402.345,2441.45,456.884,6.34461e+06,331.47,305.425,27850
2014-09-28,361.972,789.015,462.752,2906.52,525.472,6.34393e+06,381.231,329.041,27850
2014-07-13,97.7374,212.834,131.988,138.84,143.166,6.34787e+06,86.2852,57.2746,27900
2014-07-20,112.013,243.104,145.951,287.861,162.985,6.34766e+06,98.2295,113.596,27900
2014-07-27,127.523,276.019,164.971,454.959,186.117,6.34743e+06,112.171,109.492,27900
2014-08-03,144.828,313.282,187.178,644.312,211.56,6.34716e+06,127.506,161.333,27900
2014-08-10,164.402,355.587,212.466,859.218,240.193,6.34686e+06,144.763,140.23,27900
2014-08-17,186.607,403.606,241.17,1103.16,272.643,6.34652e+06,164.32,204.697,27900
2014-08-24,211.805,458.098,273.742,1380.05,309.463,6.34613e+06,186.511,154.988,27900
2014-08-31,240.398,519.931,310.705,1694.33,351.245,6.34568e+06,211.693,188.311,27900
2014-09-07,272.843,590.09,352.647,2051.04,398.656,6.34518e+06,240.267,247.024,27900
2014-09-14,309.654,669.687,400.238,2455.9,452.451,6.34461e+06,272.688,241.061,27900
2014-09-21,351.417,759.986,454.233,2915.39,513.483,6.34397e+06,309.472,321.279,27900
2014-09-28,398.792,862.415,515.49,3436.86,582.722,6.34324e+06,351.202,351.799,27900
2014-07-13,112.931,246.689,152.106,159.85,165.035,6.34778e+06,82.2401,72.6551,27950
2014-07-20,130.093,283.174,168.867,331.912,188.823,6.34754e+06,94.094,88.4826,27950
2014-07-27,148.829,323.057,191.772,525.706,216.7,6.34726e+06,107.986,70.6882,27950
2014-08-03,169.838,368.429,218.631,746.36,247.513,6.34695e+06,123.341,121.684,27950
2014-08-10,193.718,420.186,249.36,997.993,282.362,6.34659e+06,140.706,74.5209,27950
2014-08-17,220.936,479.212,284.406,1284.99,322.046,6.34618e+06,160.482,130.502,27950
2014-08-24,251.97,546.515,324.365,1612.32,367.288,6.34571e+06,183.027,173.146,27950
2014-08-31,287.353,623.246,369.925,1985.63,418.872,6.34518e+06,208.732,168.525,27950
2014-09-07,327.692,710.72,421.869,2411.37,477.683,6.34458e+06,238.039,222.055,27950
2014-09-14,373.676,810.429,481.086,2896.88,544.728,6.34389e+06,271.448,188.884,27950
2014-09-21,426.09,924.075,548.59,3450.53,621.152,6.3431e+06,309.532,340.714,27950
2014-09-28,485.828,1053.59,625.532,4081.85,708.258,6.3422e+06,352.938,375.218,27950
2014-07-13,114.979,248.331,156.336,164.859,169.451,6.34777e+06,91.4595,104.559,28000
2014-07-20,130.01,279.991,171.098,340.503,190.406,6.34753e+06,102.77,100.406,28000
2014-07-27,146.136,313.938,191.035,535.179,214.613,6.34726e+06,115.835,143.06,28000
2014-08-03,163.893,351.879,214.051,753.051,240.889,6.34697e+06,130.017,125.34,28000
2014-08-10,183.725,394.415,239.939,997.242,270.079,6.34663e+06,145.773,153.366,28000
2014-08-17,205.938,442.092,268.957,1270.97,302.743,6.34626e+06,163.402,193.323,28000
2014-08-24,230.83,495.52,301.475,1577.79,339.341,6.34584e+06,183.156,223.131,28000
2014-08-31,258.723,555.387,337.913,1921.7,380.352,6.34538e+06,205.291,272.612,28000
2014-09-07,289.976,622.463,378.743,2307.18,426.305,6.34485e+06,230.094,261.923,28000
2014-09-14,324.992,697.611,424.492,2739.22,477.793,6.34426e+06,257.884,286.039,28000
2014-09-21,364.22,781.794,475.747,3223.44,535.477,6.3436e+06,289.018,265.4,28000
2014-09-28,408.163,876.09,533.167,3766.12,600.097,6.34287e+06,323.896,296.512,28000
2014-07-13,97.9341,212.817,132.485,139.451,143.678,6.34787e+06,77.7426,94.7494,28050
2014-07-20,111.854,242.282,146.114,288.845,163.023,6.34766e+06,88.2097,64.6449,28050
2014-07-27,126.928,274.207,164.638,455.864,185.543,6.34743e+06,100.395,105.505,28050
2014-08-03,143.691,310.231,186.203,644.526,210.228,6.34717e+06,113.752,120.369,28050
2014-08-10,162.59,351,210.685,857.964,237.919,6.34687e+06,128.735,128.366,28050
2014-08-17,183.961,397.126,238.383,1099.46,269.198,6.34653e+06,145.66,137.656,28050
2014-08-24,208.134,449.304,269.715,1372.71,304.577,6.34615e+06,164.803,138.742,28050
2014-08-31,235.478,508.322,305.156,1681.86,344.595,6.34572e+06,186.457,266.368,28050
2014-09-07,266.405,575.072,345.244,2031.64,389.86,6.34523e+06,210.949,203.337,28050
2014-09-14,301.383,650.561,390.585,2427.35,441.055,6.34468e+06,238.65,274.879,28050
2014-09-21,340.939,735.927,441.863,2875.03,498.954,6.34406e+06,269.978,221.524,28050
2014-09-28,385.669,832.453,499.853,3381.46,564.428,6.34335e+06,305.406,380.595,28050
2014-07-13,104.196,224.323,142.05,149.935,153.922,6.34783e+06,87.115,99.2969,28100
2014-07-20,117.203,251.649,154.844,309.226,172.085,6.34762e+06,97.3946,87.4429,28100
2014-07-27,131.09,280.792,172.066,484.986,192.982,6.34738e+06,109.222,88.9072,28100
2014-08-03,146.305,313.203,191.863,680.741,215.552,6.34712e+06,121.996,182.83,28100
2014-08-10,163.213,349.363,214.025,899.078,240.5,6.34682e+06,136.115,194.177,28100
2014-08-17,182.06,389.698,238.747,1142.64,268.28,6.3465e+06,151.838,153.253,28100
2014-08-24,203.079,434.68,266.315,1414.32,299.256,6.34613e+06,169.369,128.668,28100
2014-08-31,226.517,484.842,297.059,1717.38,333.799,6.34572e+06,188.92,225.747,28100
2014-09-07,252.654,540.774,331.343,2055.41,372.319,6.34527e+06,210.721,224.683,28100
2014-09-14,281.796,603.137,369.573,2432.46,415.272,6.34476e+06,235.031,206.074,28100
2014-09-21,314.288,672.665,412.198,2852.99,463.163,6.3442e+06,262.136,260.816,28100
2014-09-28,350.512,750.174,459.723,3322.03,516.557,6.34357e+06,292.355,173.444,28100
2014-07-13,86.5051,189.681,116.142,121.914,126.058,6.34794e+06,81.0138,100.523,28150
2014-07-20,100.276,219.047,129.566,253.598,145.108,6.34775e+06,93.2563,75.9339,28150
2014-07-27,115.398,251.359,147.983,402.721,167.541,6.34753e+06,107.673,116.95,28150
2014-08-03,132.46,288.338,169.695,573.499,192.49,6.34729e+06,123.707,104.025,28150
2014-08-10,151.969,330.77,194.679,769.393,220.877,6.347e+06,141.951,182.081,28150
2014-08-17,174.337,379.448,223.34,994.127,253.395,6.34668e+06,162.85,194.082,28150
2014-08-24,199.992,435.281,256.212,1251.94,290.688,6.34631e+06,186.817,163.536,28150
2014-08-31,229.415,499.313,293.914,1547.7,333.461,6.34588e+06,214.305,185.339,28150
2014-09-07,263.16,572.744,337.155,1886.98,382.515,6.34539e+06,245.831,246.637,28150
2014-09-14,301.856,656.947,386.743,2276.16,438.77,6.34483e+06,281.984,241.565,28150
2014-09-21,346.227,753.494,443.608,2722.57,503.278,6.34418e+06,323.442,212.738,28150
2014-09-28,397.101,864.184,508.81,3234.61,577.243,6.34345e+06,370.977,423.278,28150
2014-07-13,81.3105,174.939,110.91,117.09,120.173,6.34797e+06,90.876,102.718,28200
2014-07-20,91.3636,196.048,120.801,241.414,134.215,6.3478e+06,101.494,134.895,28200
2014-07-27,102.086,218.536,134.108,378.466,150.358,6.34762e+06,113.702,89.803,28200
2014-08-03,113.822,243.521,149.39,530.96,167.776,6.34741e+06,126.874,128.037,28200
2014-08-10,126.852,271.37,166.481,700.878,187.01,6.34718e+06,141.419,100.002,28200
2014-08-17,141.362,302.406,185.529,890.237,208.407,6.34693e+06,157.599,170.873,28200
2014-08-24,157.528,336.986,206.751,1101.26,232.244,6.34665e+06,175.625,169.962,28200
2014-08-31,175.54,375.512,230.395,1336.42,258.801,6.34633e+06,195.708,201.394,28200
2014-09-07,195.607,418.433,256.738,1598.46,288.389,6.34598e+06,218.083,271.805,28200
2014-09-14,217.962,466.246,286.085,1890.47,321.352,6.34559e+06,243.01,252.65,28200
2014-09-21,242.865,519.507,318.779,2215.85,358.073,6.34515e+06,270.778,332.444,28200
2014-09-28,270.605,578.832,355.199,2578.41,398.978,6.34467e+06,301.711,352.794,28200
2014-07-13,99.005,217.363,132.783,139.328,144.137,6.34786e+06,85.4933,66.2253,28250
2014-07-20,115.005,251.516,148.369,289.997,166.255,6.34765e+06,98.6121,109.744,28250
2014-07-27,132.608,289.174,169.782,460.927,192.343,6.3474e+06,114.086,63.7489,28250
2014-08-03,152.508,332.357,195.069,657.055,221.415,6.34711e+06,131.33,99.0795,28250
2014-08-10,175.307,382.003,224.22,882.462,254.559,6.34679e+06,150.989,90.8187,28250
2014-08-17,201.498,439.063,257.727,1141.55,292.599,6.34641e+06,173.552,84.1118,28250
2014-08-24,231.594,504.634,296.23,1439.36,336.307,6.34598e+06,199.477,228.247,28250
2014-08-31,266.177,579.977,340.474,1781.65,386.532,6.34548e+06,229.268,154.598,28250
2014-09-07,305.912,666.54,391.312,2175.05,444.243,6.34491e+06,263.498,318.199,28250
2014-09-14,351.563,765.987,449.723,2627.19,510.549,6.34426e+06,302.827,299.503,28250
2014-09-21,404.007,880.223,516.83,3146.81,586.724,6.3435e+06,348.009,441.968,28250
2014-09-28,464.247,1011.43,593.92,3743.94,674.227,6.34264e+06,399.91,449.946,28250
2014-07-13,116.429,255.427,156.25,163.989,169.599,6.34776e+06,81.6201,90.2602,28300
2014-07-20,135.078,295.212,174.424,341.204,195.389,6.3475e+06,94.0319,111.253,28300
2014-07-27,155.573,339.022,199.372,542.036,225.78,6.34721e+06,108.658,90.2936,28300
2014-08-03,178.713,389.2,228.803,772.212,259.606,6.34688e+06,124.936,139.96,28300
2014-08-10,205.192,446.818,262.693,1036.44,298.122,6.3465e+06,143.473,180.899,28300
2014-08-17,235.574,512.964,301.6,1339.81,342.276,6.34606e+06,164.722,149.01,28300
2014-08-24,270.445,588.883,346.255,1688.11,392.948,6.34556e+06,189.108,224.934,28300
2014-08-31,310.465,676.01,397.506,2087.96,451.105,6.34498e+06,217.096,259.65,28300
2014-09-07,356.393,775.99,456.326,2546.99,517.848,6.34431e+06,249.217,248.813,28300
2014-09-14,409.093,890.708,523.824,3073.93,594.438,6.34355e+06,286.076,281.064,28300
2014-09-21,469.558,1022.32,601.275,3678.8,682.318,6.34268e+06,328.369,330.941,28300
2014-09-28,538.924,1173.29,690.136,4373.08,783.141,6.34167e+06,376.89,481.326,28300
2014-07-13,100.304,219.354,134.971,141.794,146.459,6.34785e+06,79.7935,62.2418,28350
2014-07-20,115.763,252.246,150.059,294.578,167.872,6.34764e+06,91.4596,125.241,28350
2014-07-27,132.667,288.272,170.703,466.937,193.002,6.34739e+06,105.151,91.0928,28350
2014-08-03,151.658,329.329,194.948,663.523,220.831,6.34711e+06,120.313,145.619,28350
2014-08-10,173.282,376.247,222.735,888.097,252.361,6.34679e+06,137.49,137.213,28350
2014-08-17,197.973,429.849,254.48,1144.68,288.329,6.34642e+06,157.086,133.719,28350
2014-08-24,226.175,491.075,290.74,1437.83,329.407,6.346e+06,179.467,199.412,28350
2014-08-31,258.387,561.002,332.156,1772.74,376.327,6.34553e+06,205.03,191.783,28350
2014-09-07,295.176,640.862,379.459,2155.35,429.916,6.34498e+06,234.226,265.736,28350
2014-09-14,337.188,732.056,433.481,2592.45,491.116,6.34435e+06,267.568,260.214,28350
2014-09-21,385.162,836.184,495.174,3091.76,561.003,6.34364e+06,305.644,201.681,28350
2014-09-28,439.936,955.067,565.618,3662.11,640.802,6.34283e+06,349.12,320.507,28350
2014-07-13,92.144,202.634,123.409,129.425,133.981,6.3479e+06,83.3036,81.481,28400
2014-07-20,107.328,235.09,138.188,269.599,154.953,6.3477e+06,96.3427,100.645,28400
2014-07-27,124.076,270.978,158.527,429.002,179.742,6.34747e+06,111.756,124.602,28400
2014-08-03,143.061,312.238,182.602,612.367,207.44,6.3472e+06,128.977,135.543,28400
2014-08-10,164.868,359.796,210.427,823.644,239.102,6.34689e+06,148.663,136.637,28400
2014-08-17,189.983,414.597,242.49,1067.12,275.534,6.34654e+06,171.315,151.08,28400
2014-08-24,218.918,477.733,279.429,1347.68,317.503,6.34613e+06,197.41,238.855,28400
2014-08-31,252.252,550.465,321.985,1670.98,365.854,6.34565e+06,227.472,271.15,28400
2014-09-07,290.651,634.244,371.01,2043.51,421.554,6.34511e+06,262.104,228.577,28400
2014-09-14,334.881,730.742,427.483,2472.75,485.714,6.34448e+06,301.996,435.344,28400
2014-09-21,385.823,841.876,492.531,2967.31,559.615,6.34376e+06,347.944,422.677,28400
2014-09-28,444.489,969.854,567.448,3537.12,644.725,6.34293e+06,400.862,454.219,28400
2014-07-13,100.626,217.363,136.805,144.256,148.283,6.34785e+06,90.7674,109.92,28450
2014-07-20,113.807,245.129,149.749,297.969,166.657,6.34764e+06,102.015,116.958,28450
2014-07-27,127.952,274.911,167.233,468.373,187.887,6.34741e+06,115.01,131.484,28450
2014-08-03,143.532,308.204,187.423,659.121,210.938,6.34715e+06,129.12,104.988,28450
2014-08-10,160.935,345.538,210.137,872.959,236.552,6.34686e+06,144.799,109.207,28450
2014-08-17,180.434,387.396,235.604,1112.71,265.221,6.34653e+06,162.348,244.748,28450
2014-08-24,202.29,434.315,264.15,1381.52,297.351,6.34617e+06,182.016,151.326,28450
2014-08-31,226.788,486.903,296.145,1682.89,333.365,6.34576e+06,204.061,196.373,28450
2014-09-07,254.244,545.84,332.007,2020.76,373.73,6.3453e+06,228.769,300.903,28450
2014-09-14,285.015,611.888,372.199,2399.53,418.969,6.34478e+06,256.461,240.182,28450
2014-09-21,319.497,685.9,417.243,2824.16,469.667,6.3442e+06,287.494,275.198,28450
2014-09-28,358.136,768.829,467.719,3300.16,526.478,6.34356e+06,322.27,361.816,28450
2014-07-13,76.9855,169.417,103.046,108.046,111.881,6.34799e+06,80.1952,95.8323,28500
2014-07-20,89.7755,196.773,115.49,225.141,129.54,6.34782e+06,92.8529,96.7792,28500
2014-07-27,103.899,227.058,132.63,358.434,150.432,6.34763e+06,107.829,120.426,28500
2014-08-03,119.927,261.917,152.938,511.93,173.804,6.3474e+06,124.581,143.666,28500
2014-08-10,138.359,302.14,176.435,688.983,200.551,6.34714e+06,143.753,157.568,28500
2014-08-17,159.611,348.543,203.541,893.239,231.362,6.34685e+06,165.838,147.712,28500
2014-08-24,184.123,402.063,234.805,1128.87,266.896,6.3465e+06,191.309,217.816,28500
2014-08-31,212.394,463.789,270.863,1400.69,307.879,6.3461e+06,220.685,232.106,28500
2014-09-07,244.997,534.973,312.45,1714.25,355.146,6.34564e+06,254.566,235.47,28500
2014-09-14,282.596,617.059,360.41,2075.95,409.656,6.34511e+06,293.638,225.102,28500
2014-09-21,325.951,711.708,415.717,2493.16,472.514,6.3445e+06,338.694,390.176,28500
2014-09-28,375.94,820.833,479.49,2974.38,544.993,6.3438e+06,390.646,298.217,28500
2014-07-13,107.237,232.465,145.365,153.121,157.612,6.34781e+06,91.5515,56.6998,28550
2014-07-20,121.99,263.63,159.827,316.799,178.139,6.34759e+06,103.475,86.5737,28550
2014-07-27,137.906,297.258,179.433,499.156,201.963,6.34734e+06,117.313,117.86,28550
2014-08-03,155.536,335.058,202.182,704.382,227.975,6.34705e+06,132.423,148.333,28550
2014-08-10,175.337,377.676,227.911,935.694,257.041,6.34673e+06,149.307,161.456,28550
2014-08-17,197.644,425.714,256.913,1196.44,289.751,6.34637e+06,168.306,191.821,28550
2014-08-24,222.781,479.851,289.597,1490.37,326.608,6.34597e+06,189.715,175.67,28550
2014-08-31,251.108,540.855,326.428,1821.68,368.142,6.34551e+06,213.841,178.535,28550
2014-09-07,283.027,609.591,367.932,2195.12,414.945,6.34499e+06,241.028,208.869,28550
2014-09-14,318.992,687.035,414.698,2616.03,467.681,6.34441e+06,271.66,268.288,28550
2014-09-21,359.51,774.281,467.389,3090.44,527.098,6.34376e+06,306.173,303.511,28550
2014-09-28,405.155,872.56,526.752,3625.11,594.035,6.34302e+06,345.055,335.202,28550
2014-07-13,129.778,280.114,176.552,186.213,191.352,6.34768e+06,85.542,93.5244,28600
2014-07-20,146.589,315.504,193.068,384.494,214.797,6.34741e+06,96.0226,86.9382,28600
2014-07-27,164.607,353.409,215.358,604.061,241.857,6.34711e+06,108.12,79.3609,28600
2014-08-03,184.427,395.73,241.067,849.551,271.2,6.34678e+06,121.237,174.908,28600
2014-08-10,206.538,443.128,269.957,1124.42,303.763,6.34641e+06,135.794,133.923,28600
2014-08-17,231.28,496.2,302.306,1432.24,340.163,6.34599e+06,152.066,88.9166,28600
2014-08-24,258.977,555.612,338.519,1776.93,380.906,6.34552e+06,170.28,188.728,28600
2014-08-31,289.982,622.116,379.057,2162.91,426.515,6.345e+06,190.669,322.522,28600
2014-09-07,324.685,696.55,424.435,2595.1,477.568,6.34441e+06,213.492,297.205,28600
2014-09-14,363.526,779.854,475.225,3079.02,534.709,6.34375e+06,239.036,293.18,28600
2014-09-21,406.993,873.075,532.069,3620.83,598.659,6.34302e+06,267.624,147.635,28600
2014-09-28,455.633,977.381,595.683,4227.44,670.223,6.34219e+06,299.616,326.856,28600
2014-07-13,79.436,176.476,105.467,110.256,114.611,6.34798e+06,74.3503,74.9378,28650
2014-07-20,94.1047,208.098,119.671,230.814,134.763,6.3478e+06,87.423,66.6037,28650
2014-07-27,110.545,243.68,139.435,369.953,158.902,6.34759e+06,103.082,82.2006,28650
2014-08-03,129.491,285.253,163.166,532.545,186.324,6.34734e+06,120.871,77.8934,28650
2014-08-10,151.607,333.935,191.025,722.869,218.182,6.34705e+06,141.538,119.779,28650
2014-08-17,177.484,390.926,223.637,945.688,255.431,6.34671e+06,165.703,113.437,28650
2014-08-24,207.773,457.632,261.809,1206.54,299.026,6.34632e+06,193.983,195.755,28650
2014-08-31,243.223,535.703,306.486,1511.92,350.051,6.34585e+06,227.084,258.314,28650
2014-09-07,284.711,627.067,358.776,1869.4,409.769,6.34531e+06,265.824,199.714,28650
2014-09-14,333.261,733.978,419.97,2287.86,479.656,6.34467e+06,311.161,299.371,28650
2014-09-21,390.072,859.071,491.581,2777.68,561.436,6.34393e+06,364.213,321.532,28650
2014-09-28,456.539,1005.42,575.372,3351.02,657.124,6.34306e+06,426.287,338.961,28650
2014-07-13,135.338,294.342,182.956,192.528,198.429,6.34764e+06,91.2196,112.669,28700
2014-07-20,154.785,335.535,201.99,398.938,225.444,6.34736e+06,103.639,53.7068,28700
2014-07-27,175.871,380.228,227.881,629.974,256.927,6.34704e+06,118.112,84.8945,28700
2014-08-03,199.349,430.721,258.058,891.278,291.48,6.34667e+06,133.996,125.912,28700
2014-08-10,225.852,487.932,292.354,1187.27,330.288,6.34626e+06,151.836,172.982,28700
2014-08-17,255.856,552.737,331.204,1522.6,374.178,6.34579e+06,172.013,126.733,28700
2014-08-24,289.835,626.129,375.201,1902.48,423.878,6.34526e+06,194.861,159.961,28700
2014-08-31,328.312,709.235,425.026,2332.81,480.161,6.34465e+06,220.735,229.645,28700
2014-09-07,371.882,803.332,481.448,2820.29,543.894,6.34397e+06,250.033,228.57,28700
2014-09-14,421.211,909.863,545.334,3372.46,616.057,6.3432e+06,283.207,312.502,28700
2014-09-21,477.056,1030.46,617.665,3997.88,697.755,6.34233e+06,320.765,221.192,28700
2014-09-28,540.27,1166.95,699.547,4706.24,790.239,6.34134e+06,363.281,417.743,28700
2014-07-13,114.739,248.864,155.463,163.731,168.569,6.34777e+06,85.4188,71.6565,28750
2014-07-20,130.641,282.472,171.048,338.837,190.69,6.34753e+06,96.6279,109.348,28750
2014-07-27,147.811,318.768,192.187,534.077,216.38,6.34726e+06,109.646,130.287,28750
2014-08-03,166.846,359.603,216.734,753.984,244.454,6.34695e+06,123.872,125.245,28750
2014-08-10,188.245,405.679,244.518,1002.05,275.851,6.34661e+06,139.781,130.536,28750
2014-08-17,212.369,457.659,275.863,1281.92,311.212,6.34622e+06,157.7,121.664,28750
2014-08-24,239.578,516.284,311.216,1597.66,351.09,6.34579e+06,177.907,76.4924,28750
2014-08-31,270.264,582.4,351.087,1953.85,396.065,6.34529e+06,200.697,247.009,28750
2014-09-07,304.869,656.956,396.052,2355.67,446.786,6.34474e+06,226.399,276.552,28750
2014-09-14,343.89,741.023,446.76,2808.95,503.983,6.34411e+06,255.382,204.488,28750
2014-09-21,387.888,835.805,503.938,3320.24,568.476,6.3434e+06,288.063,190.757,28750
2014-09-28,437.491,942.656,568.406,3896.97,641.191,6.3426e+06,324.909,378.485,28750
2014-07-13,90.6476,196.485,122.887,129.447,133.239,6.34791e+06,80.1969,70.0705,28800
2014-07-20,103.102,222.794,135.097,267.807,150.57,6.34772e+06,90.6284,120.608,28800
2014-07-27,116.538,251.178,151.648,421.937,170.681,6.34751e+06,102.734,85.5997,28800
2014-08-03,131.418,283.081,170.851,595.372,192.638,6.34727e+06,115.95,133.814,28800
2014-08-10,148.13,319.047,192.567,790.825,217.17,6.347e+06,130.715,154.003,28800
2014-08-17,166.954,359.582,217.043,1011.12,244.774,6.3467e+06,147.33,211.385,28800
2014-08-24,188.164,405.26,244.624,1259.42,275.875,6.34635e+06,166.05,181.949,28800
2014-08-31,212.065,456.728,275.701,1539.26,310.92,6.34597e+06,187.144,139.961,28800
2014-09-07,238.994,514.717,310.719,1854.65,350.407,6.34553e+06,210.911,265.513,28800
2014-09-14,269.334,580.048,350.173,2210.09,394.897,6.34504e+06,237.69,121.05,28800
2014-09-21,303.514,653.644,394.625,2610.66,445.021,6.34449e+06,267.86,220.015,28800
2014-09-28,342.018,736.546,444.702,3062.07,501.487,6.34386e+06,301.847,369.862,28800
2014-07-13,100.897,219.316,136.461,143.625,147.994,6.34785e+06,89.1474,94.5811,28850
2014-07-20,115.29,249.789,150.552,297.528,167.994,6.34764e+06,101.195,93.8883,28850
2014-07-27,130.883,282.823,169.708,469.656,191.285,6.3474e+06,115.224,117.59,28850
2014-08-03,148.231,320.114,192.02,664.171,216.826,6.34713e+06,130.61,125.018,28850
2014-08-10,167.799,362.334,217.357,884.323,245.489,6.34682e+06,147.875,148.55,28850
2014-08-17,189.933,410.121,246.037,1133.52,277.881,6.34647e+06,167.387,161.182,28850
2014-08-24,214.982,464.201,278.491,1415.6,314.533,6.34608e+06,189.465,183.395,28850
2014-08-31,243.327,525.396,315.218,1734.88,356.008,6.34563e+06,214.449,208.274,28850
2014-09-07,275.4,594.635,356.776,2096.27,402.941,6.34513e+06,242.72,269.486,28850
2014-09-14,311.688,672.972,403.8,2505.29,456.044,6.34456e+06,274.707,241.357,28850
2014-09-21,352.743,761.594,457.003,2968.21,516.124,6.34391e+06,310.898,340.705,28850
2014-09-28,399.186,861.841,517.194,3492.11,584.092,6.34318e+06,351.84,308.232,28850
2014-07-13,117.421,256.528,158.139,166.185,171.583,6.34775e+06,75.0687,92.1194,28900
2014-07-20,135.292,294.521,175.591,345.084,196.35,6.3475e+06,85.9047,83.6736,28900
2014-07-27,154.804,336.06,199.442,546.612,225.379,6.34721e+06,98.6051,98.4519,28900
2014-08-03,176.687,383.325,227.415,776.111,257.472,6.34689e+06,112.646,109.373,28900
2014-08-10,201.564,437.249,259.423,1037.88,293.774,6.34651e+06,128.528,139.936,28900
2014-08-17,229.924,498.758,295.934,1336.48,335.119,6.34609e+06,146.617,136.474,28900
2014-08-24,262.265,568.902,337.57,1677.11,382.263,6.3456e+06,167.243,158.756,28900
2014-08-31,299.144,648.885,385.051,2065.66,436.024,6.34505e+06,190.764,154.169,28900
2014-09-07,341.195,740.079,439.192,2508.84,497.327,6.34442e+06,217.584,205.79,28900
2014-09-14,389.138,844.046,500.925,3014.33,567.223,6.3437e+06,248.164,315.455,28900
2014-09-21,443.794,962.561,571.306,3590.86,646.909,6.34288e+06,283.027,229.191,28900
2014-09-28,506.094,1097.64,651.539,4248.37,737.745,6.34195e+06,322.769,295.685,28900
2014-07-13,70.0921,155.912,92.9618,97.1441,101.034,6.34803e+06,66.0815,37.0542,28950
2014-07-20,83.2078,184.215,105.654,203.492,119.04,6.34787e+06,77.8584,98.4666,28950
2014-07-27,97.9369,216.131,123.337,326.452,140.644,6.34769e+06,91.9888,76.2367,28950
2014-08-03,114.945,253.496,144.61,470.416,165.237,6.34747e+06,108.074,136.368,28950
2014-08-10,134.837,297.336,169.629,639.264,193.866,6.34721e+06,126.799,130.847,28950
2014-08-17,158.16,348.759,198.975,837.323,227.405,6.34691e+06,148.735,133.011,28950
2014-08-24,185.512,409.067,233.39,1069.64,266.735,6.34655e+06,174.459,150.752,28950
2014-08-31,217.588,479.788,273.751,1342.14,312.86,6.34614e+06,204.627,116.513,28950
2014-09-07,255.202,562.717,321.082,1661.76,366.949,6.34565e+06,240.005,284.192,28950
2014-09-14,299.306,659.95,376.583,2036.63,430.375,6.34508e+06,281.488,320.952,28950
2014-09-21,351.017,773.947,441.661,2476.3,504.742,6.34441e+06,330.128,291.446,28950
2014-09-28,411.64,907.582,517.96,2991.93,591.93,6.34362e+06,387.154,531.288,28950
2014-07-13,89.9476,198.915,119.894,125.519,130.233,6.34792e+06,74.965,69.1773,29000
2014-07-20,105.747,232.845,135.229,262.175,151.991,6.34771e+06,87.4897,68.5055,29000
2014-07-27,123.329,270.725,156.461,418.842,177.899,6.34748e+06,102.403,79.5611,29000
2014-08-03,143.439,314.663,181.791,600.622,207.11,6.34721e+06,119.217,121.037,29000
2014-08-10,166.743,365.746,211.317,811.897,240.801,6.34689e+06,138.61,87.4612,29000
2014-08-17,193.817,425.123,245.636,1057.49,279.908,6.34653e+06,161.122,119.14,29000
2014-08-24,225.28,494.127,285.519,1342.95,325.352,6.3461e+06,187.28,159.514,29000
2014-08-31,261.842,574.31,331.866,1674.77,378.161,6.34561e+06,217.678,290.031,29000
2014-09-07,304.327,667.477,385.724,2060.44,439.527,6.34503e+06,253.002,270.766,29000
2014-09-14,353.688,775.719,448.304,2508.69,510.83,6.34436e+06,294.045,336.861,29000
2014-09-21,411.035,901.463,521.013,3029.65,593.67,6.34359e+06,341.73,293.9,29000
2014-09-28,477.65,1047.52,605.481,3635.09,689.906,6.34268e+06,397.126,424.889,29000
2014-07-13,115.565,253.563,155.074,162.748,168.324,6.34776e+06,81.778,74.5123,29050
2014-07-20,134.104,293.117,173.139,338.643,193.96,6.34751e+06,94.2332,92.9179,29050
2014-07-27,154.481,336.683,197.942,538.015,224.174,6.34722e+06,108.912,72.2111,29050
2014-08-03,177.493,386.589,227.206,766.561,257.81,6.34689e+06,125.254,129.898,29050
2014-08-10,203.832,443.908,260.91,1028.97,296.118,6.34651e+06,143.865,158.742,29050
2014-08-17,234.059,509.723,299.611,1330.31,340.041,6.34608e+06,165.205,176.21,29050
2014-08-24,268.758,585.278,344.04,1676.35,390.459,6.34558e+06,189.7,159.772,29050
2014-08-31,308.59,672.004,395.041,2073.68,448.336,6.345e+06,217.819,221.377,29050
2014-09-07,354.309,771.543,453.585,2529.91,514.772,6.34434e+06,250.095,265.873,29050
2014-09-14,406.781,885.778,520.78,3053.74,591.023,6.34358e+06,287.141,306.706,29050
2014-09-21,466.997,1016.86,597.899,3655.15,678.532,6.34271e+06,329.656,362.13,29050
2014-09-28,536.091,1167.26,686.397,4345.6,778.949,6.34171e+06,378.443,363.28,29050
2014-07-13,115.116,251.973,154.785,162.565,167.973,6.34777e+06,83.7271,102.886,29100
2014-07-20,133.055,290.17,172.286,337.874,192.81,6.34752e+06,96.1071,102.902,29100
2014-07-27,152.698,332.069,196.253,535.9,221.992,6.34723e+06,110.653,117.271,29100
2014-08-03,174.797,379.885,224.437,762.069,254.353,6.34691e+06,126.783,105.903,29100
2014-08-10,199.995,434.601,256.78,1020.79,291.069,6.34654e+06,145.084,176.329,29100
2014-08-17,228.805,497.196,293.78,1316.8,333.01,6.34611e+06,165.99,165.975,29100
2014-08-24,261.757,568.788,336.099,1655.46,380.975,6.34563e+06,189.899,180.577,29100
2014-08-31,299.443,650.664,384.5,2042.89,435.833,6.34507e+06,217.243,235.904,29100
2014-09-07,342.541,744.291,439.855,2486.11,498.572,6.34444e+06,248.515,321.362,29100
2014-09-14,391.822,851.345,503.156,2993.12,570.315,6.34371e+06,284.276,256.643,29100
2014-09-21,448.168,973.739,575.538,3573.09,652.347,6.34288e+06,325.165,259.082,29100
2014-09-28,512.584,1113.65,658.295,4236.47,746.135,6.34193e+06,371.914,356.709,29100
2014-07-13,79.8062,173.958,107.684,113.241,116.815,6.34798e+06,73.4234,71.5552,29150
2014-07-20,91.6113,199.01,119.225,234.894,133.194,6.34781e+06,83.7188,116.288,29150
2014-07-27,104.456,226.297,134.961,371.496,152.338,6.34761e+06,95.7515,154.024,29150
2014-08-03,118.811,257.237,153.361,526.524,173.427,6.34739e+06,109.007,102.168,29150
2014-08-10,135.075,292.419,174.344,702.739,197.199,6.34715e+06,123.948,157.658,29150
2014-08-17,153.552,332.414,198.199,903.065,224.181,6.34686e+06,140.908,129.198,29150
2014-08-24,174.553,377.872,225.311,1130.8,254.844,6.34654e+06,160.181,151.977,29150
2014-08-31,198.421,429.536,256.125,1389.68,289.695,6.34618e+06,182.087,287.362,29150
2014-09-07,225.547,488.249,291.146,1683.96,329.304,6.34576e+06,206.983,270.365,29150
2014-09-14,256.374,554.969,330.947,2018.48,374.317,6.34529e+06,235.275,177.382,29150
2014-09-21,291.403,630.781,376.176,2398.72,425.468,6.34475e+06,267.426,319.974,29150
2014-09-28,331.204,716.918,427.57,2830.91,483.591,6.34414e+06,303.959,385.446,29150
2014-07-13,88.0822,195.385,117.101,122.477,127.236,6.34793e+06,68.9057,73.9226,29200
2014-07-20,104.081,229.831,132.605,256.205,149.233,6.34773e+06,80.8185,33.3385,29200
2014-07-27,121.97,268.488,154.142,410.198,175.529,6.3475e+06,95.0596,110.533,29200
2014-08-03,142.532,313.543,179.947,589.72,205.327,6.34722e+06,111.197,169.232,29200
2014-08-10,166.476,366.176,210.168,799.361,239.861,6.34691e+06,129.899,141.122,29200
2014-08-17,194.426,427.644,245.461,1044.21,280.141,6.34654e+06,151.713,189.47,29200
2014-08-24,227.061,499.417,286.67,1330.17,327.168,6.34611e+06,177.181,105.278,29200
2014-08-31,265.166,583.215,334.787,1664.13,382.079,6.3456e+06,206.918,160.874,29200
2014-09-07,309.653,681.044,390.966,2054.14,446.188,6.34501e+06,241.638,189.448,29200
2014-09-14,361.586,795.242,456.553,2509.58,521.033,6.34433e+06,282.171,350.305,29200
2014-09-21,422.206,928.533,533.118,3041.42,608.402,6.34352e+06,329.486,73.404,29200
2014-09-28,492.959,1084.09,622.487,3662.43,710.379,6.34259e+06,384.713,428.18,29200
2014-07-13,152.572,327.664,208.423,220.154,225.793,6.34754e+06,92.9948,118.455,29250
2014-07-20,170.929,366.15,226.501,453.534,251.459,6.34723e+06,103.565,98.4387,29250
2014-07-27,190.453,407.021,250.775,710.157,280.896,6.34689e+06,115.689,164.633,29250
2014-08-03,211.758,452.295,278.58,994.913,312.562,6.34651e+06,128.731,153.096,29250
2014-08-10,235.341,502.612,309.592,1311.33,347.425,6.34609e+06,143.09,125.397,29250
2014-08-17,261.527,558.522,344.051,1662.96,386.096,6.34562e+06,159.017,100.819,29250
2014-08-24,290.616,620.631,382.331,2053.73,429.048,6.3451e+06,176.707,151.034,29250
2014-08-31,322.928,689.619,424.854,2487.97,476.76,6.34452e+06,196.358,279.928,29250
2014-09-07,358.817,766.241,472.088,2970.49,529.758,6.34388e+06,218.185,235.608,29250
2014-09-14,398.676,851.333,524.55,3506.65,588.619,6.34317e+06,242.428,199.358,29250
2014-09-21,442.939,945.821,582.814,4102.37,653.989,6.34238e+06,269.35,299.943,29250
2014-09-28,492.088,1050.73,647.515,4764.25,726.577,6.3415e+06,299.247,283.403,29250
2014-07-13,96.565,210.606,130.235,136.932,141.285,6.34788e+06,87.2632,86.1266,29300
2014-07-20,110.952,241.151,144.297,284.113,161.242,6.34767e+06,99.5889,71.846,29300
2014-07-27,126.619,274.451,163.48,449.511,184.582,6.34744e+06,114.005,133.912,29300
2014-08-03,144.144,312.243,185.927,637.381,210.316,6.34717e+06,129.899,106.49,29300
2014-08-10,164.015,355.25,211.548,851.109,239.349,6.34687e+06,147.831,176.991,29300
2014-08-17,186.609,404.18,240.698,1094.29,272.33,6.34652e+06,168.201,172.056,29300
2014-08-24,212.311,459.84,273.856,1370.97,309.842,6.34613e+06,191.37,233.529,29300
2014-08-31,241.545,523.149,311.572,1685.77,352.511,6.34569e+06,217.724,213.395,29300
2014-09-07,274.795,595.151,354.472,2043.91,401.044,6.34518e+06,247.7,207.187,29300
2014-09-14,312.611,677.035,403.265,2451.36,456.241,6.34461e+06,281.792,256.256,29300
2014-09-21,355.615,770.149,458.755,2914.89,519.015,6.34395e+06,320.563,283.597,29300
2014-09-28,404.514,876.022,521.858,3442.18,590.398,6.34321e+06,364.652,324.719,29300
2014-07-13,100.603,217.967,136.434,143.737,147.921,6.34785e+06,84.2911,86.7802,29350
2014-07-20,114.342,246.978,149.906,297.309,167.043,6.34764e+06,95.1876,98.1908,29350
2014-07-27,129.152,278.253,168.159,468.276,189.221,6.34741e+06,107.825,100.501,29350
2014-08-03,145.543,313.379,189.323,660.528,213.415,6.34714e+06,121.612,126.541,29350
2014-08-10,163.939,352.95,213.241,877.037,240.427,6.34684e+06,137.005,170.727,29350
2014-08-17,184.643,397.518,240.179,1120.9,270.801,6.34651e+06,154.313,107.559,29350
2014-08-24,207.958,447.704,270.512,1395.56,304.998,6.34613e+06,173.799,120.822,29350
2014-08-31,234.209,504.211,304.667,1704.91,343.504,6.3457e+06,195.741,214.166,29350
2014-09-07,263.766,567.83,343.125,2053.31,386.86,6.34522e+06,220.447,141.71,29350
2014-09-14,297.042,639.452,386.424,2445.69,435.673,6.34468e+06,248.263,202.289,29350
2014-09-21,334.503,720.076,435.171,2887.57,490.626,6.34407e+06,279.577,247.779,29350
2014-09-28,376.67,810.826,490.047,3385.18,552.488,6.34339e+06,314.828,207.141,29350
2014-07-13,120.328,262.748,162.121,170.395,175.895,6.34773e+06,83.3334,62.7303,29400
2014-07-20,138.528,301.427,179.899,353.743,201.126,6.34748e+06,95.287,83.6153,29400
2014-07-27,158.385,343.679,204.183,560.138,230.68,6.34718e+06,109.288,94.2382,29400
2014-08-03,180.637,391.718,232.645,795.002,263.326,6.34685e+06,124.755,74.1208,29400
2014-08-10,205.914,446.485,265.188,1062.68,300.225,6.34647e+06,142.237,113.636,29400
2014-08-17,234.708,508.906,302.281,1367.81,342.219,6.34604e+06,162.132,80.0625,29400
2014-08-24,267.518,580.036,344.549,1715.61,390.065,6.34554e+06,184.8,204.06,29400
2014-08-31,304.905,661.081,392.712,2112.03,444.586,6.34498e+06,210.63,350.272,29400
2014-09-07,347.5,753.416,447.59,2563.86,506.706,6.34434e+06,240.061,161.28,29400
2014-09-14,396.028,858.601,510.115,3078.81,577.48,6.34361e+06,273.591,309.374,29400
2014-09-21,451.306,978.412,581.344,3665.69,658.105,6.34277e+06,311.789,377.629,29400
2014-09-28,514.268,1114.87,662.481,4334.49,749.941,6.34182e+06,355.298,496.667,29400
2014-07-13,95.2383,209.732,127.402,133.555,138.334,6.34788e+06,73.8513,64.0909,29450
2014-07-20,111.189,243.867,142.916,278.389,160.349,6.34767e+06,85.6043,69.7451,29450
2014-07-27,128.822,281.702,164.3,443.424,186.419,6.34743e+06,99.5219,64.3739,29450
2014-08-03,148.854,325.296,189.661,633.677,215.614,6.34715e+06,115.108,178.848,29450
2014-08-10,171.915,375.652,219.034,853.364,249.06,6.34683e+06,132.964,175.815,29450
2014-08-17,198.532,433.803,252.953,1107.07,287.63,6.34646e+06,153.555,162.065,29450
2014-08-24,229.262,500.942,292.116,1400.07,332.156,6.34603e+06,177.326,192.135,29450
2014-08-31,264.741,578.451,337.33,1738.42,383.564,6.34553e+06,204.771,128.859,29450
2014-09-07,305.698,667.926,389.53,2129.13,442.913,6.34496e+06,236.455,267.104,29450
2014-09-14,352.976,771.202,449.788,2580.3,511.423,6.3443e+06,273.03,210.137,29450
2014-09-21,407.545,890.398,519.345,3101.24,590.503,6.34353e+06,315.247,303.928,29450
2014-09-28,470.522,1027.95,599.626,3702.73,681.772,6.34265e+06,363.972,346.991,29450
2014-07-13,109.985,237.475,149.584,157.752,162.128,6.3478e+06,98.4357,69.6214,29500
2014-07-20,124.303,267.624,163.647,325.78,182.091,6.34757e+06,110.556,132.364,29500
2014-07-27,139.656,299.935,182.633,511.936,205.143,6.34732e+06,124.552,83.7615,29500
2014-08-03,156.555,336.031,204.544,720.179,230.154,6.34703e+06,139.738,154.172,29500
2014-08-10,175.418,376.481,229.179,953.47,257.926,6.34672e+06,156.599,194.833,29500
2014-08-17,196.538,421.799,256.779,1214.86,288.989,6.34636e+06,175.459,162.405,29500
2014-08-24,220.194,472.561,287.693,1507.72,323.777,6.34596e+06,196.581,175.237,29500
2014-08-31,246.691,529.416,322.32,1835.84,362.744,6.34552e+06,220.239,184.152,29500
2014-09-07,276.367,593.09,361.104,2203.44,406.387,6.34502e+06,246.737,185.074,29500
2014-09-14,309.601,664.396,404.541,2615.27,455.265,6.34446e+06,276.414,259.396,29500
2014-09-21,346.817,744.241,453.185,3076.63,510.002,6.34383e+06,309.647,394.917,29500
2014-09-28,388.489,833.641,507.656,3593.45,571.295,6.34313e+06,346.861,290.888,29500
2014-07-13,111.231,239.359,151.699,160.143,164.371,6.34779e+06,96.3172,64.1901,29550
2014-07-20,125.022,268.319,165.267,330.208,183.632,6.34756e+06,107.604,117.894,29550
2014-07-27,139.734,299.18,183.522,517.733,205.78,6.34731e+06,120.582,120.598,29550
2014-08-03,155.842,333.475,204.492,726.445,229.682,6.34703e+06,134.588,147.614,29550
2014-08-10,173.728,371.711,227.95,959.07,256.083,6.34672e+06,150.058,140.57,29550
2014-08-17,193.651,414.33,254.099,1218.38,285.46,6.34637e+06,167.272,117.536,29550
2014-08-24,215.853,461.825,283.239,1507.43,318.192,6.34598e+06,186.452,204.883,29550
2014-08-31,240.594,514.75,315.71,1829.63,354.667,6.34555e+06,207.826,189.936,29550
2014-09-07,268.162,573.719,351.895,2188.76,395.312,6.34507e+06,231.643,256.841,29550
2014-09-14,298.878,639.42,392.213,2589.04,440.601,6.34453e+06,258.18,319.359,29550
2014-09-21,333.099,712.615,437.135,3035.18,491.058,6.34393e+06,287.747,298.009,29550
2014-09-28,371.222,794.15,487.182,3532.4,547.272,6.34327e+06,320.687,334.872,29550
2014-07-13,114.102,242.938,156.976,166.229,169.929,6.34777e+06,109.086,97.5628,29600
2014-07-20,126.048,267.81,168.789,341.118,186.703,6.34755e+06,119.854,146.917,29600
2014-07-27,138.59,293.842,184.513,531.132,205.737,6.3473e+06,132.073,170.08,29600
2014-08-03,152.09,322.297,202.317,739.265,225.937,6.34703e+06,145.041,97.4297,29600
2014-08-10,166.837,353.514,221.923,967.539,247.881,6.34674e+06,159.127,119.406,29600
2014-08-17,183,387.754,243.429,1217.94,271.903,6.34642e+06,174.548,117.013,29600
2014-08-24,200.724,425.301,267.012,1492.59,298.24,6.34606e+06,191.456,212.064,29600
2014-08-31,220.158,466.472,292.871,1793.86,327.121,6.34568e+06,209.996,221.105,29600
2014-09-07,241.468,511.614,321.226,2124.29,358.788,6.34525e+06,230.325,236.663,29600
2014-09-14,264.832,561.105,352.316,2486.71,393.51,6.34479e+06,252.614,299.583,29600
2014-09-21,290.446,615.363,386.403,2884.2,431.578,6.34427e+06,277.052,229.133,29600
2014-09-28,318.527,674.84,423.774,3320.14,473.311,6.34371e+06,303.843,232.974,29600
2014-07-13,144.714,312.094,197.008,207.838,213.506,6.34759e+06,89.8781,89.6886,29650
2014-07-20,163.239,351.063,215.213,428.983,239.351,6.34729e+06,100.758,101.233,29650
2014-07-27,183.067,392.742,239.763,673.583,269.149,6.34696e+06,113.302,100.645,29650
2014-08-03,204.848,439.214,268.046,946.717,301.417,6.34659e+06,126.885,100.458,29650
2014-08-10,229.116,491.193,299.788,1252.15,337.18,6.34618e+06,141.94,168.083,29650
2014-08-17,256.236,549.32,335.285,1593.76,377.104,6.34572e+06,158.747,148.739,29650
2014-08-24,286.555,614.305,374.969,1975.81,421.732,6.3452e+06,177.533,168.399,29650
2014-08-31,320.449,686.951,419.336,2403.07,471.625,6.34462e+06,198.536,177.694,29650
2014-09-07,358.338,768.151,468.932,2880.87,527.399,6.34397e+06,222.015,258.092,29650
2014-09-14,400.687,858.906,524.372,3415.17,589.742,6.34325e+06,248.259,240.87,29650
2014-09-21,448.016,960.329,586.337,4012.63,659.421,6.34244e+06,277.591,207.55,29650
2014-09-28,500.906,1073.66,655.588,4680.67,737.29,6.34154e+06,310.371,362.1,29650
2014-07-13,114.01,246.88,154.685,162.991,167.701,6.34777e+06,88.1948,95.6423,29700
2014-07-20,129.464,279.499,169.843,337.05,189.217,6.34753e+06,99.5103,115.369,29700
2014-07-27,146.11,314.63,190.37,530.677,214.153,6.34727e+06,112.625,121.145,29700
2014-08-03,164.516,354.054,214.151,748.229,241.334,6.34697e+06,126.919,150.052,29700
2014-08-10,185.154,398.428,241.005,993.028,271.653,6.34663e+06,142.864,126.89,29700
2014-08-17,208.364,448.362,271.224,1268.52,305.716,6.34625e+06,160.778,154.253,29700
2014-08-24,234.476,504.542,305.222,1578.56,344.033,6.34583e+06,180.929,198.392,29700
2014-08-31,263.852,567.741,343.471,1927.45,387.141,6.34535e+06,203.6,218.876,29700
2014-09-07,296.898,638.833,386.5,2320.06,435.636,6.34481e+06,229.103,267.944,29700
2014-09-14,334.069,718.795,434.903,2761.84,490.186,6.3442e+06,257.792,313.569,29700
2014-09-21,375.877,808.727,489.348,3258.94,551.544,6.34352e+06,290.06,264.362,29700
2014-09-28,422.895,909.86,550.583,3818.26,620.552,6.34275e+06,326.352,283.689,29700
2014-07-13,89.385,198.602,118.665,124.048,128.955,6.34792e+06,70.3494,73.0959,29750
2014-07-20,105.911,234.231,134.667,259.702,151.657,6.34772e+06,82.7342,64.1023,29750
2014-07-27,124.437,274.33,156.934,416.29,178.855,6.34748e+06,97.5716,59.3246,29750
2014-08-03,145.789,321.188,183.677,599.304,209.757,6.3472e+06,114.43,107.947,29750
2014-08-10,170.718,376.067,215.074,813.572,245.665,6.34687e+06,134.019,164.399,29750
2014-08-17,199.891,440.323,251.836,1064.47,287.655,6.34649e+06,156.926,163.108,29750
2014-08-24,234.042,515.543,294.87,1358.24,336.807,6.34605e+06,183.74,200.053,29750
2014-08-31,274.019,603.589,345.247,1702.2,394.343,6.34552e+06,215.128,314.652,29750
2014-09-07,320.811,706.641,404.215,2104.93,461.692,6.34491e+06,251.869,200.679,29750
2014-09-14,375.575,827.243,473.234,2576.43,540.518,6.3442e+06,294.872,260.363,29750
2014-09-21,439.663,968.367,554.011,3128.42,632.769,6.34336e+06,345.198,304.811,29750
2014-09-28,514.652,1133.49,648.537,3774.61,740.719,6.34238e+06,404.089,439.041,29750
2014-07-13,96.3004,204.399,132.82,140.774,143.741,6.34788e+06,112.95,146.449,29800
2014-07-20,105.848,224.228,142.275,288.486,157.167,6.34769e+06,123.5,127.134,29800
2014-07-27,115.825,244.874,154.822,448.285,172.346,6.34749e+06,135.427,200.196,29800
2014-08-03,126.513,267.334,168.969,622.513,188.375,6.34726e+06,148.023,130.33,29800
2014-08-10,138.132,291.86,184.479,812.708,205.705,6.34702e+06,161.641,191.467,29800
2014-08-17,150.808,318.636,201.412,1020.36,224.587,6.34676e+06,176.479,212.47,29800
2014-08-24,164.643,347.864,219.894,1247.07,245.194,6.34647e+06,192.671,206.547,29800
2014-08-31,179.744,379.765,240.067,1494.59,267.685,6.34616e+06,210.344,187.339,29800
2014-09-07,196.225,414.582,262.084,1764.8,292.234,6.34581e+06,229.634,249.333,29800
2014-09-14,214.213,452.578,286.115,2059.8,319.026,6.34544e+06,250.688,262.667,29800
2014-09-21,233.843,494.043,312.341,2381.84,348.266,6.34503e+06,273.664,337.131,29800
2014-09-28,255.264,539.29,340.961,2733.39,380.174,6.34458e+06,298.737,416.202,29800
2014-07-13,127.012,274.178,172.773,182.219,187.257,6.34769e+06,94.6454,88.702,29850
2014-07-20,143.494,308.877,188.963,376.27,210.241,6.34743e+06,106.262,121.691,29850
2014-07-27,161.161,346.05,210.817,591.188,236.772,6.34714e+06,119.672,135.955,29850
2014-08-03,180.6,387.561,236.028,831.525,265.548,6.34681e+06,134.216,140.118,29850
2014-08-10,202.29,434.062,264.363,1100.68,297.488,6.34645e+06,150.359,132.051,29850
2014-08-17,226.566,486.139,296.097,1402.14,333.199,6.34604e+06,168.408,185.933,29850
2014-08-24,253.746,544.449,331.629,1739.79,373.177,6.34558e+06,188.615,208.942,29850
2014-08-31,284.177,609.732,371.411,2117.94,417.939,6.34507e+06,211.239,157.594,29850
2014-09-07,318.246,682.814,415.951,2541.46,468.053,6.34449e+06,236.568,235.09,29850
2014-09-14,356.384,764.62,465.815,3015.75,524.155,6.34385e+06,264.923,221.858,29850
2014-09-21,399.074,856.184,521.632,3546.89,586.955,6.34313e+06,296.664,333.419,29850
2014-09-28,446.852,958.657,584.11,4141.66,657.245,6.34232e+06,332.191,356.66,29850
2014-07-13,108.155,235.718,145.952,153.49,158.325,6.34781e+06,70.4998,80.7824,29900
2014-07-20,124.125,269.604,161.566,318.362,180.486,6.34758e+06,80.3676,84.5991,29900
2014-07-27,141.497,306.503,182.852,503.456,206.381,6.34732e+06,91.8981,40.2734,29900
2014-08-03,160.907,348.331,207.735,713.472,234.899,6.34702e+06,104.597,102.065,29900
2014-08-10,182.89,395.879,236.106,952.138,267.036,6.34668e+06,118.907,55.4053,29900
2014-08-17,207.86,449.917,268.349,1223.4,303.504,6.3463e+06,135.145,109.342,29900
2014-08-24,236.231,511.318,304.985,1531.7,344.934,6.34587e+06,153.594,169.848,29900
2014-08-31,268.466,581.077,346.611,1882.08,392.009,6.34537e+06,174.555,178.169,29900
2014-09-07,305.088,660.328,393.905,2280.28,445.492,6.34481e+06,198.37,129.517,29900
2014-09-14,346.691,750.352,447.635,2732.8,506.251,6.34417e+06,225.426,236.531,29900
2014-09-21,393.947,852.605,508.671,3247.03,575.272,6.34345e+06,256.159,251.731,29900
2014-09-28,447.621,968.735,578,3831.37,653.668,6.34262e+06,291.068,369.437,29900
2014-07-13,114.98,251.771,154.553,162.302,167.727,6.34777e+06,75.6553,69.191,29950
2014-07-20,132.981,290.113,172.112,337.389,192.646,6.34752e+06,86.8949,108.293,29950
2014-07-27,152.705,332.198,196.167,535.271,221.937,6.34723e+06,100.107,72.9618,29950
2014-08-03,174.907,380.256,224.469,761.409,254.44,6.34691e+06,114.768,84.9516,29950
2014-08-10,200.238,435.28,256.967,1020.25,291.339,6.34654e+06,131.412,112.597,29950
2014-08-17,229.218,498.264,294.167,1316.56,333.515,6.34611e+06,150.435,153.307,29950
2014-08-24,262.382,570.345,336.739,1655.77,381.776,6.34562e+06,172.204,111.103,29950
2014-08-31,300.334,652.826,385.458,2044.05,437.005,6.34507e+06,197.116,184.762,29950
2014-09-07,343.761,747.202,441.209,2488.51,500.205,6.34443e+06,225.623,240.163,29950
2014-09-14,393.448,855.175,505.001,2997.24,572.518,6.3437e+06,258.24,269.179,29950
2014-09-21,450.291,978.691,577.986,3579.5,655.251,6.34286e+06,295.558,322.875,29950
2014-09-28,515.314,1119.97,661.482,4245.9,749.894,6.34191e+06,338.248,298.747,29950
2014-07-13,109.256,234.106,149.53,158.051,161.96,6.3478e+06,89.2083,92.0693,30000
2014-07-20,121.949,260.67,162.044,325.263,179.726,6.34758e+06,98.9942,64.9059,30000
2014-07-27,135.404,288.773,178.808,508.546,200.047,6.34734e+06,110.187,133.003,30000
2014-08-03,150.034,319.798,197.954,711.23,221.829,6.34707e+06,122.185,163.679,30000
2014-08-10,166.174,354.163,219.237,935.676,245.729,6.34677e+06,135.349,136.99,30000
2014-08-17,184.034,392.221,242.807,1184.25,272.148,6.34645e+06,149.901,157.721,30000
2014-08-24,203.809,434.36,268.904,1459.55,301.395,6.34608e+06,166.01,195.907,30000
2014-08-31,225.703,481.013,297.798,1764.44,333.777,6.34568e+06,183.846,138.992,30000
2014-09-07,249.942,532.659,329.787,2102.07,369.627,6.34524e+06,203.593,172.316,30000
2014-09-14,276.774,589.831,365.201,2475.97,409.315,6.34474e+06,225.453,287.919,30000
2014-09-21,306.476,653.113,404.404,2890.02,453.249,6.3442e+06,249.652,399.792,30000
2014-09-28,339.352,723.154,447.8,3348.5,501.879,6.34359e+06,276.438,174.529,30000
2014-07-13,142.061,311.128,190.923,200.484,207.201,6.34761e+06,73.5043,79.7273,30050
2014-07-20,164.352,358.616,212.665,416.799,238.057,6.3473e+06,84.4501,104.54,30050
2014-07-27,188.784,410.754,242.457,661.342,274.335,6.34695e+06,97.3197,129.264,30050
2014-08-03,216.292,470.306,277.517,940.882,314.6,6.34655e+06,111.604,139.127,30050
2014-08-10,247.685,538.506,317.784,1260.94,360.324,6.34609e+06,127.824,110.654,30050
2014-08-17,283.607,616.588,363.887,1627.43,412.597,6.34556e+06,146.368,173.369,30050
2014-08-24,324.724,705.965,416.659,2047.09,472.427,6.34496e+06,167.592,144.18,30050
2014-08-31,371.787,808.258,477.063,2527.59,540.908,6.34427e+06,191.886,214.761,30050
2014-09-07,425.647,925.319,546.199,3077.74,619.285,6.34348e+06,219.69,245.695,30050
2014-09-14,487.281,1059.26,625.318,3707.6,708.979,6.34257e+06,251.509,283.823,30050
2014-09-21,557.801,1212.51,715.854,4428.68,811.611,6.34154e+06,287.918,252.275,30050
2014-09-28,638.475,1387.8,819.44,5254.12,929.031,6.34035e+06,329.572,401.521,30050
2014-07-13,93.6944,204.392,126.34,132.828,137.062,6.34789e+06,80.9924,98.9351,30100
2014-07-20,107.693,234.118,140.021,275.625,156.478,6.34769e+06,92.4658,100.117,30100
2014-07-27,122.944,266.54,158.689,436.15,179.193,6.34747e+06,105.888,85.256,30100
2014-08-03,140.008,303.347,180.541,618.546,204.248,6.34721e+06,120.693,156.632,30100
2014-08-10,159.364,345.248,205.491,826.12,232.523,6.34691e+06,137.402,137.131,30100
2014-08-17,181.381,392.938,233.887,1062.38,264.656,6.34658e+06,156.39,163.592,30100
2014-08-24,206.435,447.206,266.2,1331.28,301.215,6.3462e+06,177.993,203.805,30100
2014-08-31,234.942,508.952,302.967,1637.33,342.816,6.34577e+06,202.576,246.433,30100
2014-09-07,267.377,579.204,344.802,1985.64,390.15,6.34527e+06,230.546,295.484,30100
2014-09-14,304.278,659.125,392.401,2382.05,444.004,6.34471e+06,262.369,192.002,30100
2014-09-21,346.257,750.041,446.554,2833.17,505.271,6.34407e+06,298.573,288.439,30100
2014-09-28,394.009,853.451,508.157,3346.53,574.966,6.34335e+06,339.757,286.659,30100
2014-07-13,117.662,256.809,158.591,166.708,172.058,6.34775e+06,82.9256,81.1416,30150
2014-07-20,135.357,294.399,175.878,346.014,196.594,6.3475e+06,94.7509,86.156,30150
2014-07-27,154.648,335.43,199.482,547.726,225.316,6.34721e+06,108.594,109.655,30150
2014-08-03,176.25,382.046,227.128,777.1,257.021,6.34689e+06,123.874,130.25,30150
2014-08-10,200.772,435.154,258.717,1038.34,292.829,6.34652e+06,141.133,114.756,30150
2014-08-17,228.686,495.642,294.697,1335.91,333.553,6.3461e+06,160.76,172.353,30150
2014-08-24,260.471,564.521,335.668,1674.86,379.921,6.34561e+06,183.108,152.48,30150
2014-08-31,296.664,642.947,382.321,2060.93,432.719,6.34507e+06,208.555,251.319,30150
2014-09-07,337.872,732.236,435.441,2500.64,492.836,6.34444e+06,237.529,261.89,30150
2014-09-14,384.786,833.882,495.921,3001.44,561.279,6.34373e+06,270.516,216.198,30150
2014-09-21,438.189,949.582,564.774,3571.79,639.195,6.34293e+06,308.069,309.346,30150
2014-09-28,498.974,1081.26,643.149,4221.3,727.885,6.34201e+06,350.814,343.715,30150
2014-07-13,148.829,315.85,205.29,217.593,222.167,6.34756e+06,97.8175,89.2349,30200
2014-07-20,163.549,346.418,219.869,445.883,242.869,6.34727e+06,106.933,99.5083,30200
2014-07-27,178.927,378.235,239.212,692.809,266.269,6.34696e+06,117.235,86.5662,30200
2014-08-03,195.396,412.836,261.017,961.976,290.972,6.34662e+06,128.111,165.662,30200
2014-08-10,213.294,450.607,284.913,1255.75,317.67,6.34625e+06,139.866,163.432,30200
2014-08-17,232.813,491.83,310.995,1576.42,346.751,6.34584e+06,152.671,183.134,30200
2014-08-24,254.109,536.81,339.453,1926.44,378.476,6.34539e+06,166.639,185.909,30200
2014-08-31,277.345,585.885,370.503,2308.48,413.091,6.34491e+06,181.879,225.815,30200
2014-09-07,302.695,639.422,404.379,2725.46,450.856,6.34438e+06,198.507,99.3927,30200
2014-09-14,330.349,697.823,441.338,3180.56,492.056,6.3438e+06,216.647,211.84,30200
2014-09-21,360.515,761.525,481.656,3677.24,537,6.34317e+06,236.435,132.77,30200
2014-09-28,393.418,831.002,525.634,4219.28,586.023,6.34248e+06,258.019,124.077,30200
2014-07-13,140.54,307.797,188.879,198.338,204.983,6.34761e+06,84.7261,83.8871,30250
2014-07-20,162.592,354.775,210.388,412.337,235.508,6.34731e+06,97.3427,98.5627,30250
2014-07-27,186.762,406.354,239.861,654.262,271.397,6.34696e+06,112.177,132.174,30250
2014-08-03,213.975,465.268,274.545,930.808,311.231,6.34657e+06,128.641,128.664,30250
2014-08-10,245.031,532.736,314.379,1247.44,356.464,6.34611e+06,147.338,116.919,30250
2014-08-17,280.568,609.982,359.988,1610.01,408.177,6.34559e+06,168.712,173.389,30250
2014-08-24,321.245,698.401,412.195,2025.16,467.365,6.34499e+06,193.176,205.468,30250
2014-08-31,367.803,799.597,471.952,2500.52,535.112,6.34431e+06,221.179,235.989,30250
2014-09-07,421.087,915.405,540.346,3044.77,612.65,6.34353e+06,253.227,246.856,30250
2014-09-14,482.061,1047.92,618.619,3667.88,701.383,6.34263e+06,289.904,303.861,30250
2014-09-21,551.826,1199.52,708.185,4381.23,802.917,6.34161e+06,331.871,362.855,30250
2014-09-28,631.638,1372.94,810.663,5197.84,919.081,6.34044e+06,379.885,383.662,30250
2014-07-13,102.455,222.381,138.737,146.083,150.442,6.34784e+06,86.2027,121.242,30300
2014-07-20,116.793,252.701,152.783,302.417,170.379,6.34763e+06,97.6265,85.8492,30300
2014-07-27,132.291,285.487,171.85,476.904,193.554,6.34738e+06,110.906,117.428,30300
2014-08-03,149.493,322.415,194.013,673.652,218.911,6.34711e+06,125.435,113.323,30300
2014-08-10,168.853,364.13,219.127,895.838,247.3,6.3468e+06,141.702,103.283,30300
2014-08-17,190.704,411.243,247.492,1146.79,279.312,6.34645e+06,160.044,169.485,30300
2014-08-24,215.377,464.44,279.518,1430.21,315.452,6.34606e+06,180.753,205.552,30300
2014-08-31,243.234,524.503,315.68,1750.31,356.259,6.34562e+06,204.135,185.083,30300
2014-09-07,274.686,592.311,356.509,2111.81,402.332,6.34511e+06,230.534,236.992,30300
2014-09-14,310.192,668.859,402.605,2520.06,454.347,6.34455e+06,260.339,263.915,30300
2014-09-21,350.274,755.265,454.643,2981.09,513.067,6.34391e+06,293.985,340.358,30300
2014-09-28,395.515,852.789,513.384,3501.7,579.349,6.34319e+06,331.964,282.104,30300
2014-07-13,81.7598,179.406,109.704,115.13,119.078,6.34796e+06,79.1336,93.263,30350
2014-07-20,94.8892,207.42,122.497,239.57,137.233,6.34779e+06,91.1982,118.396,30350
2014-07-27,109.323,238.282,140.063,380.636,158.632,6.34758e+06,105.419,133.409,30350
2014-08-03,125.626,273.644,160.793,542.366,182.46,6.34735e+06,121.254,125.897,30350
2014-08-10,144.29,314.265,184.672,728.089,209.602,6.34708e+06,139.291,138.364,30350
2014-08-17,165.713,360.919,212.097,941.394,240.73,6.34677e+06,159.977,128.697,30350
2014-08-24,190.313,414.489,243.588,1186.37,276.469,6.34642e+06,183.727,191.747,30350
2014-08-31,218.558,475.997,279.746,1467.72,317.505,6.34601e+06,210.998,218.972,30350
2014-09-07,250.987,546.614,321.262,1790.82,364.621,6.34554e+06,242.309,262.864,30350
2014-09-14,288.218,627.683,368.927,2161.87,418.715,6.345e+06,278.258,226.873,30350
2014-09-21,330.957,720.742,423.649,2587.97,480.816,6.34439e+06,319.527,345.543,30350
2014-09-28,380.016,827.556,486.467,3077.25,552.103,6.34368e+06,366.9,375.845,30350
2014-07-13,102.987,225.305,138.539,145.526,150.336,6.34784e+06,77.3977,78.7754,30400
2014-07-20,118.932,259.241,154.099,302.384,172.417,6.34762e+06,88.766,66.2353,30400
2014-07-27,136.377,296.433,175.395,479.432,198.344,6.34736e+06,102.114,86.9866,30400
2014-08-03,155.987,338.843,200.42,681.479,227.072,6.34707e+06,116.904,118.953,30400
2014-08-10,178.329,387.334,229.115,912.423,259.639,6.34674e+06,133.671,150.856,30400
2014-08-17,203.854,442.765,261.918,1176.43,296.812,6.34637e+06,152.808,144.621,30400
2014-08-24,233.025,506.114,299.405,1478.23,339.29,6.34593e+06,174.677,162.551,30400
2014-08-31,266.361,578.507,342.248,1823.23,387.835,6.34544e+06,199.67,201.915,30400
2014-09-07,304.456,661.228,391.207,2217.58,443.311,6.34488e+06,228.231,199.646,30400
2014-09-14,347.983,755.742,447.153,2668.33,506.701,6.34423e+06,260.866,272.334,30400
2014-09-21,397.714,863.719,511.076,3183.54,579.128,6.34349e+06,298.154,443.595,30400
2014-09-28,454.526,987.063,584.108,3772.38,661.874,6.34265e+06,340.754,313.601,30400
2014-07-13,109.188,236.736,147.987,155.874,160.457,6.3478e+06,92.0072,51.2533,30450
2014-07-20,124.245,268.55,162.747,322.522,181.407,6.34757e+06,104.02,129.922,30450
2014-07-27,140.495,302.888,182.76,508.236,205.726,6.34732e+06,117.965,141.53,30450
2014-08-03,158.499,341.498,205.987,717.296,232.288,6.34703e+06,133.195,146.412,30450
2014-08-10,178.727,385.04,232.264,952.994,261.975,6.3467e+06,150.218,118.508,30450
2014-08-17,201.52,434.134,261.892,1218.76,295.394,6.34633e+06,169.381,210.668,30450
2014-08-24,227.212,489.475,295.289,1518.42,333.059,6.34592e+06,190.978,167.928,30450
2014-08-31,256.172,551.852,332.935,1856.29,375.516,6.34545e+06,215.323,206.051,30450
2014-09-07,288.814,622.155,375.369,2237.23,423.372,6.34493e+06,242.764,145.814,30450
2014-09-14,325.601,701.384,423.195,2666.71,477.309,6.34433e+06,273.692,213.088,30450
2014-09-21,367.058,790.665,477.095,3150.91,538.094,6.34366e+06,308.546,301.073,30450
2014-09-28,413.773,891.263,537.836,3696.76,606.591,6.34291e+06,347.823,377.806,30450
2014-07-13,120.881,264.118,162.781,171.057,176.622,6.34773e+06,82.0988,67.7616,30500
2014-07-20,139.306,303.293,180.773,355.221,202.156,6.34747e+06,93.9678,84.5154,30500
2014-07-27,159.427,346.134,205.366,562.717,232.089,6.34718e+06,107.881,87.1715,30500
2014-08-03,181.997,394.888,234.213,799.056,265.186,6.34684e+06,123.266,154.722,30500
2014-08-10,207.66,450.523,267.228,1068.67,302.631,6.34646e+06,140.671,130.61,30500
2014-08-17,236.921,513.992,304.894,1376.29,345.287,6.34602e+06,160.499,144.218,30500
2014-08-24,270.296,586.386,347.854,1727.27,393.933,6.34552e+06,183.111,197.506,30500
2014-08-31,308.36,668.948,396.854,2127.69,449.418,6.34495e+06,208.902,246.931,30500
2014-09-07,351.77,763.099,452.737,2584.5,512.696,6.3443e+06,238.315,240.402,30500
2014-09-14,401.271,870.454,516.466,3105.63,584.857,6.34356e+06,271.858,297.056,30500
2014-09-21,457.712,992.851,589.136,3700.09,667.139,6.34271e+06,310.104,260.839,30500
2014-09-28,522.057,1132.38,671.992,4378.19,760.95,6.34175e+06,353.71,333.143,30500
2014-07-13,86.5185,189.699,116.166,121.941,126.083,6.34794e+06,85.0206,101.332,30550
2014-07-20,100.282,219.049,129.583,253.647,145.123,6.34775e+06,97.8594,104.125,30550
2014-07-27,115.395,251.338,147.989,402.784,167.543,6.34753e+06,112.978,93.765,30550
2014-08-03,132.444,288.288,169.687,573.561,192.475,6.34729e+06,129.79,137.359,30550
2014-08-10,151.937,330.684,194.652,769.436,220.841,6.347e+06,148.917,191.728,30550
2014-08-17,174.285,379.315,223.289,994.13,253.331,6.34668e+06,170.826,220.733,30550
2014-08-24,199.914,435.089,256.132,1251.88,290.588,6.34631e+06,195.95,200.908,30550
2014-08-31,229.306,499.048,293.796,1547.53,333.316,6.34588e+06,224.762,263.469,30550
2014-09-07,263.011,572.389,336.988,1886.65,382.315,6.34539e+06,257.803,230.978,30550
2014-09-14,301.658,656.482,386.518,2275.62,438.502,6.34483e+06,295.691,252.456,30550
2014-09-21,345.969,752.894,443.31,2721.76,502.925,6.34419e+06,339.133,330.923,30550
2014-09-28,396.77,863.418,508.424,3233.43,576.787,6.34345e+06,388.939,438.941,30550
2014-07-13,108.837,239.806,145.527,152.53,158.022,6.3478e+06,78.408,86.6612,30600
2014-07-20,127.177,279.072,163.361,318.024,183.328,6.34756e+06,90.9645,103.364,30600
2014-07-27,147.469,322.633,187.955,506.745,213.316,6.34729e+06,105.844,105.255,30600
2014-08-03,170.54,372.866,217.146,724.482,246.927,6.34696e+06,122.521,148.82,30600
2014-08-10,197.121,430.936,250.98,976.11,285.463,6.34659e+06,141.642,123.025,30600
2014-08-17,227.825,498.047,290.084,1266.95,329.939,6.34617e+06,163.71,164.873,30600
2014-08-24,263.302,575.592,335.266,1603.09,381.323,6.34567e+06,189.206,217.507,30600
2014-08-31,304.292,665.182,387.471,1991.58,440.695,6.3451e+06,218.666,131.502,30600
2014-09-07,351.648,768.681,447.788,2440.55,509.29,6.34444e+06,252.701,250.532,30600
2014-09-14,406.353,888.233,517.47,2959.4,588.534,6.34368e+06,292.021,310.833,30600
2014-09-21,469.54,1026.31,597.964,3558.98,680.07,6.3428e+06,337.44,270.393,30600
2014-09-28,542.516,1185.77,690.936,4251.8,785.793,6.34178e+06,389.897,563.626,30600
2014-07-13,142.276,301.924,196.262,208.027,212.396,6.3476e+06,115.556,136.389,30650
2014-07-20,156.332,331.111,210.183,426.27,232.164,6.34733e+06,126.312,148.393,30650
2014-07-27,171.014,361.487,228.652,662.307,254.506,6.34703e+06,138.467,175.615,30650
2014-08-03,186.737,394.518,249.47,919.579,278.09,6.3467e+06,151.298,116.561,30650
2014-08-10,203.823,430.573,272.283,1200.34,303.578,6.34634e+06,165.165,166.879,30650
2014-08-17,222.454,469.919,297.181,1506.78,331.338,6.34595e+06,180.268,156.502,30650
2014-08-24,242.78,512.849,324.345,1841.24,361.619,6.34553e+06,196.743,162.347,30650
2014-08-31,264.956,559.682,353.98,2206.26,394.655,6.34507e+06,214.717,161.365,30650
2014-09-07,289.148,610.771,386.311,2604.63,430.697,6.34456e+06,234.326,160.769,30650
2014-09-14,315.537,666.498,421.581,3039.37,470.013,6.34401e+06,255.716,281.005,30650
2014-09-21,344.321,727.279,460.053,3513.79,512.899,6.3434e+06,279.049,336.91,30650
2014-09-28,375.714,793.566,502.017,4031.51,559.674,6.34275e+06,304.497,378.394,30650
2014-07-13,57.6074,128.692,76.1212,79.4368,82.7645,6.34811e+06,65.5883,42.5146,30700
2014-07-20,68.8786,153.101,87.0044,166.756,98.2027,6.34797e+06,77.8226,82.6912,30700
2014-07-27,81.6225,180.833,102.239,268.354,116.831,6.34782e+06,92.5854,67.2429,30700
2014-08-03,96.4415,213.52,120.677,388.101,138.186,6.34763e+06,109.508,84.5269,30700
2014-08-10,113.892,252.13,142.507,529.49,163.219,6.34741e+06,129.346,153.029,30700
2014-08-17,134.491,297.725,168.285,696.456,192.743,6.34715e+06,152.743,156.752,30700
2014-08-24,158.81,351.558,198.72,893.62,227.6,6.34685e+06,180.366,169.415,30700
2014-08-31,187.524,415.114,234.654,1126.44,268.753,6.34649e+06,212.979,187.554,30700
2014-09-07,221.422,490.145,277.078,1401.36,317.34,6.34606e+06,251.482,329.725,30700
2014-09-14,261.44,578.716,327.163,1725.97,374.699,6.34556e+06,296.938,261.104,30700
2014-09-21,308.677,683.262,386.287,2109.26,442.409,6.34496e+06,350.596,428.659,30700
2014-09-28,364.432,806.652,456.076,2561.8,522.332,6.34426e+06,413.932,388.944,30700
2014-07-13,115.435,251.373,155.886,163.978,169.088,6.34776e+06,83.235,82.266,30750
2014-07-20,132.297,287.127,172.379,339.982,192.497,6.34752e+06,94.7581,106.586,30750
2014-07-27,150.616,326.004,194.844,537.338,219.82,6.34724e+06,108.208,148.884,30750
2014-08-03,171.055,370.016,221.074,760.98,249.872,6.34693e+06,123.001,113.833,30750
2014-08-10,194.174,419.981,250.942,1014.8,283.691,6.34657e+06,139.649,144.505,30750
2014-08-17,220.399,476.692,284.843,1302.92,322.016,6.34617e+06,158.515,151.745,30750
2014-08-24,250.158,541.045,323.312,1629.95,365.501,6.34571e+06,179.921,190.032,30750
2014-08-31,283.924,614.063,366.964,2001.14,414.844,6.34518e+06,204.21,193.7,30750
2014-09-07,322.237,696.906,416.495,2422.44,470.832,6.34459e+06,231.77,260.003,30750
2014-09-14,365.702,790.887,472.691,2900.6,534.353,6.34392e+06,263.039,225.957,30750
2014-09-21,415.009,897.492,536.446,3443.26,606.414,6.34316e+06,298.512,378.979,30750
2014-09-28,470.937,1018.4,608.767,4059.09,688.156,6.34229e+06,338.75,347.599,30750
2014-07-13,111.534,238.923,152.681,161.394,165.368,6.34779e+06,94.8444,92.6538,30800
2014-07-20,124.438,265.922,165.404,332.102,183.432,6.34756e+06,105.205,86.3351,30800
2014-07-27,138.11,294.473,182.444,519.149,204.086,6.34732e+06,117.051,146.975,30800
2014-08-03,152.971,325.978,201.898,725.911,226.217,6.34704e+06,129.743,179.277,30800
2014-08-10,169.358,360.862,223.515,954.782,250.487,6.34674e+06,143.663,117.747,30800
2014-08-17,187.485,399.479,247.445,1208.16,277.307,6.34641e+06,159.045,112.954,30800
2014-08-24,207.547,442.218,273.93,1488.66,306.984,6.34604e+06,176.066,163.664,30800
2014-08-31,229.75,489.517,303.241,1799.17,339.828,6.34563e+06,194.904,213.951,30800
2014-09-07,254.32,541.856,335.678,2142.91,376.176,6.34518e+06,215.75,295.913,30800
2014-09-14,281.508,599.771,371.574,2523.42,416.398,6.34467e+06,238.819,267.159,30800
2014-09-21,311.591,663.85,411.295,2944.6,460.905,6.34412e+06,264.345,287.892,30800
2014-09-28,344.875,734.744,455.245,3410.8,510.149,6.3435e+06,292.589,245.097,30800
2014-07-13,92.8847,205.124,123.956,129.829,134.628,6.3479e+06,76.7011,86.8519,30850
2014-07-20,108.948,239.579,139.558,270.993,156.765,6.34769e+06,89.3131,83.7014,30850
2014-07-27,126.782,277.953,161.126,432.5,183.075,6.34745e+06,104.303,113.217,30850
2014-08-03,147.136,322.364,186.806,619.493,212.674,6.34717e+06,121.166,104.873,30850
2014-08-10,170.671,373.888,216.677,836.356,246.734,6.34685e+06,140.57,107.182,30850
2014-08-17,197.954,433.646,251.322,1087.9,286.185,6.34648e+06,163.047,154.395,30850
2014-08-24,229.59,502.942,291.496,1379.65,331.927,6.34605e+06,189.107,224.378,30850
2014-08-31,266.274,583.29,338.081,1718.03,384.969,6.34554e+06,219.327,172.897,30850
2014-09-07,308.808,676.445,392.097,2110.49,446.471,6.34496e+06,254.366,215.693,30850
2014-09-14,358.119,784.439,454.724,2565.64,517.776,6.34429e+06,294.99,310.602,30850
2014-09-21,415.282,909.622,527.329,3093.47,600.44,6.3435e+06,342.086,303.377,30850
2014-09-28,481.541,1054.71,611.494,3705.57,696.262,6.3426e+06,396.678,397.042,30850
2014-07-13,69.414,151.725,93.4439,98.1828,101.393,6.34804e+06,72.6145,78.4886,30900
2014-07-20,80.0465,174.34,103.824,203.927,116.124,6.34789e+06,83.1648,132.742,30900
2014-07-27,91.6654,199.09,118.019,323.135,133.403,6.34772e+06,95.5394,79.8925,30900
2014-08-03,104.708,227.276,134.681,458.996,152.523,6.34752e+06,109.232,109.079,30900
2014-08-10,119.55,259.464,153.762,614.085,174.17,6.3473e+06,124.735,56.8583,30900
2014-08-17,136.484,296.212,175.547,791.147,198.847,6.34705e+06,142.408,158.657,30900
2014-08-24,155.814,338.16,200.413,993.292,227.011,6.34676e+06,162.579,224.455,30900
2014-08-31,177.877,386.039,228.796,1224.07,259.159,6.34643e+06,185.602,98.2287,30900
2014-09-07,203.06,440.685,261.193,1487.52,295.853,6.34606e+06,211.881,183.899,30900
2014-09-14,231.801,503.051,298.17,1788.28,337.733,6.34563e+06,241.875,267.876,30900
2014-09-21,264.602,574.223,340.371,2131.61,385.53,6.34514e+06,276.105,154.939,30900
2014-09-28,302.033,655.437,388.532,2523.53,440.076,6.34458e+06,315.169,151.732,30900
2014-07-13,108.346,236.745,145.894,153.308,158.3,6.34781e+06,81.9769,90.1781,30950
2014-07-20,124.874,271.888,162.033,318.374,181.204,6.34757e+06,93.8378,82.3322,30950
2014-07-27,142.924,310.324,184.093,504.368,208.055,6.34731e+06,107.743,117.416,30950
2014-08-03,163.175,354.071,209.974,716.237,237.749,6.34701e+06,123.12,130.916,30950
2014-08-10,186.204,403.998,239.597,957.962,271.348,6.34666e+06,140.52,179.225,30950
2014-08-17,212.464,460.964,273.396,1233.79,309.627,6.34627e+06,160.343,155.325,30950
2014-08-24,242.421,525.948,311.952,1548.52,353.289,6.34582e+06,182.953,164.504,30950
2014-08-31,276.592,600.071,355.934,1907.63,403.094,6.34531e+06,208.745,226.38,30950
2014-09-07,315.567,684.612,406.103,2317.37,459.904,6.34473e+06,238.165,168.225,30950
2014-09-14,360.018,781.025,463.323,2784.85,524.698,6.34406e+06,271.719,323.761,30950
2014-09-21,410.71,890.967,528.582,3318.18,598.593,6.3433e+06,309.986,303.532,30950
2014-09-28,468.512,1016.32,603.001,3926.62,682.856,6.34244e+06,353.623,516.882,30950
2014-07-13,82.2771,184.902,108.157,112.649,117.663,6.34796e+06,68.1086,47.0962,31000
2014-07-20,99.3639,222.092,124.604,237.193,140.992,6.34777e+06,81.6124,79.3908,31000
2014-07-27,118.867,264.777,147.779,383.384,169.365,6.34754e+06,98.0366,121.938,31000
2014-08-03,141.766,315.569,176.068,557.305,202.21,6.34726e+06,117.049,63.0919,31000
2014-08-10,168.988,376.124,209.869,764.585,241.081,6.34693e+06,139.549,157.423,31000
2014-08-17,201.419,448.299,250.155,1011.66,287.357,6.34654e+06,166.336,203.871,31000
2014-08-24,240.067,534.308,298.162,1306.15,342.5,6.34607e+06,198.255,97.7519,31000
2014-08-31,286.12,636.791,355.371,1657.15,408.211,6.34551e+06,236.291,231.631,31000
2014-09-07,340.992,758.893,423.538,2075.49,486.509,6.34485e+06,281.614,315.784,31000
2014-09-14,406.366,904.355,504.758,2574.07,579.796,6.34406e+06,335.613,200.169,31000
2014-09-21,484.242,1077.62,601.519,3168.24,690.93,6.34312e+06,399.942,350.304,31000
2014-09-28,576.998,1283.98,716.781,3876.28,823.308,6.342e+06,476.569,409.323,31000
2014-07-13,103.649,225.934,139.853,147.069,151.712,6.34783e+06,83.9972,86.5716,31050
2014-07-20,118.985,258.48,154.846,305.066,172.991,6.34761e+06,95.7786,91.0307,31050
2014-07-27,135.672,293.928,175.289,482.484,197.86,6.34736e+06,109.548,122.559,31050
2014-08-03,154.321,334.122,199.192,683.838,225.257,6.34708e+06,124.717,128.569,31050
2014-08-10,175.448,379.826,226.452,912.717,256.139,6.34676e+06,141.815,171.182,31050
2014-08-17,199.451,431.78,257.44,1172.92,291.19,6.34639e+06,161.221,164.92,31050
2014-08-24,226.731,490.828,292.66,1468.72,331.023,6.34597e+06,183.275,126.097,31050
2014-08-31,257.734,557.933,332.687,1804.99,376.292,6.3455e+06,208.339,211.251,31050
2014-09-07,292.966,634.188,378.176,2187.24,427.739,6.34496e+06,236.823,184.48,31050
2014-09-14,333.001,720.832,429.868,2621.74,486.201,6.34434e+06,269.192,269.151,31050
2014-09-21,378.489,819.273,488.606,3115.64,552.628,6.34365e+06,305.97,293.351,31050
2014-09-28,430.167,931.105,555.344,3677,628.1,6.34286e+06,347.756,348.68,31050
2014-07-13,102.7,223.127,138.957,146.273,150.694,6.34784e+06,83.9328,109.976,31100
2014-07-20,117.257,253.934,153.211,302.945,170.926,6.34762e+06,95.2013,113.204,31100
2014-07-27,133.015,287.301,172.58,478.048,194.472,6.34738e+06,108.316,116.655,31100
2014-08-03,150.533,324.94,195.123,675.779,220.274,6.3471e+06,122.687,127.968,31100
2014-08-10,170.277,367.522,220.705,899.403,249.206,6.34679e+06,138.802,119.084,31100
2014-08-17,192.595,415.683,249.639,1152.35,281.878,6.34644e+06,156.999,106.332,31100
2014-08-24,217.831,470.145,282.358,1438.45,318.818,6.34604e+06,177.574,219.831,31100
2014-08-31,246.368,531.725,319.356,1762.04,360.589,6.34559e+06,200.839,274.011,31100
2014-09-07,278.633,601.348,361.19,2128.02,407.821,6.34508e+06,227.146,262.051,31100
2014-09-14,315.112,680.06,408.489,2541.95,461.221,6.3445e+06,256.889,214.166,31100
2014-09-21,356.351,769.039,461.965,3010.06,521.593,6.34385e+06,290.514,308.051,31100
2014-09-28,402.967,869.614,522.418,3539.45,589.84,6.34312e+06,328.526,325.96,31100
2014-07-13,100.683,218.449,136.382,143.62,147.883,6.34785e+06,88.2002,82.8107,31150
2014-07-20,114.699,248.079,150.115,297.264,167.376,6.34764e+06,99.8263,126.686,31150
2014-07-27,129.84,280.097,168.75,468.653,190.025,6.3474e+06,113.334,102.605,31150
2014-08-03,146.636,316.138,190.399,661.793,214.789,6.34714e+06,128.104,139.183,31150
2014-08-10,165.526,356.828,214.917,879.774,242.499,6.34683e+06,144.63,145.112,31150
2014-08-17,186.835,402.755,242.591,1125.82,273.725,6.34649e+06,163.254,152.022,31150
2014-08-24,210.881,454.583,273.82,1403.55,308.957,6.34611e+06,184.268,205.031,31150
2014-08-31,238.014,513.064,309.06,1717.03,348.716,6.34567e+06,207.98,207.5,31150
2014-09-07,268.631,579.049,348.824,2070.84,393.578,6.34518e+06,234.737,202.678,31150
2014-09-14,303.174,653.495,393.691,2470.17,444.197,6.34463e+06,264.927,251.447,31150
2014-09-21,342.146,737.478,444.313,2920.86,501.307,6.34401e+06,298.988,290.903,31150
2014-09-28,386.108,832.212,501.422,3429.48,565.733,6.3433e+06,337.413,350.45,31150
2014-07-13,100.683,218.449,136.382,143.62,147.883,6.34785e+06,88.2002,82.6061,31200
2014-07-20,114.699,248.079,150.115,297.264,167.376,6.34764e+06,99.8263,91.617,31200
2014-07-27,129.84,280.097,168.75,468.653,190.025,6.3474e+06,113.334,107.934,31200
2014-08-03,146.636,316.138,190.399,661.793,214.789,6.34714e+06,128.104,96.3773,31200
2014-08-10,165.526,356.828,214.917,879.774,242.499,6.34683e+06,144.63,178.892,31200
2014-08-17,186.835,402.755,242.591,1125.82,273.725,6.34649e+06,163.254,157.264,31200
2014-08-24,210.881,454.583,273.82,1403.55,308.957,6.34611e+06,184.268,206.763,31200
2014-08-31,238.014,513.064,309.06,1717.03,348.716,6.34567e+06,207.98,202.65,31200
2014-09-07,268.631,579.049,348.824,2070.84,393.578,6.34518e+06,234.737,251.01,31200
2014-09-14,303.174,653.495,393.691,2470.17,444.197,6.34463e+06,264.927,291.114,31200
2014-09-21,342.146,737.478,444.313,2920.86,501.307,6.34401e+06,298.988,260.66,31200
2014-09-28,386.108,832.212,501.422,3429.48,565.733,6.3433e+06,337.413,353.583,31200
2014-07-13,99.3199,216.16,134.187,141.178,145.545,6.34786e+06,85.8751,85.3111,31250
2014-07-20,113.723,246.686,148.279,292.631,165.545,6.34765e+06,97.6758,77.1176,31250
2014-07-27,129.357,279.847,167.462,462.322,188.874,6.34741e+06,111.44,91.5654,31250
2014-08-03,146.785,317.356,189.842,654.451,214.509,6.34714e+06,126.566,178.366,31250
2014-08-10,166.482,359.904,215.307,872.321,243.334,6.34684e+06,143.573,97.5467,31250
2014-08-17,188.807,408.157,244.186,1119.41,275.973,6.34649e+06,162.831,116.219,31250
2014-08-24,214.119,462.869,276.929,1399.65,312.975,6.3461e+06,184.663,227.393,31250
2014-08-31,242.818,524.897,314.054,1717.45,354.928,6.34565e+06,209.417,233.923,31250
2014-09-07,275.353,595.217,356.145,2077.85,402.493,6.34515e+06,237.481,302.055,31250
2014-09-14,312.236,674.929,403.862,2486.55,456.415,6.34457e+06,269.296,255.114,31250
2014-09-21,354.045,765.28,457.955,2950,517.54,6.34392e+06,305.362,318.317,31250
2014-09-28,401.431,867.681,519.27,3475.51,586.824,6.34319e+06,346.241,342.257,31250
2014-07-13,130.971,284.176,177.401,186.814,192.362,6.34767e+06,91.5151,106.638,31300
2014-07-20,149.214,322.744,195.276,386.673,217.735,6.3474e+06,103.586,104.384,31300
2014-07-27,168.923,364.422,219.533,609.632,247.215,6.34709e+06,117.611,160.597,31300
2014-08-03,190.786,411.337,247.713,860.903,279.451,6.34674e+06,132.947,133.369,31300
2014-08-10,215.376,464.304,279.628,1144.51,315.521,6.34635e+06,150.107,158.256,31300
2014-08-17,243.113,524.087,315.651,1464.65,356.168,6.3459e+06,169.444,182.889,31300
2014-08-24,274.413,591.549,356.302,1826.03,402.03,6.3454e+06,191.263,178.291,31300
2014-08-31,309.731,667.668,402.172,2233.95,453.782,6.34484e+06,215.884,176.613,31300
2014-09-07,349.581,753.548,453.93,2694.36,512.175,6.3442e+06,243.664,174.149,31300
2014-09-14,394.537,850.431,512.326,3214.02,578.056,6.34348e+06,275.006,244.427,31300
2014-09-21,445.252,959.713,578.207,3800.52,652.378,6.34267e+06,310.364,376.849,31300
2014-09-28,502.454,1082.97,652.522,4462.42,736.213,6.34175e+06,350.248,346.484,31300
2014-07-13,103.132,222.034,140.6,148.406,152.351,6.34784e+06,87.1861,93.2461,31350
2014-07-20,116.007,249.08,153.263,306.071,170.328,6.34763e+06,97.4737,117.99,31350
2014-07-27,129.752,277.925,170.31,480.037,191.012,6.34739e+06,109.31,63.317,31350
2014-08-03,144.811,310.003,189.904,673.793,213.35,6.34713e+06,122.094,146.512,31350
2014-08-10,161.545,345.792,211.839,889.901,238.043,6.34684e+06,136.225,126.972,31350
2014-08-17,180.2,385.714,236.307,1130.97,265.538,6.34652e+06,151.959,199.378,31350
2014-08-24,201.002,430.236,263.593,1399.88,296.197,6.34616e+06,169.504,122.513,31350
2014-08-31,224.201,479.883,294.022,1699.84,330.386,6.34575e+06,189.07,72.2001,31350
2014-09-07,250.069,535.242,327.955,2034.42,368.512,6.3453e+06,210.888,149.137,31350
2014-09-14,278.913,596.967,365.793,2407.6,411.024,6.3448e+06,235.217,212.803,31350
2014-09-21,311.073,665.783,407.982,2823.84,458.425,6.34424e+06,262.343,274.893,31350
2014-09-28,346.926,742.498,455.02,3288.07,511.272,6.34362e+06,292.585,126.496,31350
2014-07-13,96.5467,212.553,129.182,135.433,140.264,6.34788e+06,77.1506,68.2017,31400
2014-07-20,112.664,247.038,144.862,282.267,162.513,6.34766e+06,89.3881,115.36,31400
2014-07-27,130.474,285.241,166.466,449.512,188.849,6.34742e+06,103.874,108.491,31400
2014-08-03,150.698,329.241,192.078,642.23,218.33,6.34714e+06,120.09,138.649,31400
2014-08-10,173.969,380.043,221.729,864.668,252.088,6.34681e+06,138.658,171.818,31400
2014-08-17,200.817,438.683,255.955,1121.44,291.001,6.34643e+06,160.062,160.548,31400
2014-08-24,231.8,506.358,295.454,1417.85,335.904,6.346e+06,184.76,182.275,31400
2014-08-31,267.555,584.452,341.038,1759.99,387.724,6.3455e+06,213.263,244.927,31400
2014-09-07,308.814,674.561,393.64,2154.91,447.522,6.34492e+06,246.154,232.675,31400
2014-09-14,356.419,778.525,454.337,2610.73,516.521,6.34425e+06,284.106,228.808,31400
2014-09-21,411.341,898.461,524.369,3136.83,596.129,6.34348e+06,327.893,273.728,31400
2014-09-28,474.697,1036.81,605.163,3744,687.968,6.34259e+06,378.408,307.979,31400
2014-07-13,80.1825,175.36,107.89,113.342,117.074,6.34797e+06,80.9424,112.257,31450
2014-07-20,92.5488,201.675,119.96,235.475,134.203,6.3478e+06,92.785,123.69,31450
2014-07-27,106.074,230.499,136.474,373.268,154.307,6.3476e+06,106.685,121.616,31450
2014-08-03,121.269,263.355,155.873,530.442,176.573,6.34738e+06,122.079,114.944,31450
2014-08-10,138.574,300.905,178.107,710.012,201.804,6.34712e+06,139.523,160.556,31450
2014-08-17,158.337,343.81,203.513,915.196,230.59,6.34683e+06,159.425,180.571,31450
2014-08-24,180.913,392.826,232.535,1149.64,263.471,6.34649e+06,182.159,210.454,31450
2014-08-31,206.702,448.818,265.69,1417.52,301.034,6.34611e+06,208.129,236.149,31450
2014-09-07,236.162,512.774,303.563,1723.59,343.942,6.34567e+06,237.795,284.847,31450
2014-09-14,269.811,585.823,346.825,2073.29,392.955,6.34517e+06,271.681,229.292,31450
2014-09-21,308.242,669.251,396.238,2472.81,448.935,6.3446e+06,310.385,320.171,31450
2014-09-28,352.132,764.524,452.674,2929.24,512.87,6.34395e+06,354.588,347.863,31450
2014-07-13,115.574,250.023,156.935,165.41,170.124,6.34776e+06,85.2417,76.686,31500
2014-07-20,131.031,282.622,172.102,341.897,191.655,6.34752e+06,96.0296,99.2873,31500
2014-07-27,147.655,317.672,192.621,537.955,216.577,6.34725e+06,108.517,93.8427,31500
2014-08-03,166.007,356.946,216.362,757.914,243.7,6.34695e+06,122.107,120.569,31500
2014-08-10,186.555,401.085,243.131,1005.05,273.908,6.34661e+06,137.243,140.447,31500
2014-08-17,209.628,450.68,273.21,1282.77,307.795,6.34623e+06,154.222,147.485,31500
2014-08-24,235.548,506.396,306.999,1594.84,345.857,6.34581e+06,173.293,132.139,31500
2014-08-31,264.664,568.98,344.957,1945.49,388.615,6.34533e+06,194.717,207.028,31500
2014-09-07,297.368,639.274,387.594,2339.5,436.643,6.34479e+06,218.782,260.304,31500
2014-09-14,334.1,718.222,435.486,2782.2,490.589,6.34418e+06,245.812,220.652,31500
2014-09-21,375.353,806.88,489.275,3279.58,551.177,6.3435e+06,276.17,215.722,31500
2014-09-28,421.677,906.432,549.682,3838.39,619.216,6.34273e+06,310.261,365.427,31500
2014-07-13,80.6977,176.068,108.801,114.382,118.036,6.34797e+06,70.214,66.8103,31550
2014-07-20,92.7792,201.726,120.606,237.367,134.791,6.3478e+06,80.1808,74.5057,31550
2014-07-27,105.944,229.719,136.719,375.651,154.397,6.3476e+06,91.8436,79.8206,31550
2014-08-03,120.679,261.506,155.584,532.815,176.028,6.34738e+06,104.711,90.311,31550
2014-08-10,137.398,297.704,177.129,711.718,200.448,6.34713e+06,119.237,143.972,31550
2014-08-17,156.42,338.914,201.657,915.395,228.205,6.34684e+06,135.749,135.451,31550
2014-08-24,178.071,385.821,229.576,1147.27,259.796,6.34651e+06,154.541,191.416,31550
2014-08-31,202.715,439.208,261.352,1411.25,295.753,6.34614e+06,175.93,183.941,31550
2014-09-07,230.762,499.968,297.52,1711.76,336.678,6.34571e+06,200.274,141.122,31550
2014-09-14,262.682,569.113,338.682,2053.85,383.255,6.34523e+06,227.98,115.498,31550
2014-09-21,299.005,647.794,385.526,2443.27,436.259,6.34467e+06,259.51,276.319,31550
2014-09-28,340.337,737.321,438.833,2886.54,496.575,6.34405e+06,295.389,284.441,31550
2014-07-13,108.157,232.985,147.38,155.536,159.706,6.34781e+06,93.4223,114.144,31600
2014-07-20,121.772,261.601,160.769,320.86,178.713,6.34758e+06,104.54,83.2907,31600
2014-07-27,136.321,292.15,178.802,503.423,200.597,6.34734e+06,117.342,108.208,31600
2014-08-03,152.276,326.154,199.547,706.931,224.253,6.34707e+06,131.18,134.665,31600
2014-08-10,170.021,364.124,222.789,934.113,250.425,6.34676e+06,146.489,160.068,31600
2014-08-17,189.818,406.515,248.739,1187.76,279.593,6.34642e+06,163.552,191.651,31600
2014-08-24,211.915,453.83,277.701,1470.94,312.145,6.34604e+06,182.593,162.424,31600
2014-08-31,236.578,506.638,310.028,1787.09,348.477,6.34561e+06,203.846,231.373,31600
2014-09-07,264.103,565.571,346.107,2140.04,389.027,6.34513e+06,227.566,219.598,31600
2014-09-14,294.819,631.336,386.372,2534.05,434.28,6.3446e+06,254.038,315.524,31600
2014-09-21,329.095,704.719,431.306,2973.9,484.78,6.34401e+06,283.578,346.143,31600
2014-09-28,367.34,786.593,481.446,3464.89,541.129,6.34335e+06,316.541,357.793,31600
2014-07-13,75.9812,164.024,103.353,109.004,112.019,6.348e+06,86.1229,65.5723,31650
2014-07-20,85.8459,184.794,113.043,225.088,125.774,6.34784e+06,96.6983,67.9831,31650
2014-07-27,96.4217,207.048,126.124,353.662,141.655,6.34767e+06,108.908,134.952,31650
2014-08-03,108.059,231.902,141.216,497.451,158.881,6.34747e+06,122.152,185.03,31650
2014-08-10,121.047,259.749,158.18,658.491,178.005,6.34725e+06,136.855,168.199,31650
2014-08-17,135.585,290.941,177.183,838.878,199.39,6.34701e+06,153.296,202.497,31650
2014-08-24,151.867,325.875,198.463,1040.93,223.335,6.34673e+06,171.706,190.584,31650
2014-08-31,170.1,364.995,222.295,1267.25,250.151,6.34643e+06,192.323,215.667,31650
2014-09-07,190.518,408.801,248.983,1520.75,280.182,6.34608e+06,215.411,109.9,31650
2014-09-14,213.382,457.853,278.868,1804.67,313.809,6.3457e+06,241.265,253.913,31650
2014-09-21,238.982,512.774,312.333,2122.67,351.464,6.34526e+06,270.214,205.703,31650
2014-09-28,267.645,574.264,349.802,2478.82,393.624,6.34478e+06,302.628,244.298,31650
2014-07-13,108.911,240.29,145.461,152.398,157.971,6.3478e+06,77.4361,66.2076,31700
2014-07-20,127.546,280.229,163.569,317.954,183.664,6.34756e+06,90.0309,102.605,31700
2014-07-27,148.205,324.638,188.576,507.111,214.164,6.34728e+06,104.981,97.4238,31700
2014-08-03,171.745,375.955,218.312,725.797,248.422,6.34696e+06,121.774,97.0522,31700
2014-08-10,198.923,435.402,252.848,979.044,287.783,6.34658e+06,141.069,142.203,31700
2014-08-17,230.381,504.245,292.845,1272.35,333.306,6.34615e+06,163.384,201.311,31700
2014-08-24,266.805,583.955,339.155,1612.05,386.009,6.34565e+06,189.219,144.175,31700
2014-08-31,308.976,676.237,392.773,2005.46,447.029,6.34507e+06,219.13,231.642,31700
2014-09-07,357.795,783.064,454.85,2461.06,517.674,6.34439e+06,253.76,295.062,31700
2014-09-14,414.307,906.715,526.713,2988.65,599.453,6.34361e+06,293.847,373.744,31700
2014-09-21,479.715,1049.82,609.896,3599.58,694.112,6.34271e+06,340.249,366.952,31700
2014-09-28,555.411,1215.42,706.172,4306.97,803.666,6.34167e+06,393.951,264.323,31700
2014-07-13,80.0637,172.362,109.154,115.216,118.277,6.34797e+06,87.6646,72.946,31750
2014-07-20,90.0526,193.347,118.98,237.615,132.225,6.34781e+06,98.0025,109.419,31750
2014-07-27,100.717,215.726,132.205,372.662,148.273,6.34763e+06,109.897,121.19,31750
2014-08-03,112.4,240.613,147.407,523.064,165.604,6.34743e+06,122.742,130.736,31750
2014-08-10,125.384,268.38,164.425,690.807,184.761,6.3472e+06,136.941,131.979,31750
2014-08-17,139.856,299.352,183.409,877.917,206.093,6.34695e+06,152.752,192.55,31750
2014-08-24,155.996,333.895,204.579,1086.63,229.879,6.34667e+06,170.382,212.33,31750
2014-08-31,173.995,372.415,228.187,1319.42,256.405,6.34636e+06,190.042,253.843,31750
2014-09-07,194.066,415.368,254.514,1579.08,285.986,6.34601e+06,211.967,241.195,31750
2014-09-14,216.446,463.263,283.872,1868.69,318.971,6.34562e+06,236.415,237.317,31750
2014-09-21,241.401,516.665,316.608,2191.71,355.752,6.34518e+06,263.676,292.976,31750
2014-09-28,269.224,576.202,353.109,2551.97,396.761,6.3447e+06,294.071,312.628,31750
2014-07-13,90.8683,197.098,123.116,129.661,133.495,6.34791e+06,89.9019,88.3932,31800
2014-07-20,103.47,223.733,135.465,268.336,151.024,6.34772e+06,101.707,91.5206,31800
2014-07-27,117.078,252.502,152.218,422.967,171.383,6.34751e+06,115.418,119.003,31800
2014-08-03,132.167,284.872,171.673,597.147,193.635,6.34726e+06,130.403,146.335,31800
2014-08-10,149.13,321.401,193.697,793.646,218.523,6.34699e+06,147.164,157.632,31800
2014-08-17,168.257,362.617,218.546,1015.35,246.558,6.34669e+06,166.044,157.035,31800
2014-08-24,189.832,409.109,246.576,1265.5,278.177,6.34634e+06,187.338,180.016,31800
2014-08-31,214.169,461.55,278.193,1547.73,313.844,6.34595e+06,211.357,196.013,31800
2014-09-07,241.619,520.696,313.856,1866.14,354.074,6.34551e+06,238.45,312.192,31800
2014-09-14,272.577,587.4,354.08,2225.36,399.448,6.34501e+06,269.007,225.697,31800
2014-09-21,307.491,662.624,399.446,2630.62,450.621,6.34445e+06,303.47,239.874,31800
2014-09-28,346.863,747.446,450.606,3087.79,508.329,6.34382e+06,342.333,424.25,31800
2014-07-13,118.592,255.679,161.487,170.38,175.006,6.34774e+06,98.8824,93.56,31850
2014-07-20,133.705,287.465,176.342,351.619,196.094,6.3475e+06,110.798,100.527,31850
2014-07-27,149.875,321.446,196.368,551.993,220.401,6.34723e+06,124.532,119.605,31850
2014-08-03,167.631,359.318,219.432,775.641,246.711,6.34693e+06,139.397,142.323,31850
2014-08-10,187.405,401.662,245.305,1025.62,275.857,6.34659e+06,155.866,179.444,31850
2014-08-17,209.494,448.995,274.226,1305.08,308.381,6.34621e+06,174.243,142.832,31850
2014-08-24,234.179,501.893,306.548,1617.49,344.724,6.34579e+06,194.777,254.836,31850
2014-08-31,261.765,561.004,342.668,1966.7,385.338,6.34532e+06,217.725,168.846,31850
2014-09-07,292.591,627.054,383.031,2357.06,430.722,6.34479e+06,243.368,245.874,31850
2014-09-14,327.033,700.851,428.134,2793.39,481.435,6.3442e+06,272.022,251.308,31850
2014-09-21,365.514,783.296,478.528,3281.1,538.096,6.34354e+06,304.037,271.171,31850
2014-09-28,408.503,875.394,534.83,3826.19,601.397,6.34281e+06,339.803,328.854,31850
2014-07-13,119.172,256.749,162.371,171.348,175.953,6.34774e+06,94.051,106.503,31900
2014-07-20,134.206,288.35,177.153,353.503,196.937,6.3475e+06,105.268,114.617,31900
2014-07-27,150.273,322.092,197.066,554.693,221.103,6.34723e+06,118.185,115.943,31900
2014-08-03,167.896,359.657,219.977,779.013,247.231,6.34692e+06,132.151,137.285,31900
2014-08-10,187.502,401.613,245.652,1029.48,276.143,6.34659e+06,147.606,142.04,31900
2014-08-17,209.379,448.461,274.322,1309.18,308.373,6.34621e+06,164.833,178.926,31900
2014-08-24,233.801,500.762,306.328,1621.53,344.347,6.34579e+06,184.062,186.44,31900
2014-08-31,261.064,559.145,342.057,1970.3,384.507,6.34532e+06,205.528,229.383,31900
2014-09-07,291.497,624.31,381.941,2359.75,429.336,6.34479e+06,229.491,231.496,31900
2014-09-14,325.464,697.041,426.461,2794.61,479.374,6.34421e+06,256.238,166.366,31900
2014-09-21,363.373,778.209,476.151,3280.14,535.222,6.34355e+06,286.09,326.204,31900
2014-09-28,405.678,868.784,531.607,3822.23,597.549,6.34282e+06,319.405,276.874,31900
2014-07-13,155.088,334.356,211.187,222.819,228.867,6.34753e+06,100.7,121.047,31950
2014-07-20,174.846,375.908,230.609,459.835,256.437,6.34721e+06,112.831,136.146,31950
2014-07-27,195.983,420.324,256.788,721.867,288.211,6.34686e+06,126.811,140.248,31950
2014-08-03,219.19,469.822,286.935,1014.32,322.601,6.34646e+06,141.943,127.079,31950
2014-08-10,245.033,525.156,320.751,1341.2,360.694,6.34602e+06,158.703,112.442,31950
2014-08-17,273.897,587.002,358.548,1706.6,403.197,6.34552e+06,177.404,166.063,31950
2014-08-24,306.149,656.108,400.782,2115.05,450.683,6.34497e+06,198.298,153.613,31950
2014-08-31,342.185,733.318,447.972,2571.6,503.742,6.34435e+06,221.644,185.11,31950
2014-09-07,382.445,819.574,500.698,3081.9,563.023,6.34367e+06,247.727,230.266,31950
2014-09-14,427.421,915.926,559.603,3652.24,629.25,6.34289e+06,276.867,265.628,31950
2014-09-21,477.657,1023.54,625.405,4289.67,703.23,6.34203e+06,309.417,330.866,31950
2014-09-28,533.765,1143.72,698.903,5002.03,785.859,6.34107e+06,345.774,303.469,31950
2014-07-13,199.334,435.592,268.398,282.032,291.223,6.34726e+06,76.9648,72.5968,32000
2014-07-20,229.766,500.299,298.114,585.711,333.396,6.34684e+06,88.1103,87.5536,32000
2014-07-27,263.002,571.068,338.734,927.927,382.836,6.34635e+06,101.176,114.241,32000
2014-08-03,300.286,651.609,386.385,1317.78,437.509,6.34579e+06,115.626,136.864,32000
2014-08-10,342.682,743.517,440.924,1762.61,499.367,6.34516e+06,131.973,155.376,32000
2014-08-17,391.02,848.367,503.146,2270.22,569.833,6.34444e+06,150.596,196.42,32000
2014-08-24,446.152,967.949,574.115,2849.45,650.195,6.34361e+06,171.835,106.005,32000
2014-08-31,509.026,1104.31,655.055,3510.36,741.846,6.34267e+06,196.056,217.874,32000
2014-09-07,580.718,1259.79,747.357,4264.41,846.36,6.3416e+06,223.677,227.482,32000
2014-09-14,662.453,1437.03,852.602,5124.69,965.523,6.34037e+06,255.17,270.602,32000
2014-09-21,755.621,1639.03,972.586,6106.08,1101.37,6.33898e+06,291.071,260.744,32000
2014-09-28,861.8,1869.22,1109.35,7225.51,1256.2,6.33738e+06,331.99,275.403,32000
2014-07-13,110.354,241.196,148.564,156.101,161.2,6.34779e+06,88.6151,77.3035,32050
2014-07-20,127.244,277.118,165.054,324.214,184.603,6.34756e+06,101.48,104.184,32050
2014-07-27,145.698,316.424,187.602,513.715,212.049,6.34729e+06,116.568,104.735,32050
2014-08-03,166.41,361.179,214.064,729.667,242.414,6.34698e+06,133.26,120.148,32050
2014-08-10,189.974,412.278,244.364,976.153,276.786,6.34663e+06,152.155,151.487,32050
2014-08-17,216.855,470.605,278.951,1257.53,315.962,6.34623e+06,173.691,189.516,32050
2014-08-24,247.532,537.168,318.422,1578.72,360.665,6.34577e+06,198.265,271.964,32050
2014-08-31,282.539,613.123,363.465,1945.36,411.679,6.34525e+06,226.308,213.541,32050
2014-09-07,322.484,699.789,414.864,2363.85,469.891,6.34465e+06,258.309,254.748,32050
2014-09-14,368.06,798.664,473.513,2841.51,536.312,6.34397e+06,294.822,263.833,32050
2014-09-21,420.055,911.459,540.427,3386.69,612.091,6.34319e+06,336.479,295.518,32050
2014-09-28,479.367,1040.12,616.765,4008.89,698.539,6.3423e+06,384.001,477.505,32050
2014-07-13,94.5195,206.075,127.513,134.084,138.328,6.34789e+06,89.2675,95.6376,32100
2014-07-20,108.541,235.835,141.219,278.159,157.781,6.34769e+06,101.821,126.022,32100
2014-07-27,123.802,268.261,159.912,439.988,180.521,6.34746e+06,116.496,85.4245,32100
2014-08-03,140.863,305.041,181.774,623.707,205.582,6.3472e+06,132.668,79.5061,32100
2014-08-10,160.198,346.875,206.714,832.605,233.839,6.3469e+06,150.904,158.055,32100
2014-08-17,182.172,394.447,235.076,1070.17,265.922,6.34657e+06,171.608,119.746,32100
2014-08-24,207.154,448.533,267.32,1340.32,302.393,6.34619e+06,195.144,210.279,32100
2014-08-31,235.556,510.019,303.978,1647.52,343.858,6.34575e+06,221.902,314.654,32100
2014-09-07,267.843,579.914,345.652,1996.84,390.996,6.34526e+06,252.322,89.4613,32100
2014-09-14,304.543,659.36,393.027,2394.04,444.58,6.3447e+06,286.902,309.078,32100
2014-09-21,346.258,749.656,446.877,2845.68,505.487,6.34406e+06,326.207,309.427,32100
2014-09-28,393.668,852.273,508.083,3359.18,574.713,6.34334e+06,370.88,289.334,32100
2014-07-13,104.263,227.283,140.676,147.932,152.605,6.34783e+06,91.7021,60.4507,32150
2014-07-20,119.699,260.04,155.766,306.864,174.022,6.34761e+06,104.572,126.121,32150
2014-07-27,136.495,295.723,176.343,485.342,199.054,6.34736e+06,119.614,78.1679,32150
2014-08-03,155.267,336.185,200.402,687.914,226.631,6.34707e+06,136.185,149.404,32150
2014-08-10,176.536,382.196,227.843,918.191,257.718,6.34675e+06,154.866,168.174,32150
2014-08-17,200.701,434.503,259.039,1180,293.006,6.34638e+06,176.07,157.809,32150
2014-08-24,228.167,493.957,294.497,1477.65,333.109,6.34596e+06,200.169,212.153,32150
2014-08-31,259.384,561.527,334.798,1816.04,378.689,6.34548e+06,227.558,201.819,32150
2014-09-07,294.861,638.315,380.601,2200.73,430.492,6.34494e+06,258.687,236.445,32150
2014-09-14,335.177,725.571,432.654,2638.04,489.362,6.34432e+06,294.063,303.895,32150
2014-09-21,380.987,824.713,491.805,3135.14,556.258,6.34362e+06,334.262,449.939,32150
2014-09-28,433.035,937.348,559.016,3700.2,632.267,6.34282e+06,379.936,415.188,32150
2014-07-13,132.611,289.333,178.793,187.965,193.969,6.34766e+06,84.2572,87.1784,32200
2014-07-20,152.464,331.495,198.193,390.067,221.503,6.34738e+06,96.2173,128.116,32200
2014-07-27,174.096,377.487,224.67,617.31,253.719,6.34706e+06,110.211,104.671,32200
2014-08-03,198.304,429.71,255.666,875.574,289.26,6.34669e+06,125.65,122.359,32200
2014-08-10,225.769,489.17,291.063,1169.55,329.377,6.34627e+06,143.076,154.659,32200
2014-08-17,257.014,556.852,331.356,1504.24,374.974,6.3458e+06,162.883,144.151,32200
2014-08-24,292.571,633.878,377.211,1885.24,426.859,6.34526e+06,185.421,168.531,32200
2014-08-31,333.035,721.527,429.395,2318.96,485.905,6.34465e+06,211.069,236.019,32200
2014-09-07,379.077,821.253,488.777,2812.67,553.094,6.34395e+06,240.255,254.882,32200
2014-09-14,431.461,934.71,556.344,3374.65,629.542,6.34315e+06,273.463,298.801,32200
2014-09-21,491.054,1063.77,633.217,4014.29,716.516,6.34225e+06,311.243,248.12,32200
2014-09-28,558.84,1210.56,720.667,4742.29,815.454,6.34122e+06,354.22,415.634,32200
2014-07-13,128.831,282.491,172.968,181.563,187.736,6.34768e+06,77.7985,103.195,32250
2014-07-20,149.341,326.228,192.961,377.678,216.108,6.3474e+06,89.556,101.15,32250
2014-07-27,171.863,374.347,220.391,599.766,249.518,6.34708e+06,103.401,119.658,32250
2014-08-03,197.27,429.414,252.725,854.105,286.674,6.34672e+06,118.799,111.779,32250
2014-08-10,226.32,492.596,289.93,1145.85,328.946,6.3463e+06,136.317,150.029,32250
2014-08-17,259.625,565.069,332.608,1480.53,377.366,6.34581e+06,156.382,208.618,32250
2014-08-24,297.818,648.181,381.551,1864.48,432.889,6.34526e+06,179.391,175.776,32250
2014-08-31,341.616,743.485,437.678,2304.91,496.561,6.34462e+06,205.777,270.081,32250
2014-09-07,391.836,852.756,502.039,2810.12,569.572,6.34389e+06,236.033,232.169,32250
2014-09-14,449.413,978.027,575.836,3389.61,653.285,6.34306e+06,270.724,394.805,32250
2014-09-21,515.417,1121.62,660.441,4054.26,749.256,6.3421e+06,310.495,323.6,32250
2014-09-28,591.072,1286.2,757.427,4816.54,859.266,6.341e+06,356.083,363.93,32250
2014-07-13,104.544,228.81,140.582,147.652,152.558,6.34783e+06,81.8674,90.0835,32300
2014-07-20,120.816,263.456,156.458,306.865,175.089,6.3476e+06,93.958,68.9778,32300
2014-07-27,138.633,301.455,178.197,486.683,201.558,6.34735e+06,108.162,100.579,32300
2014-08-03,158.673,344.815,203.758,692.029,230.907,6.34705e+06,123.911,106.682,32300
2014-08-10,181.521,394.424,233.088,926.9,264.201,6.34671e+06,141.778,115.568,32300
2014-08-17,207.642,451.171,266.637,1195.58,302.228,6.34633e+06,162.185,164.528,32300
2014-08-24,237.514,516.068,305.005,1502.92,345.713,6.34589e+06,185.52,179.372,32300
2014-08-31,271.674,590.278,348.881,1854.49,395.441,6.34538e+06,212.206,238.634,32300
2014-09-07,310.735,675.132,399.056,2256.62,452.306,6.34481e+06,242.721,293.871,32300
2014-09-14,355.397,772.146,456.428,2716.57,517.327,6.34415e+06,277.613,359.808,32300
2014-09-21,406.457,883.053,522.024,3242.64,591.667,6.3434e+06,317.507,410.986,32300
2014-09-28,464.826,1009.83,597.017,3844.3,676.653,6.34253e+06,363.113,357.935,32300
2014-07-13,95.8085,210.736,128.294,134.54,139.288,6.34788e+06,73.9731,96.3798,32350
2014-07-20,111.634,244.569,143.696,280.282,161.144,6.34767e+06,85.5802,77.2301,32350
2014-07-27,129.096,281.994,164.898,446.065,186.985,6.34743e+06,99.3039,99.0424,32350
2014-08-03,148.896,325.034,190,636.83,215.868,6.34715e+06,114.643,79.71,32350
2014-08-10,171.646,374.658,219.022,856.703,248.894,6.34683e+06,132.183,132.01,32350
2014-08-17,197.856,431.858,252.474,1110.16,286.909,6.34646e+06,152.372,169.629,32350
2014-08-24,228.061,497.778,291.025,1402.32,330.714,6.34603e+06,175.636,162.592,32350
2014-08-31,262.869,573.739,335.452,1739.09,381.195,6.34554e+06,202.445,200.635,32350
2014-09-07,302.978,661.266,386.648,2127.26,439.367,6.34497e+06,233.339,278.665,32350
2014-09-14,349.192,762.108,445.639,2574.67,506.395,6.34432e+06,268.937,270.598,32350
2014-09-21,402.434,878.28,513.607,3090.32,583.622,6.34357e+06,309.95,335.745,32350
2014-09-28,463.767,1012.1,591.911,3684.6,672.588,6.3427e+06,357.198,402.612,32350
2014-07-13,89.8298,197.427,120.37,126.262,130.675,6.34792e+06,77.3382,78.5297,32400
2014-07-20,104.529,228.832,134.682,262.934,150.984,6.34772e+06,89.3576,90.7056,32400
2014-07-27,120.728,263.523,154.366,418.221,174.971,6.34749e+06,103.554,111.143,32400
2014-08-03,139.073,303.37,177.646,596.689,201.748,6.34723e+06,119.402,113.558,32400
2014-08-10,160.125,349.256,204.527,802.135,232.327,6.34693e+06,137.5,137.209,32400
2014-08-17,184.349,402.084,235.475,1038.67,267.482,6.34659e+06,158.306,106.493,32400
2014-08-24,212.231,462.89,271.097,1310.99,307.942,6.34619e+06,182.251,168.127,32400
2014-08-31,244.323,532.875,312.099,1624.5,354.513,6.34574e+06,209.813,222.568,32400
2014-09-07,281.258,613.417,359.29,1985.42,408.112,6.34521e+06,241.536,214.303,32400
2014-09-14,323.763,706.102,413.601,2400.91,469.798,6.34461e+06,278.044,234.818,32400
2014-09-21,372.674,812.75,476.102,2879.19,540.784,6.34391e+06,320.056,288.192,32400
2014-09-28,428.952,935.451,548.021,3429.74,622.465,6.34311e+06,368.397,353.938,32400
2014-07-13,107.841,232.948,146.616,154.602,158.917,6.34781e+06,101.299,151.309,32450
2014-07-20,121.967,262.702,160.487,319.338,178.607,6.34759e+06,113.85,111.545,32450
2014-07-27,137.124,294.615,179.223,501.959,201.357,6.34734e+06,128.351,86.9254,32450
2014-08-03,153.818,330.289,200.857,706.382,226.057,6.34706e+06,144.096,162.922,32450
2014-08-10,172.466,370.293,225.197,935.546,253.503,6.34675e+06,161.591,162.36,32450
2014-08-17,193.359,415.142,252.485,1192.48,284.222,6.3464e+06,181.172,147.803,32450
2014-08-24,216.777,465.412,283.07,1480.54,318.649,6.346e+06,203.117,206.178,32450
2014-08-31,243.024,521.754,317.352,1803.5,357.235,6.34556e+06,227.713,224.588,32450
2014-09-07,272.439,584.895,355.774,2165.56,400.481,6.34507e+06,255.28,260.37,32450
2014-09-14,305.405,655.652,398.834,2571.44,448.948,6.34452e+06,286.174,319.947,32450
2014-09-21,342.344,734.936,447.09,3026.45,503.26,6.3439e+06,320.794,255.346,32450
2014-09-28,383.734,823.766,501.162,3536.49,564.118,6.3432e+06,359.587,359.194,32450
2014-07-13,120.971,264.931,162.584,170.727,176.445,6.34773e+06,81.3413,104.989,32500
2014-07-20,139.946,305.352,181.091,354.93,202.71,6.34747e+06,93.4493,66.9713,32500
2014-07-27,160.742,349.732,206.45,563.161,233.59,6.34717e+06,107.685,103.412,32500
2014-08-03,184.157,400.422,236.293,801.182,267.864,6.34683e+06,123.486,140.971,32500
2014-08-10,210.878,458.473,270.568,1073.69,306.784,6.34644e+06,141.427,121.291,32500
2014-08-17,241.455,524.937,309.811,1385.73,351.279,6.34599e+06,161.94,130.548,32500
2014-08-24,276.455,601.017,354.731,1743.01,402.205,6.34547e+06,185.417,186.464,32500
2014-08-31,316.516,688.094,406.148,2152.09,460.498,6.34489e+06,212.29,203.276,32500
2014-09-07,362.366,787.748,464.999,2620.46,527.217,6.34421e+06,243.048,247.987,32500
2014-09-14,414.837,901.785,532.353,3156.68,603.574,6.34344e+06,278.248,304.602,32500
2014-09-21,474.877,1032.26,609.43,3770.55,690.951,6.34256e+06,318.529,365.672,32500
2014-09-28,543.57,1181.53,697.625,4473.29,790.927,6.34155e+06,364.618,399.965,32500
2014-07-13,81.0964,177.354,109.122,114.638,118.41,6.34797e+06,81.598,80.4068,32550
2014-07-20,93.5996,203.96,121.326,238.163,135.729,6.34779e+06,93.5327,72.7838,32550
2014-07-27,107.274,233.102,138.023,377.522,156.056,6.34759e+06,107.54,95.6189,32550
2014-08-03,122.636,266.317,157.635,536.477,178.567,6.34737e+06,123.053,142.93,32550
2014-08-10,140.131,304.277,180.114,718.073,204.075,6.34711e+06,140.63,137.605,32550
2014-08-17,160.109,347.65,205.797,925.565,233.175,6.34681e+06,160.684,137.153,32550
2014-08-24,182.93,397.197,235.136,1162.64,266.414,6.34647e+06,183.589,155.807,32550
2014-08-31,208.999,453.793,268.651,1433.51,304.384,6.34609e+06,209.755,167.719,32550
2014-09-07,238.776,518.437,306.934,1742.98,347.756,6.34564e+06,239.643,248.13,32550
2014-09-14,272.786,592.268,350.661,2096.55,397.295,6.34514e+06,273.781,307.766,32550
2014-09-21,311.628,676.585,400.604,2500.48,453.875,6.34456e+06,312.771,259.46,32550
2014-09-28,355.985,772.868,457.642,2961.94,518.491,6.3439e+06,357.299,358.643,32550
2014-07-13,102.217,222.375,138.149,145.363,149.836,6.34784e+06,85.2629,103.725,32600
2014-07-20,116.962,253.614,152.578,301.249,170.315,6.34763e+06,96.9164,109.53,32600
2014-07-27,132.957,287.527,172.211,475.806,194.19,6.34738e+06,110.502,111.703,32600
2014-08-03,150.776,325.862,195.105,673.321,220.408,6.3471e+06,125.422,125.819,32600
2014-08-10,170.902,369.32,221.137,897.158,249.87,6.34679e+06,142.186,148.532,32600
2014-08-17,193.697,418.573,250.641,1150.86,283.208,6.34644e+06,161.157,153.333,32600
2014-08-24,219.527,474.383,284.072,1438.41,320.979,6.34603e+06,182.65,173.634,32600
2014-08-31,248.795,537.617,321.953,1764.31,363.777,6.34558e+06,207.004,187.437,32600
2014-09-07,281.954,609.258,364.873,2133.65,412.268,6.34506e+06,234.598,204.688,32600
2014-09-14,319.52,690.415,413.5,2552.23,467.206,6.34447e+06,265.86,223.366,32600
2014-09-21,362.076,782.347,468.589,3026.59,529.443,6.34381e+06,301.275,196.037,32600
2014-09-28,410.278,886.471,530.992,3564.13,599.942,6.34306e+06,341.392,267.703,32600
2014-07-13,152.278,326.188,208.463,220.362,225.785,6.34754e+06,100.453,98.4246,32650
2014-07-20,169.883,363.021,225.822,453.434,250.431,6.34724e+06,111.418,127.543,32650
2014-07-27,188.534,401.965,249.069,708.795,278.608,6.3469e+06,123.954,128.747,32650
2014-08-03,208.804,444.933,275.606,991.053,308.795,6.34653e+06,137.384,168.945,32650
2014-08-10,231.151,492.5,305.089,1303.47,341.896,6.34612e+06,152.111,155.168,32650
2014-08-17,255.867,545.147,337.723,1649.3,378.467,6.34566e+06,168.382,165.929,32650
2014-08-24,283.216,603.403,373.833,2032.12,418.928,6.34516e+06,186.383,210.167,32650
2014-08-31,313.476,667.859,413.789,2455.86,463.697,6.3446e+06,206.301,273.516,32650
2014-09-07,346.956,739.168,457.997,2924.88,513.231,6.34398e+06,228.339,217.934,32650
2014-09-14,383.994,818.051,506.908,3444,568.032,6.3433e+06,252.72,152.917,32650
2014-09-21,424.964,905.305,561.016,4018.55,628.654,6.34254e+06,279.691,356.699,32650
2014-09-28,470.279,1001.81,620.868,4654.4,695.709,6.3417e+06,309.525,370.707,32650
2014-07-13,69.5852,153.219,93.0954,97.5955,101.083,6.34804e+06,77.0445,73.3208,32700
2014-07-20,81.2224,178.121,104.415,203.421,117.145,6.34788e+06,89.287,63.3807,32700
2014-07-27,94.0846,205.716,120.015,323.984,136.163,6.34771e+06,103.782,103.585,32700
2014-08-03,108.694,237.508,138.513,462.943,157.457,6.3475e+06,120.013,173.922,32700
2014-08-10,125.511,274.225,159.935,623.369,181.848,6.34727e+06,138.603,120.783,32700
2014-08-17,144.918,316.621,184.669,808.607,209.972,6.347e+06,160.039,119.245,32700
2014-08-24,167.321,365.565,213.223,1022.49,242.436,6.34668e+06,184.783,157.833,32700
2014-08-31,193.184,422.063,246.186,1269.44,279.912,6.34632e+06,213.347,284.028,32700
2014-09-07,223.038,487.279,284.237,1554.56,323.173,6.3459e+06,246.32,212.85,32700
2014-09-14,257.497,562.551,328.159,1883.75,373.109,6.34542e+06,284.381,186.521,32700
2014-09-21,297.269,649.425,378.856,2263.79,430.745,6.34486e+06,328.311,338.126,32700
2014-09-28,343.168,749.679,437.369,2702.55,497.266,6.34422e+06,379.012,296.686,32700
2014-07-13,78.8062,171.913,106.265,111.722,115.284,6.34798e+06,76.9774,47.6575,32750
2014-07-20,90.58,196.914,117.771,231.829,131.613,6.34781e+06,87.8811,66.3503,32750
2014-07-27,103.406,224.182,133.472,366.846,150.717,6.34762e+06,100.637,60.2227,32750
2014-08-03,117.759,255.14,151.851,520.257,171.79,6.3474e+06,114.708,133.161,32750
2014-08-10,134.039,290.383,172.835,694.844,195.571,6.34716e+06,130.587,115.507,32750
2014-08-17,152.558,330.496,196.719,893.558,222.598,6.34688e+06,148.634,116.784,32750
2014-08-24,173.631,376.144,223.898,1119.73,253.349,6.34656e+06,169.167,187.563,32750
2014-08-31,197.61,428.086,254.824,1377.14,288.342,6.34619e+06,192.532,197.164,32750
2014-09-07,224.896,487.185,290.016,1670.11,328.159,6.34578e+06,219.119,267.423,32750
2014-09-14,255.94,554.425,330.058,2003.53,373.464,6.34531e+06,249.37,148.916,32750
2014-09-21,291.259,630.92,375.616,2382.98,425.009,6.34477e+06,283.788,324.102,32750
2014-09-28,331.439,717.938,427.447,2814.8,483.65,6.34416e+06,322.944,345.585,32750
2014-07-13,87.1925,189.215,118.089,124.349,128.05,6.34793e+06,86.5373,86.5243,32800
2014-07-20,99.3619,214.947,130.012,257.399,144.973,6.34775e+06,97.9746,68.3261,32800
2014-07-27,112.513,242.762,146.194,405.858,164.641,6.34754e+06,111.267,115.491,32800
2014-08-03,127.106,274.083,164.999,573.208,186.154,6.34731e+06,125.805,148.961,32800
2014-08-10,143.524,309.455,186.303,762.138,210.234,6.34705e+06,142.078,151.978,32800
2014-08-17,162.051,349.393,210.357,975.463,237.378,6.34675e+06,160.423,177.231,32800
2014-08-24,182.964,394.478,237.509,1216.33,268.016,6.34642e+06,181.128,225.544,32800
2014-08-31,206.571,445.37,268.16,1488.28,302.601,6.34604e+06,204.501,247.371,32800
2014-09-07,233.218,502.811,302.758,1795.32,341.64,6.34562e+06,230.884,286.76,32800
2014-09-14,263.293,567.641,341.81,2141.97,385.703,6.34514e+06,260.662,247.701,32800
2014-09-21,297.236,640.805,385.887,2533.33,435.435,6.34459e+06,294.272,313.824,32800
2014-09-28,335.541,723.368,435.631,2975.14,491.56,6.34398e+06,332.202,314.091,32800
2014-07-13,95.9003,210.361,128.715,135.096,139.71,6.34788e+06,89.7638,78.9864,32850
2014-07-20,111.236,243.075,143.661,281.069,160.92,6.34767e+06,103.391,102.292,32850
2014-07-27,128.087,279.092,164.176,446.464,185.909,6.34743e+06,119.447,128.201,32850
2014-08-03,147.109,320.335,188.373,635.985,213.718,6.34716e+06,137.314,152.89,32850
2014-08-10,168.872,367.687,216.231,853.503,245.377,6.34684e+06,157.655,166.288,32850
2014-08-17,193.839,422.039,248.207,1103.19,281.664,6.34648e+06,180.97,154.409,32850
2014-08-24,222.491,484.413,284.903,1389.8,323.301,6.34607e+06,207.722,180.879,32850
2014-08-31,255.37,555.986,327.013,1718.77,371.083,6.34559e+06,238.422,314.039,32850
2014-09-07,293.096,638.11,375.335,2096.36,425.912,6.34505e+06,273.65,219.241,32850
2014-09-14,336.382,732.329,430.78,2529.74,488.824,6.34442e+06,314.071,436.692,32850
2014-09-21,386.042,840.417,494.395,3027.13,561.002,6.3437e+06,360.446,325.161,32850
2014-09-28,443.009,964.401,567.376,3597.95,643.805,6.34288e+06,413.647,343.359,32850
2014-07-13,87.3791,191.399,117.418,123.293,127.431,6.34793e+06,80.6758,66.0891,32900
2014-07-20,101.116,220.668,130.816,256.339,146.444,6.34774e+06,92.7125,78.3469,32900
2014-07-27,116.177,252.815,149.177,406.782,168.804,6.34753e+06,106.869,70.0142,32900
2014-08-03,133.14,289.547,170.792,578.797,193.63,6.34728e+06,122.586,124.93,32900
2014-08-10,152.506,331.628,195.624,775.795,221.831,6.34699e+06,140.44,165.807,32900
2014-08-17,174.674,379.825,224.067,1001.44,254.084,6.34667e+06,160.859,170.015,32900
2014-08-24,200.06,435.018,256.637,1259.88,291.014,6.3463e+06,184.239,175.043,32900
2014-08-31,229.128,498.217,293.932,1555.89,333.302,6.34587e+06,211.011,238.804,32900
2014-09-07,262.411,570.576,336.637,1894.91,381.724,6.34539e+06,241.667,191.175,32900
2014-09-14,300.517,653.418,385.534,2283.17,437.165,6.34483e+06,276.766,158.025,32900
2014-09-21,344.143,748.253,441.517,2727.83,500.638,6.34419e+06,316.95,332.295,32900
2014-09-28,394.082,856.806,505.606,3237.04,573.3,6.34346e+06,362.952,376.249,32900
2014-07-13,93.2118,201.975,126.398,133.16,137.042,6.3479e+06,93.407,85.7024,32950
2014-07-20,105.96,228.898,138.898,275.444,154.785,6.3477e+06,105.5,90.9632,32950
2014-07-27,119.706,257.927,155.837,433.871,175.366,6.34748e+06,119.528,120.877,32950
2014-08-03,134.921,290.538,175.48,612.051,197.823,6.34724e+06,134.835,166.205,32950
2014-08-10,152,327.282,197.683,812.748,222.9,6.34696e+06,151.927,133.455,32950
2014-08-17,171.227,368.674,222.695,1038.84,251.103,6.34665e+06,171.15,109.435,32950
2014-08-24,192.882,415.292,250.864,1293.53,282.862,6.3463e+06,192.797,179.47,32950
2014-08-31,217.269,467.793,282.589,1580.44,318.63,6.3459e+06,217.177,229.777,32950
2014-09-07,244.732,526.913,318.317,1903.62,358.912,6.34546e+06,244.632,244.484,32950
2014-09-14,275.658,593.484,358.551,2267.66,404.272,6.34495e+06,275.55,255.822,32950
2014-09-21,310.48,668.439,403.856,2677.7,455.35,6.34439e+06,310.364,458.106,32950
2014-09-28,349.686,752.825,454.869,3139.55,512.86,6.34375e+06,349.563,321.43,32950
2014-07-13,89.5017,197.247,119.651,125.4,129.928,6.34792e+06,82.0662,94.9657,33000
2014-07-20,104.622,229.625,134.352,261.487,150.788,6.34772e+06,95.2423,119.721,33000
2014-07-27,121.357,265.559,154.631,416.723,175.515,6.34749e+06,110.861,104.617,33000
2014-08-03,140.392,307.013,178.708,595.887,203.24,6.34723e+06,128.373,104.203,33000
2014-08-10,162.331,354.953,206.625,803.01,235.041,6.34692e+06,148.459,151.269,33000
2014-08-17,187.682,410.378,238.902,1042.49,271.756,6.34657e+06,171.649,184.71,33000
2014-08-24,216.987,474.447,276.211,1319.37,314.193,6.34616e+06,198.454,219.05,33000
2014-08-31,250.859,548.499,319.337,1639.49,363.245,6.34569e+06,229.436,211.481,33000
2014-09-07,290.009,634.084,369.184,2009.59,419.941,6.34515e+06,265.248,226.575,33000
2014-09-14,335.254,732.989,426.795,2437.44,485.468,6.34452e+06,306.636,343.221,33000
2014-09-21,387.539,847.277,493.376,2932.06,561.193,6.34379e+06,354.467,175.891,33000
2014-09-28,447.953,979.324,570.314,3503.81,648.696,6.34295e+06,409.736,477.297,33000
2014-07-13,84.5877,185.442,113.586,119.238,123.282,6.34795e+06,73.9756,85.081,33050
2014-07-20,98.0233,214.088,126.684,248.009,141.869,6.34776e+06,85.1287,142.272,33050
2014-07-27,112.772,245.597,144.65,393.794,163.752,6.34755e+06,98.2597,75.9342,33050
2014-08-03,129.408,281.647,165.825,560.701,188.082,6.34731e+06,112.859,166.469,33050
2014-08-10,148.425,323.002,190.184,752.098,215.757,6.34704e+06,129.465,158.404,33050
2014-08-17,170.222,370.43,218.12,971.611,247.45,6.34672e+06,148.483,136.596,33050
2014-08-24,195.215,424.813,250.152,1223.37,283.786,6.34636e+06,170.286,206.422,33050
2014-08-31,223.872,487.165,286.88,1512.09,325.449,6.34594e+06,195.287,133.297,33050
2014-09-07,256.727,558.65,328.991,1843.19,373.218,6.34546e+06,223.95,263.184,33050
2014-09-14,294.394,640.599,377.271,2222.9,427.983,6.34491e+06,256.813,318.074,33050
2014-09-21,337.572,734.536,432.62,2658.31,490.765,6.34429e+06,294.485,330.471,33050
2014-09-28,387.065,842.203,496.067,3157.6,562.732,6.34357e+06,337.669,412.133,33050
2014-07-13,122.689,267.84,165.335,173.786,179.379,6.34772e+06,87.4188,62.4816,33100
2014-07-20,141.191,307.152,183.41,360.742,205.031,6.34746e+06,99.9202,133.393,33100
2014-07-27,161.369,350.079,208.093,571.127,235.069,6.34716e+06,114.559,95.316,33100
2014-08-03,183.973,398.866,237.013,810.444,268.238,6.34682e+06,130.723,150.112,33100
2014-08-10,209.64,454.465,270.069,1083.1,305.713,6.34643e+06,148.987,189.922,33100
2014-08-17,238.867,517.81,307.731,1393.78,348.345,6.34599e+06,169.763,123.597,33100
2014-08-24,272.158,589.967,350.632,1747.79,396.902,6.34549e+06,193.427,145.242,33100
2014-08-31,310.078,672.152,399.498,2151.13,452.211,6.34492e+06,220.382,226.346,33100
2014-09-07,353.266,765.748,455.156,2610.68,515.207,6.34427e+06,251.082,211.715,33100
2014-09-14,402.45,872.332,518.546,3134.24,586.951,6.34352e+06,286.046,295.38,33100
2014-09-21,458.454,993.689,590.733,3730.7,668.65,6.34268e+06,325.861,477.095,33100
2014-09-28,522.219,1131.85,672.93,4410.18,761.674,6.34171e+06,371.196,453.561,33100
2014-07-13,75.2343,167.01,99.9564,104.521,108.615,6.348e+06,74.5393,42.0742,33150
2014-07-20,89.01,196.687,113.301,218.724,127.548,6.34783e+06,87.5322,112.268,33150
2014-07-27,104.431,230.036,131.853,350.375,150.203,6.34763e+06,103.08,102.96,33150
2014-08-03,122.179,268.952,154.105,504.029,175.906,6.3474e+06,120.719,142.659,33150
2014-08-10,142.87,314.466,180.195,683.671,205.732,6.34713e+06,141.188,156.956,33150
2014-08-17,167.051,367.684,210.7,893.726,240.56,6.34681e+06,165.09,93.3935,33150
2014-08-24,195.321,429.899,246.362,1139.34,281.273,6.34644e+06,193.029,149.228,33150
2014-08-31,228.367,502.625,288.051,1426.51,328.866,6.346e+06,225.691,253.334,33150
2014-09-07,266.996,587.633,336.785,1762.28,384.501,6.3455e+06,263.872,225.935,33150
2014-09-14,312.146,686.987,393.749,2154.85,449.531,6.3449e+06,308.5,280.193,33150
2014-09-21,364.915,803.098,460.329,2613.81,525.537,6.34421e+06,360.661,338.447,33150
2014-09-28,426.58,938.778,538.141,3150.36,614.362,6.3434e+06,421.619,446.422,33150
2014-07-13,155.19,340.212,208.397,218.769,226.186,6.34753e+06,80.5654,67.4187,33200
2014-07-20,179.829,392.741,232.418,455.021,260.273,6.34719e+06,92.707,131.948,33200
2014-07-27,206.872,450.508,265.364,722.476,300.4,6.3468e+06,107,54.7974,33200
2014-08-03,237.369,516.589,304.188,1028.66,345.007,6.34636e+06,122.889,109.345,33200
2014-08-10,272.224,592.376,348.841,1379.74,395.736,6.34586e+06,140.958,161.254,33200
2014-08-17,312.166,679.271,400.042,1782.36,453.818,6.34528e+06,161.646,122.433,33200
2014-08-24,357.951,778.879,458.735,2244.06,520.392,6.34461e+06,185.359,154.906,33200
2014-08-31,410.431,893.043,526.013,2773.48,596.703,6.34385e+06,212.54,212.732,33200
2014-09-07,470.578,1023.88,603.126,3380.54,684.167,6.34297e+06,243.694,283.58,33200
2014-09-14,539.503,1173.79,691.502,4076.56,784.403,6.34197e+06,279.397,226.182,33200
2014-09-21,618.475,1345.55,792.772,4874.55,899.258,6.34082e+06,320.308,239.328,33200
2014-09-28,708.944,1542.28,908.801,5789.37,1030.85,6.3395e+06,367.178,408.003,33200
2014-07-13,96.6373,209.752,130.859,137.788,141.9,6.34787e+06,95.6063,103.338,33250
2014-07-20,110.16,238.349,144.107,285.244,160.703,6.34767e+06,108.276,91.4255,33250
2014-07-27,124.778,269.272,162.09,449.822,182.562,6.34744e+06,123.003,112.684,33250
2014-08-03,141.002,304.101,182.994,635.396,206.477,6.34719e+06,139.116,194.008,33250
2014-08-10,159.262,343.447,206.681,844.962,233.253,6.3469e+06,157.157,254.871,33250
2014-08-17,179.872,387.883,233.434,1081.66,263.446,6.34657e+06,177.5,225.786,33250
2014-08-24,203.143,438.06,263.641,1348.98,297.534,6.3462e+06,200.466,232.778,33250
2014-08-31,229.419,494.712,297.749,1650.9,336.023,6.34578e+06,226.399,139.533,33250
2014-09-07,259.085,558.673,336.26,1991.87,379.481,6.3453e+06,255.679,300.157,33250
2014-09-14,292.577,630.878,379.739,2376.93,428.544,6.34477e+06,288.736,287.337,33250
2014-09-21,330.385,712.385,428.825,2811.78,483.932,6.34417e+06,326.054,352.349,33250
2014-09-28,373.062,804.383,484.235,3302.82,546.456,6.34349e+06,368.18,465.321,33250
2014-07-13,117.995,257.611,158.998,167.121,172.505,6.34775e+06,82.0031,89.2471,33300
2014-07-20,135.806,295.458,176.398,346.921,197.199,6.3475e+06,93.7415,95.2916,33300
2014-07-27,155.233,336.791,200.161,549.274,226.117,6.34721e+06,107.488,82.8714,33300
2014-08-03,176.998,383.772,228.005,779.483,258.053,6.34688e+06,122.67,102.853,33300
2014-08-10,201.717,437.319,259.836,1041.79,294.141,6.34651e+06,139.824,94.7486,33300
2014-08-17,229.867,498.336,296.107,1340.72,335.2,6.34608e+06,159.343,188.084,33300
2014-08-24,261.936,567.849,337.428,1681.37,381.971,6.3456e+06,181.576,177.255,33300
2014-08-31,298.469,647.034,384.501,2069.55,435.254,6.34505e+06,206.905,207.555,33300
2014-09-07,340.083,737.226,438.124,2511.88,495.949,6.34442e+06,235.757,250.685,33300
2014-09-14,387.48,839.948,499.205,3015.88,565.083,6.34371e+06,268.621,358.595,33300
2014-09-21,441.459,956.926,568.773,3590.13,643.821,6.34289e+06,306.05,139.508,33300
2014-09-28,502.926,1090.12,647.999,4244.4,733.487,6.34196e+06,348.675,342.153,33300
2014-07-13,89.8618,195.424,121.488,127.846,131.761,6.34792e+06,75.1022,73.4361,33350
2014-07-20,102.762,222.749,134.114,264.902,149.682,6.34773e+06,85.317,81.8788,33350
2014-07-27,116.749,252.394,151.289,418.292,170.565,6.34751e+06,97.2204,83.5969,33350
2014-08-03,132.322,285.886,171.305,591.761,193.485,6.34727e+06,110.285,98.0893,33350
2014-08-10,149.902,323.833,194.054,788.238,219.226,6.34699e+06,124.956,167.264,33350
2014-08-17,169.803,366.818,219.823,1010.81,248.339,6.34668e+06,141.55,141.915,33350
2014-08-24,192.342,415.501,249.007,1262.93,281.305,6.34633e+06,160.34,83.1428,33350
2014-08-31,217.866,470.632,282.057,1548.52,318.639,6.34593e+06,181.621,258.477,33350
2014-09-07,246.77,533.06,319.485,1872.01,360.918,6.34548e+06,205.719,133.556,33350
2014-09-14,279.499,603.747,361.869,2238.42,408.793,6.34497e+06,233.008,253.992,33350
2014-09-21,316.557,683.779,409.86,2653.43,463.003,6.34439e+06,263.907,217.686,33350
2014-09-28,358.512,774.383,464.198,3123.47,524.379,6.34373e+06,298.89,154.377,33350
2014-07-13,131.779,287.247,177.812,186.987,192.888,6.34767e+06,89.6538,90.7867,33400
2014-07-20,151.272,328.612,196.869,387.865,219.936,6.34739e+06,102.226,114.241,33400
2014-07-27,172.481,373.665,222.853,613.427,251.546,6.34707e+06,116.918,107.123,33400
2014-08-03,196.181,424.744,253.232,869.414,286.365,6.34671e+06,133.102,151.339,33400
2014-08-10,223.029,482.818,287.875,1160.38,325.61,6.3463e+06,151.342,139.334,33400
2014-08-17,253.528,548.828,327.253,1491.15,370.15,6.34583e+06,172.044,129.579,33400
2014-08-24,288.186,623.842,372.003,1867.16,420.759,6.3453e+06,195.567,209.278,33400
2014-08-31,327.57,709.079,422.855,2294.58,478.269,6.3447e+06,222.298,164.715,33400
2014-09-07,372.319,805.922,480.638,2780.41,543.617,6.34401e+06,252.671,206.391,33400
2014-09-14,423.158,915.939,546.292,3332.62,617.864,6.34323e+06,287.181,326.699,33400
2014-09-21,480.912,1040.91,620.88,3960.25,702.212,6.34235e+06,326.385,241.09,33400
2014-09-28,546.51,1182.84,705.609,4673.54,798.024,6.34134e+06,370.919,348.113,33400
2014-07-13,116.443,252.008,158.059,166.573,171.349,6.34776e+06,80.5194,76.8186,33450
2014-07-20,132.107,285.056,173.427,344.369,193.164,6.34752e+06,90.7704,76.306,33450
2014-07-27,148.965,320.615,194.226,541.999,218.429,6.34724e+06,102.643,82.5399,33450
2014-08-03,167.588,360.484,218.305,763.863,245.943,6.34694e+06,115.572,139.075,33450
2014-08-10,188.453,405.321,245.472,1013.3,276.607,6.3466e+06,129.981,106.813,33450
2014-08-17,211.897,455.733,276.018,1293.78,311.028,6.34621e+06,146.156,174.952,33450
2014-08-24,238.25,512.402,310.354,1609.16,349.715,6.34578e+06,164.336,204.338,33450
2014-08-31,267.872,576.098,348.95,1963.77,393.201,6.34529e+06,184.771,86.0506,33450
2014-09-07,301.166,647.687,392.333,2362.47,442.081,6.34475e+06,207.74,218.591,33450
2014-09-14,338.584,728.14,441.094,2810.72,497.017,6.34413e+06,233.555,410.251,33450
2014-09-21,380.634,818.546,495.893,3314.68,558.756,6.34344e+06,262.567,154.092,33450
2014-09-28,427.884,920.126,557.474,3881.23,628.134,6.34266e+06,295.168,234.522,33450
2014-07-13,103.403,226.193,139.108,146.128,150.952,6.34784e+06,97.883,98.8262,33500
2014-07-20,119.393,260.226,154.714,303.621,173.099,6.34761e+06,112.244,141.541,33500
2014-07-27,136.888,297.518,176.071,481.364,199.1,6.34736e+06,129.104,119.63,33500
2014-08-03,156.55,340.038,201.165,684.176,227.906,6.34707e+06,147.783,110.74,33500
2014-08-10,178.948,388.647,229.936,915.963,260.558,6.34674e+06,168.956,161.927,33500
2014-08-17,204.533,444.204,262.82,1180.9,297.821,6.34636e+06,193.119,184.623,33500
2014-08-24,233.769,507.69,300.396,1483.72,340.397,6.34592e+06,220.726,340.925,33500
2014-08-31,267.176,580.229,343.333,1829.83,389.047,6.34543e+06,252.273,181.809,33500
2014-09-07,305.345,663.105,392.394,2225.4,444.635,6.34486e+06,288.318,316.393,33500
2014-09-14,348.951,757.783,448.448,2677.5,508.145,6.34422e+06,329.501,314.332,33500
2014-09-21,398.766,865.933,512.486,3194.16,580.699,6.34348e+06,376.548,372.644,33500
2014-09-28,455.665,989.457,585.639,3784.58,663.577,6.34263e+06,430.289,495.786,33500
2014-07-13,111.39,240.12,151.696,160.057,164.394,6.34779e+06,90.1071,100.89,33550
2014-07-20,125.558,269.916,165.624,330.294,184.165,6.34756e+06,100.944,110.061,33550
2014-07-27,140.715,301.762,184.397,518.471,206.95,6.3473e+06,113.433,90.2468,33550
2014-08-03,157.354,337.249,206.013,728.462,231.608,6.34702e+06,126.948,138.238,33550
2014-08-10,175.881,376.919,230.258,963.136,258.918,6.3467e+06,141.918,131.28,33550
2014-08-17,196.573,421.254,257.356,1225.43,289.389,6.34635e+06,158.619,142.058,33550
2014-08-24,219.694,470.793,287.632,1518.58,323.43,6.34595e+06,177.278,234.922,33550
2014-08-31,245.526,526.141,321.462,1846.22,361.466,6.34551e+06,198.126,196.54,33550
2014-09-07,274.387,587.976,359.259,2212.38,403.963,6.34502e+06,221.419,252.077,33550
2014-09-14,306.63,657.052,401.486,2621.6,451.44,6.34446e+06,247.442,269.642,33550
2014-09-21,342.647,734.211,448.66,3078.9,504.477,6.34385e+06,276.513,334.458,33550
2014-09-28,382.877,820.391,501.356,3589.92,563.72,6.34316e+06,308.985,248.651,33550
2014-07-13,127.809,278.078,172.723,181.737,187.336,6.34769e+06,80.2343,95.4436,33600
2014-07-20,146.269,317.192,190.787,376.648,212.975,6.34742e+06,91.2151,97.2583,33600
2014-07-27,166.297,359.659,215.368,594.934,242.868,6.34711e+06,104.018,92.1481,33600
2014-08-03,188.611,407.667,244.035,841.965,275.698,6.34677e+06,118.079,141.481,33600
2014-08-10,213.816,462.096,276.634,1121.96,312.593,6.34638e+06,133.881,110.109,33600
2014-08-17,242.368,523.788,313.586,1439.36,354.347,6.34593e+06,151.764,151.486,33600
2014-08-24,274.723,593.698,355.458,1799.14,401.657,6.34543e+06,172.026,134.889,33600
2014-08-31,311.385,672.912,402.907,2206.96,455.267,6.34486e+06,194.987,168.309,33600
2014-09-07,352.924,762.659,456.672,2669.21,516.012,6.34421e+06,221.003,227.766,33600
2014-09-14,399.985,864.329,517.588,3193.13,584.835,6.34347e+06,250.479,227.532,33600
2014-09-21,453.296,979.495,586.6,3786.92,662.802,6.34264e+06,283.872,327.538,33600
2014-09-28,513.68,1109.93,664.775,4459.86,751.119,6.3417e+06,321.697,250.01,33600
2014-07-13,115.326,251.229,155.69,163.754,168.882,6.34776e+06,82.8667,53.5768,33650
2014-07-20,132.253,287.131,172.244,339.577,192.376,6.34752e+06,94.3946,72.3721,33650
2014-07-27,150.652,326.194,194.799,536.834,219.812,6.34724e+06,107.857,140.894,33650
2014-08-03,171.194,370.441,221.149,760.489,250.005,6.34693e+06,122.672,138.451,33650
2014-08-10,194.442,420.702,251.169,1014.47,284.003,6.34657e+06,139.354,135.305,33650
2014-08-17,220.828,477.781,285.263,1302.93,322.554,6.34616e+06,158.27,111.256,33650
2014-08-24,250.787,542.589,323.973,1630.54,366.319,6.3457e+06,179.744,200.106,33650
2014-08-31,284.8,616.165,367.923,2002.6,416.009,6.34518e+06,204.126,207.954,33650
2014-09-07,323.414,699.688,417.82,2425.12,472.421,6.34458e+06,231.806,250.904,33650
2014-09-14,367.246,794.494,474.464,2904.94,536.46,6.34391e+06,263.229,208.571,33650
2014-09-21,416.998,902.096,538.763,3449.79,609.151,6.34314e+06,298.897,279.371,33650
2014-09-28,473.461,1024.21,611.743,4068.47,691.654,6.34227e+06,339.379,259.996,33650
2014-07-13,99.9233,218.367,134.539,141.37,145.98,6.34786e+06,81.3524,88.8292,33700
2014-07-20,115.189,250.831,149.444,293.599,167.134,6.34764e+06,93.1411,104.364,33700
2014-07-27,131.865,286.345,169.822,465.159,191.938,6.3474e+06,106.964,124.863,33700
2014-08-03,150.578,326.773,193.733,660.622,219.374,6.34712e+06,122.253,108.542,33700
2014-08-10,171.862,372.923,221.107,883.673,250.424,6.3468e+06,139.557,141.444,33700
2014-08-17,196.138,425.591,252.347,1138.24,285.807,6.34644e+06,159.275,131.653,33700
2014-08-24,223.836,485.685,287.991,1428.77,326.173,6.34602e+06,181.771,162.531,33700
2014-08-31,255.438,554.245,328.659,1760.33,372.229,6.34555e+06,207.437,177.042,33700
2014-09-07,291.492,632.458,375.058,2138.71,424.775,6.34501e+06,236.72,282.688,33700
2014-09-14,332.62,721.677,427.991,2570.49,484.719,6.3444e+06,270.126,213.703,33700
2014-09-21,379.534,823.44,488.375,3063.21,553.098,6.3437e+06,308.232,380.003,33700
2014-09-28,433.041,939.497,557.25,3625.42,631.092,6.34289e+06,351.697,375.398,33700
2014-07-13,99.4525,216.844,134.161,141.072,145.541,6.34786e+06,89.5881,85.0989,33750
2014-07-20,114.217,248.183,148.594,292.663,166.024,6.34765e+06,102.197,85.5606,33750
2014-07-27,130.289,282.334,168.278,462.951,189.972,6.34741e+06,116.938,100.811,33750
2014-08-03,148.258,321.074,191.302,656.292,216.365,6.34713e+06,133.184,150.434,33750
2014-08-10,168.624,365.141,217.57,876.151,246.127,6.34682e+06,151.505,173.84,33750
2014-08-17,191.772,415.256,247.444,1126.2,279.923,6.34647e+06,172.308,227.132,33750
2014-08-24,218.09,472.237,281.411,1410.58,318.344,6.34607e+06,195.958,191.608,33750
2014-08-31,248.014,537.021,320.03,1733.98,362.028,6.34561e+06,222.848,228.467,33750
2014-09-07,282.033,610.669,363.938,2101.77,411.693,6.34509e+06,253.419,307.339,33750
2014-09-14,320.706,694.388,413.855,2520.01,468.154,6.3445e+06,288.174,268.529,33750
2014-09-21,364.665,789.545,470.599,2995.6,532.336,6.34383e+06,327.682,309.258,33750
2014-09-28,414.628,897.693,535.099,3536.39,605.288,6.34307e+06,372.588,272.193,33750
2014-07-13,93.3388,203.95,125.688,132.076,136.375,6.34789e+06,79.1579,85.754,33800
2014-07-20,107.574,234.219,139.588,274.278,156.103,6.34769e+06,90.6087,108.603,33800
2014-07-27,123.122,267.325,158.59,434.507,179.23,6.34747e+06,104.033,87.7878,33800
2014-08-03,140.564,305.006,180.881,617.022,204.807,6.34721e+06,118.879,135.846,33800
2014-08-10,160.4,348.01,206.396,825.253,233.746,6.34691e+06,135.677,111.99,33800
2014-08-17,183.019,397.078,235.509,1062.86,266.718,6.34657e+06,154.814,148.251,33800
2014-08-24,208.823,453.053,268.719,1333.97,304.326,6.34619e+06,176.644,228.639,33800
2014-08-31,238.257,516.904,306.604,1643.32,347.227,6.34574e+06,201.545,232.281,33800
2014-09-07,271.832,589.732,349.819,1996.26,396.163,6.34524e+06,229.95,260.8,33800
2014-09-14,310.125,672.793,399.111,2398.95,451.981,6.34467e+06,262.349,274.09,33800
2014-09-21,353.798,767.516,455.331,2858.37,515.641,6.34401e+06,299.3,334.387,33800
2014-09-28,403.601,875.528,519.447,3382.5,588.24,6.34327e+06,341.44,376.782,33800
2014-07-13,113.284,247.38,152.622,160.409,165.591,6.34778e+06,83.8051,92.8528,33850
2014-07-20,130.431,283.823,169.371,333.021,189.361,6.34753e+06,95.8352,120.564,33850
2014-07-27,149.14,323.637,192.251,527.346,217.206,6.34726e+06,109.927,139.008,33850
2014-08-03,170.109,368.908,219.069,748.496,247.968,6.34694e+06,125.496,150.545,33850
2014-08-10,193.931,420.526,249.737,1000.57,282.741,6.34659e+06,143.095,132.398,33850
2014-08-17,221.07,479.363,284.695,1287.93,322.319,6.34618e+06,163.125,151.807,33850
2014-08-24,251.998,546.417,324.534,1615.51,367.418,6.34571e+06,185.95,192.274,33850
2014-08-31,287.244,622.827,369.935,1988.92,418.814,6.34518e+06,211.961,250.293,33850
2014-09-07,327.406,709.891,421.673,2414.57,477.381,6.34458e+06,241.602,246.438,33850
2014-09-14,373.165,809.085,480.625,2899.73,544.115,6.34389e+06,275.376,303.078,33850
2014-09-21,425.298,922.088,547.794,3452.71,620.147,6.3431e+06,313.855,293.172,33850
2014-09-28,484.686,1050.8,624.316,4082.95,706.763,6.34221e+06,357.692,345.716,33850
2014-07-13,134.591,289.996,183.365,193.499,198.705,6.34765e+06,102.613,105.703,33900
2014-07-20,151.592,325.734,200.081,399.218,222.435,6.34737e+06,114.868,103.175,33900
2014-07-27,169.765,363.899,222.601,626.462,249.765,6.34707e+06,128.981,119.642,33900
2014-08-03,189.699,406.392,248.514,879.866,279.317,6.34673e+06,144.242,153.966,33900
2014-08-10,211.877,453.857,277.556,1162.85,312.023,6.34634e+06,161.131,139.07,33900
2014-08-17,236.628,506.863,309.99,1478.9,348.484,6.34592e+06,179.96,205.155,33900
2014-08-24,264.261,566.042,346.2,1831.87,389.186,6.34544e+06,200.979,187.253,33900
2014-08-31,295.111,632.108,386.627,2226.07,434.627,6.34491e+06,224.445,201.206,33900
2014-09-07,329.549,705.855,431.759,2666.3,485.355,6.34432e+06,250.642,195.97,33900
2014-09-14,367.99,788.168,482.139,3157.9,541.982,6.34365e+06,279.885,286.425,33900
2014-09-21,410.894,880.035,538.374,3706.85,605.188,6.34291e+06,312.525,349.521,33900
2014-09-28,458.775,982.551,601.138,4319.82,675.729,6.34209e+06,348.953,404.83,33900
2014-07-13,78.8635,175.627,104.49,109.151,113.576,6.34798e+06,65.4543,70.7485,33950
2014-07-20,93.8021,207.894,118.938,228.775,134.072,6.3478e+06,77.2662,88.0536,33950
2014-07-27,110.609,244.354,139.093,367.322,158.701,6.34759e+06,91.4601,87.0308,33950
2014-08-03,130.052,287.115,163.377,529.827,186.79,6.34734e+06,107.648,150.894,33950
2014-08-10,152.835,337.376,191.989,720.764,219.549,6.34705e+06,126.527,169.338,33950
2014-08-17,179.593,396.437,225.61,945.14,257.996,6.3467e+06,148.684,167.309,33950
2014-08-24,211.031,465.825,265.11,1208.8,303.162,6.3463e+06,174.714,175.176,33950
2014-08-31,247.964,547.339,311.515,1518.62,356.225,6.34582e+06,205.294,236.992,33950
2014-09-07,291.349,643.09,366.031,1882.67,418.56,6.34527e+06,241.218,287.668,33950
2014-09-14,342.31,755.555,430.07,2310.41,491.784,6.34461e+06,283.417,209.356,33950
2014-09-21,402.165,887.637,505.29,2812.98,577.789,6.34384e+06,332.982,226.409,33950
2014-09-28,472.456,1042.74,593.633,3403.43,678.797,6.34294e+06,391.193,214.268,33950
2014-07-13,109.88,238.725,148.672,156.5,161.23,6.3478e+06,92.3815,79.7416,34000
2014-07-20,125.454,271.685,163.922,324.125,182.875,6.34756e+06,104.784,107.317,34000
2014-07-27,142.313,307.382,184.644,511.469,208.066,6.3473e+06,119.218,118.052,34000
2014-08-03,161.053,347.649,208.761,723.022,235.67,6.34701e+06,135.034,154.439,34000
2014-08-10,182.176,393.202,236.129,962.276,266.622,6.34668e+06,152.769,146.332,34000
2014-08-17,206.051,444.723,267.084,1232.9,301.574,6.3463e+06,172.796,218.2,34000
2014-08-24,233.048,502.982,302.085,1538.99,341.092,6.34587e+06,195.439,172.485,34000
2014-08-31,263.574,568.854,341.663,1885.18,385.775,6.34539e+06,221.042,255.685,34000
2014-09-07,298.087,643.327,386.413,2276.73,436.298,6.34485e+06,249.99,203.446,34000
2014-09-14,337.106,727.518,437.008,2719.55,493.419,6.34423e+06,282.719,317.473,34000
2014-09-21,381.214,822.686,494.207,3220.35,557.993,6.34353e+06,319.719,277.702,34000
2014-09-28,431.071,930.249,558.866,3786.68,630.987,6.34274e+06,361.543,345.382,34000
2014-07-13,136.593,297.979,184.184,193.64,199.815,6.34764e+06,89.2561,112.736,34050
2014-07-20,157.005,341.322,204.131,401.819,228.126,6.34735e+06,101.902,137.912,34050
2014-07-27,179.241,388.592,231.352,635.844,261.246,6.34701e+06,116.697,87.4832,34050
2014-08-03,204.12,442.253,263.212,901.759,297.775,6.34664e+06,133.014,107.099,34050
2014-08-10,232.338,503.336,299.586,1204.38,338.998,6.34621e+06,151.428,114.769,34050
2014-08-17,264.433,572.85,340.984,1548.82,385.84,6.34572e+06,172.352,135.299,34050
2014-08-24,300.949,651.942,388.085,1940.85,439.131,6.34517e+06,196.157,240.289,34050
2014-08-31,342.494,741.921,441.674,2387.03,499.761,6.34454e+06,223.24,224.419,34050
2014-09-07,389.755,844.274,502.64,2894.8,568.738,6.34382e+06,254.051,217.359,34050
2014-09-14,443.514,960.691,571.994,3472.65,647.202,6.343e+06,289.101,244.757,34050
2014-09-21,504.656,1093.09,650.881,4130.21,736.447,6.34207e+06,328.966,292.979,34050
2014-09-28,574.187,1243.63,740.6,4878.43,837.942,6.34101e+06,374.303,468.508,34050
2014-07-13,68.0269,149.377,91.2229,95.714,99.0245,6.34805e+06,77.0112,89.7531,34100
2014-07-20,79.0432,172.897,101.953,199.235,114.252,6.3479e+06,88.8533,92.8354,34100
2014-07-27,91.1673,198.839,116.698,316.707,132.217,6.34773e+06,102.825,101.878,34100
2014-08-03,104.878,228.597,134.116,451.533,152.244,6.34753e+06,118.4,139.067,34100
2014-08-10,120.592,262.82,154.202,606.53,175.083,6.34731e+06,136.162,135.443,34100
2014-08-17,138.649,302.169,177.297,784.74,201.305,6.34705e+06,156.555,148.737,34100
2014-08-24,159.406,347.404,203.844,989.638,231.446,6.34675e+06,179.995,224.748,34100
2014-08-31,183.267,399.4,234.362,1225.21,266.093,6.34641e+06,206.94,221.236,34100
2014-09-07,210.695,459.166,269.442,1496.05,305.92,6.34601e+06,237.914,254.929,34100
2014-09-14,242.22,527.857,309.764,1807.43,351.698,6.34556e+06,273.515,277.968,34100
2014-09-21,278.451,606.802,356.109,2165.4,404.313,6.34504e+06,314.434,357.796,34100
2014-09-28,320.09,697.523,409.373,2576.92,464.782,6.34445e+06,361.46,349.889,34100
2014-07-13,129.088,276.464,176.745,186.844,191.428,6.34768e+06,107.087,158.923,34150
2014-07-20,143.97,307.594,191.419,384.431,212.262,6.34742e+06,118.742,84.8374,34150
2014-07-27,159.731,340.5,211.067,600.859,236.077,6.34714e+06,132.064,185.714,34150
2014-08-03,176.856,376.795,233.492,840.018,261.583,6.34682e+06,146.333,120.503,34150
2014-08-10,195.732,416.968,258.4,1104.66,289.546,6.34647e+06,161.976,154.875,34150
2014-08-17,216.604,461.421,285.963,1397.52,320.432,6.34609e+06,179.254,210.279,34150
2014-08-24,239.694,510.601,316.456,1721.63,354.596,6.34566e+06,198.366,227.385,34150
2014-08-31,265.238,565.004,350.19,2080.29,392.391,6.34519e+06,219.509,137.807,34150
2014-09-07,293.494,625.18,387.507,2477.17,434.2,6.34467e+06,242.897,319.702,34150
2014-09-14,324.748,691.737,428.785,2916.34,480.446,6.34409e+06,268.768,271.896,34150
2014-09-21,359.314,765.346,474.442,3402.28,531.597,6.34345e+06,297.383,308.16,34150
2014-09-28,397.541,846.744,524.937,3939.95,588.167,6.34274e+06,329.028,423.445,34150
2014-07-13,126.197,278.805,168.353,176.306,182.854,6.3477e+06,77.6174,75.3836,34200
2014-07-20,148.122,325.848,189.644,368.079,213.063,6.34742e+06,90.4404,89.492,34200
2014-07-27,172.479,378.276,219.089,587.619,248.985,6.34709e+06,105.688,105.62,34200
2014-08-03,200.294,438.989,254.167,841.962,289.422,6.34671e+06,122.853,141.845,34200
2014-08-10,232.475,509.463,294.992,1137.12,335.981,6.34628e+06,142.616,137.492,34200
2014-08-17,269.8,591.244,342.369,1479.68,389.939,6.34577e+06,165.52,177.514,34200
2014-08-24,313.105,686.127,397.336,1877.25,452.537,6.34518e+06,192.091,197.392,34200
2014-08-31,363.345,796.198,461.108,2338.64,525.162,6.34449e+06,222.919,222.86,34200
2014-09-07,421.624,923.872,535.09,2874.07,609.411,6.3437e+06,258.68,224.411,34200
2014-09-14,489.219,1071.95,620.907,3495.39,707.135,6.34277e+06,300.162,229.868,34200
2014-09-21,567.61,1243.66,720.44,4216.33,820.474,6.3417e+06,348.272,383.107,34200
2014-09-28,658.508,1442.74,835.867,5052.81,951.905,6.34046e+06,404.061,369.674,34200
2014-07-13,127.843,279.2,172.225,181.006,186.861,6.34769e+06,86.9849,72.783,34250
2014-07-20,147.216,320.375,191.147,375.799,213.715,6.34742e+06,99.4858,100.049,34250
2014-07-27,168.357,365.366,216.998,595.124,245.176,6.3471e+06,114.131,119.724,34250
2014-08-03,192.052,416.529,247.302,844.758,279.937,6.34675e+06,130.313,101.514,34250
2014-08-10,218.976,474.869,281.958,1129.34,319.235,6.34634e+06,148.606,146.48,34250
2014-08-17,249.651,541.377,321.468,1453.79,363.968,6.34588e+06,169.43,165.822,34250
2014-08-24,284.613,617.179,366.499,1823.71,414.946,6.34536e+06,193.16,161.18,34250
2014-08-31,324.458,703.565,417.821,2245.43,473.047,6.34476e+06,220.206,229.006,34250
2014-09-07,369.864,802.002,476.311,2726.2,539.259,6.34408e+06,251.029,281.184,34250
2014-09-14,421.602,914.16,542.962,3274.26,614.71,6.3433e+06,286.152,337.382,34250
2014-09-21,480.55,1041.94,618.907,3898.99,700.678,6.34241e+06,326.171,373.97,34250
2014-09-28,547.702,1187.49,705.432,4611.09,798.618,6.3414e+06,371.762,311.247,34250
2014-07-13,133.685,290.067,181.078,190.686,196.35,6.34765e+06,92.0957,98.6009,34300
2014-07-20,152.307,329.434,199.324,394.688,222.249,6.34737e+06,104.243,88.0894,34300
2014-07-27,172.424,371.976,224.083,622.269,252.34,6.34706e+06,118.357,112.245,34300
2014-08-03,194.74,419.863,252.848,878.748,285.243,6.3467e+06,133.79,142.06,34300
2014-08-10,219.839,473.926,285.424,1168.23,322.06,6.3463e+06,151.059,164.089,34300
2014-08-17,248.151,534.947,322.193,1495.01,363.549,6.34585e+06,170.519,182.153,34300
2014-08-24,280.099,603.805,363.685,1863.88,410.361,6.34534e+06,192.476,216.477,34300
2014-08-31,316.148,681.499,410.505,2280.25,463.184,6.34476e+06,217.252,198.065,34300
2014-09-07,356.821,769.154,463.333,2750.2,522.785,6.34411e+06,245.207,304.103,34300
2014-09-14,402.707,868.038,522.937,3280.63,590.028,6.34338e+06,276.746,207.846,34300
2014-09-21,454.469,979.575,590.179,3879.27,665.885,6.34255e+06,312.326,284.633,34300
2014-09-28,512.851,1105.37,666.029,4554.87,751.45,6.34161e+06,352.46,404.988,34300
2014-07-13,65.7645,145.606,87.5716,91.6465,95.1339,6.34806e+06,66.7869,56.7656,34350
2014-07-20,77.4675,170.763,98.9235,191.535,111.24,6.34791e+06,78.094,39.3076,34350
2014-07-27,90.5143,198.906,114.66,306.245,130.447,6.34774e+06,91.5781,98.1206,34350
2014-08-03,105.466,231.611,133.467,439.585,152.147,6.34754e+06,106.812,27.5623,34350
2014-08-10,122.827,269.708,155.428,594.844,177.221,6.34731e+06,124.414,182.686,34350
2014-08-17,143.033,314.073,181.003,775.651,206.382,6.34704e+06,144.886,133.803,34350
2014-08-24,166.56,365.729,210.78,986.205,240.331,6.34672e+06,168.72,152.413,34350
2014-08-31,193.952,425.869,245.45,1231.39,279.859,6.34635e+06,196.47,186.153,34350
2014-09-07,225.843,495.884,285.815,1516.91,325.879,6.34593e+06,228.777,250.891,34350
2014-09-14,262.969,577.388,332.807,1849.37,379.456,6.34543e+06,266.39,380.594,34350
2014-09-21,306.185,672.26,387.513,2236.49,441.824,6.34485e+06,310.174,331.136,34350
2014-09-28,356.487,782.681,451.192,2687.23,514.422,6.34417e+06,361.14,384.186,34350
2014-07-13,105.287,228.697,142.483,149.994,154.515,6.34782e+06,86.6872,92.1464,34400
2014-07-20,120.167,260.184,157.055,310.62,175.199,6.3476e+06,98.2914,139.843,34400
2014-07-27,136.271,294.274,176.852,490.088,199.265,6.34735e+06,111.793,93.0906,34400
2014-08-03,154.165,332.716,199.887,692.68,225.627,6.34707e+06,126.583,155.54,34400
2014-08-10,174.328,376.191,226.018,921.725,255.177,6.34675e+06,143.161,125.23,34400
2014-08-17,197.111,425.345,255.564,1180.71,288.535,6.34639e+06,161.876,194.619,34400
2014-08-24,222.865,480.912,288.963,1473.55,326.238,6.34598e+06,183.029,143.3,34400
2014-08-31,251.976,543.719,326.716,1804.66,368.858,6.34552e+06,206.94,265.384,34400
2014-09-07,284.879,614.706,369.39,2179.02,417.032,6.345e+06,233.967,245.905,34400
2014-09-14,322.067,694.932,417.623,2602.26,471.48,6.34441e+06,264.514,240.643,34400
2014-09-21,364.093,785.59,472.135,3080.77,533.014,6.34375e+06,299.036,342.331,34400
2014-09-28,411.582,888.027,533.738,3621.71,602.551,6.34299e+06,338.049,442.209,34400
2014-07-13,85.2954,187.084,114.489,120.168,124.268,6.34794e+06,81.1413,74.131,34450
2014-07-20,98.9226,216.151,127.77,250.001,143.115,6.34776e+06,93.4477,77.4725,34450
2014-07-27,113.893,248.148,145.998,397.092,165.318,6.34754e+06,107.946,119.871,34450
2014-08-03,130.792,284.785,167.496,565.619,190.024,6.3473e+06,124.077,137.502,34450
2014-08-10,150.124,326.845,192.244,759.019,218.148,6.34702e+06,142.441,157.595,34450
2014-08-17,172.3,375.117,220.647,980.994,250.379,6.3467e+06,163.486,231.209,34450
2014-08-24,197.746,430.509,253.239,1235.76,287.36,6.34633e+06,187.633,154.712,34450
2014-08-31,226.943,494.066,290.638,1528.16,329.793,6.34591e+06,215.341,237.375,34450
2014-09-07,260.444,566.986,333.549,1863.73,378.482,6.34543e+06,247.132,174.771,34450
2014-09-14,298.878,650.643,382.783,2248.84,434.344,6.34487e+06,283.607,317.394,34450
2014-09-21,342.969,746.607,439.267,2690.78,498.43,6.34423e+06,325.453,235.197,34450
2014-09-28,393.546,856.68,504.064,3197.93,571.946,6.3435e+06,373.456,261.324,34450
2014-07-13,106.332,230.994,143.882,151.461,156.034,6.34782e+06,87.1527,88.754,34500
2014-07-20,121.383,262.847,158.622,313.676,176.955,6.34759e+06,98.8383,97.4753,34500
2014-07-27,137.676,297.341,178.648,494.95,201.301,6.34734e+06,112.437,107.329,34500
2014-08-03,155.784,336.245,201.954,699.619,227.974,6.34706e+06,127.335,111.621,34500
2014-08-10,176.19,380.251,228.398,931.055,257.879,6.34673e+06,144.039,130.753,34500
2014-08-17,199.253,430.015,258.302,1192.8,291.645,6.34637e+06,162.898,177.957,34500
2014-08-24,225.328,486.28,292.112,1488.8,329.815,6.34596e+06,184.218,177.736,34500
2014-08-31,254.807,549.889,330.338,1823.54,372.97,6.34549e+06,208.323,215.504,34500
2014-09-07,288.134,621.795,373.553,2202.09,421.758,6.34496e+06,235.573,235.7,34500
2014-09-14,325.806,703.074,422.407,2630.14,476.91,6.34437e+06,266.378,313.139,34500
2014-09-21,368.386,794.939,477.63,3114.17,539.251,6.34369e+06,301.199,284.02,34500
2014-09-28,416.511,898.757,540.048,3661.47,609.712,6.34293e+06,340.555,273.903,34500
2014-07-13,114.313,248.325,154.686,162.836,167.75,6.34777e+06,82.0188,89.622,34550
2014-07-20,130.488,282.554,170.526,337.229,190.233,6.34753e+06,93.0113,164.296,34550
2014-07-27,147.995,319.618,192.046,532.103,216.394,6.34726e+06,105.803,66.6979,34550
2014-08-03,167.451,361.418,217.089,752.115,245.055,6.34695e+06,119.816,127.453,34550
2014-08-10,189.376,408.696,245.502,1000.89,277.186,6.34661e+06,135.526,112.187,34550
2014-08-17,214.153,462.156,277.631,1282.22,313.462,6.34621e+06,153.262,109.581,34550
2014-08-24,242.164,522.597,313.953,1600.37,354.468,6.34577e+06,173.312,152.328,34550
2014-08-31,273.83,590.92,355.016,1960.13,400.826,6.34527e+06,195.977,158.264,34550
2014-09-07,309.625,668.149,401.436,2366.94,453.23,6.3447e+06,221.6,264.601,34550
2014-09-14,350.084,755.436,453.908,2826.93,512.465,6.34406e+06,250.562,166.749,34550
2014-09-21,395.811,854.082,513.216,3347.04,579.415,6.34334e+06,283.296,249.312,34550
2014-09-28,447.485,965.552,580.244,3935.09,655.078,6.34252e+06,320.29,282.388,34550
2014-07-13,83.9909,185.251,112.207,117.569,121.853,6.34795e+06,79.7332,94.9268,34600
2014-07-20,98.3119,215.939,126.125,245.253,141.602,6.34776e+06,92.6558,74.1381,34600
2014-07-27,114.182,250.043,145.341,391.073,165.037,6.34755e+06,107.99,121.116,34600
2014-08-03,132.257,289.437,168.181,559.581,191.347,6.3473e+06,125.206,153.703,34600
2014-08-10,153.117,335.052,194.697,754.628,221.564,6.34701e+06,144.978,179.398,34600
2014-08-17,177.252,387.857,225.393,980.428,256.496,6.34668e+06,167.835,117.825,34600
2014-08-24,205.185,448.973,260.92,1241.82,296.922,6.34629e+06,194.287,147.365,34600
2014-08-31,237.514,519.703,302.037,1544.41,343.709,6.34585e+06,224.902,236.32,34600
2014-09-07,274.927,601.553,349.624,1894.69,397.857,6.34533e+06,260.333,265.381,34600
2014-09-14,318.22,696.263,404.692,2300.13,460.518,6.34473e+06,301.335,252.728,34600
2014-09-21,368.314,805.844,468.416,2769.44,533.024,6.34404e+06,348.778,352.992,34600
2014-09-28,426.27,932.615,542.146,3312.62,616.915,6.34324e+06,403.671,436.824,34600
2014-07-13,97.2986,210.26,132.237,139.423,143.337,6.34787e+06,90.5177,78.4839,34650
2014-07-20,110.117,237.271,144.822,288.04,161.202,6.34767e+06,101.799,99.5131,34650
2014-07-27,123.88,266.26,161.828,452.887,181.853,6.34745e+06,114.84,82.9117,34650
2014-08-03,139.05,298.689,181.476,637.528,204.29,6.34719e+06,129.009,120.982,34650
2014-08-10,156.005,335.077,203.595,844.646,229.237,6.34691e+06,144.763,164.96,34650
2014-08-17,175.015,375.898,228.41,1077.01,257.177,6.34659e+06,162.408,207.924,34650
2014-08-24,196.335,421.685,256.241,1337.69,288.51,6.34624e+06,182.195,159.541,34650
2014-08-31,220.247,473.035,287.456,1630.13,323.653,6.34584e+06,204.387,196.767,34650
2014-09-07,247.064,530.621,322.464,1958.18,363.066,6.34539e+06,229.277,274.926,34650
2014-09-14,277.137,595.196,361.724,2326.19,407.266,6.34489e+06,257.189,230.862,34650
2014-09-21,310.859,667.603,405.751,2738.99,456.83,6.34433e+06,288.489,270.223,34650
2014-09-28,348.669,748.785,455.118,3202.03,512.406,6.3437e+06,323.585,380.095,34650
2014-07-13,128.036,274.703,175.045,184.95,189.617,6.34769e+06,101.632,68.8179,34700
2014-07-20,143.214,306.501,190,380.844,210.848,6.34743e+06,113.012,118.92,34700
2014-07-27,159.334,340.214,210.059,595.955,235.171,6.34714e+06,126.048,104.414,34700
2014-08-03,176.898,377.505,233.009,834.301,261.296,6.34683e+06,140.051,142.012,34700
2014-08-10,196.312,418.892,258.569,1098.76,290.017,6.34648e+06,155.445,149.426,34700
2014-08-17,217.839,464.814,286.93,1392.22,321.828,6.34609e+06,172.495,207.069,34700
2014-08-24,241.718,515.757,318.392,1717.87,357.112,6.34566e+06,191.407,237.975,34700
2014-08-31,268.206,572.264,353.292,2079.23,396.252,6.34518e+06,212.385,273.303,34700
2014-09-07,297.587,634.939,392.005,2480.18,439.667,6.34465e+06,235.655,212.975,34700
2014-09-14,330.173,704.448,434.944,2925.06,487.82,6.34406e+06,261.465,423.605,34700
2014-09-21,366.311,781.531,482.567,3418.66,541.226,6.3434e+06,290.09,357.173,34700
2014-09-28,406.386,867.003,535.381,3966.3,600.45,6.34267e+06,321.833,366.904,34700
2014-07-13,78.2752,171.812,105.001,110.184,113.977,6.34798e+06,76.1336,65.2321,34750
2014-07-20,90.8912,198.738,117.292,229.311,131.419,6.34781e+06,87.7844,89.0728,34750
2014-07-27,104.767,228.417,134.174,364.416,151.986,6.34762e+06,101.523,154.055,34750
2014-08-03,120.449,262.439,154.105,519.384,174.899,6.34739e+06,116.828,98.3561,34750
2014-08-10,138.409,301.542,177.076,697.426,201.013,6.34714e+06,134.271,141.226,34750
2014-08-17,159.035,346.472,203.47,902.007,230.975,6.34684e+06,154.285,120.381,34750
2014-08-24,182.731,398.088,233.791,1137.08,265.392,6.3465e+06,177.275,151.525,34750
2014-08-31,209.951,457.382,268.623,1407.18,304.93,6.34611e+06,203.685,238.721,34750
2014-09-07,241.219,525.49,308.637,1717.51,350.348,6.34566e+06,234.024,260.393,34750
2014-09-14,277.134,603.717,354.6,2074.07,402.519,6.34514e+06,268.873,368.671,34750
2014-09-21,318.384,693.56,407.393,2483.71,462.441,6.34455e+06,308.899,276.56,34750
2014-09-28,365.757,796.732,468.027,2954.34,531.26,6.34387e+06,354.869,330.94,34750
2014-07-13,106.891,234.826,143.283,150.315,155.543,6.34781e+06,80.5404,64.7516,34800
2014-07-20,124.296,272,160.233,312.961,179.596,6.34758e+06,92.9949,76.5869,34800
2014-07-27,143.465,313.032,183.534,497.649,207.99,6.34731e+06,107.697,69.7035,34800
2014-08-03,165.156,360.13,211.076,709.77,239.663,6.347e+06,124.098,149.695,34800
2014-08-10,190.032,414.329,242.859,953.797,275.809,6.34665e+06,142.814,131.202,34800
2014-08-17,218.636,476.683,279.424,1234.57,317.335,6.34624e+06,164.316,158.993,34800
2014-08-24,251.538,548.405,321.482,1557.6,365.094,6.34577e+06,189.046,164.158,34800
2014-08-31,289.379,630.894,369.857,1929.25,420.027,6.34523e+06,217.49,209.099,34800
2014-09-07,332.9,725.758,425.495,2356.82,483.207,6.34461e+06,250.205,247.6,34800
2014-09-14,382.948,834.842,489.483,2848.7,555.865,6.34389e+06,287.828,347.37,34800
2014-09-21,440.496,960.265,563.064,3414.54,639.416,6.34307e+06,331.09,374.956,34800
2014-09-28,506.659,1104.45,647.67,4065.41,735.481,6.34213e+06,380.833,393.619,34800
2014-07-13,97.8156,214.445,131.347,137.882,142.559,6.34787e+06,83.1921,79.618,34850
2014-07-20,113.355,247.577,146.495,286.789,164.056,6.34766e+06,95.737,99.878,34850
2014-07-27,130.414,284.02,167.275,455.375,189.366,6.34741e+06,110.507,103.988,34850
2014-08-03,149.654,325.715,191.766,648.391,217.506,6.34713e+06,126.928,96.387,34850
2014-08-10,171.649,373.545,219.94,869.732,249.515,6.34682e+06,145.607,184.566,34850
2014-08-17,196.859,428.399,252.25,1123.59,286.17,6.34645e+06,166.998,129.305,34850
2014-08-24,225.765,491.295,289.298,1414.74,328.195,6.34603e+06,191.523,169.164,34850
2014-08-31,258.908,563.406,331.775,1748.64,376.381,6.34555e+06,219.642,200.898,34850
2014-09-07,296.904,646.076,380.477,2131.57,431.625,6.34499e+06,251.88,206.223,34850
2014-09-14,340.463,740.841,436.312,2570.69,494.959,6.34436e+06,288.84,296.359,34850
2014-09-21,390.393,849.462,500.318,3074.25,567.561,6.34364e+06,331.207,370.447,34850
2014-09-28,447.621,973.949,573.684,3651.66,650.777,6.3428e+06,379.769,492.213,34850
2014-07-13,96.7992,211.462,130.372,137.008,141.455,6.34787e+06,84.7819,101.434,34900
2014-07-20,111.52,242.759,144.749,284.49,161.858,6.34767e+06,97.0105,106.547,34900
2014-07-27,127.592,276.974,164.396,450.613,185.77,6.34743e+06,111.342,69.5864,34900
2014-08-03,145.617,315.902,187.437,639.777,212.205,6.34716e+06,127.186,103.695,34900
2014-08-10,166.106,360.315,213.801,855.517,242.104,6.34685e+06,145.107,187.894,34900
2014-08-17,189.463,410.972,243.872,1101.6,276.157,6.3465e+06,165.516,181.223,34900
2014-08-24,216.098,468.74,278.164,1382.29,314.984,6.3461e+06,188.787,277.353,34900
2014-08-31,246.471,534.61,317.267,1702.45,359.259,6.34565e+06,215.324,310.93,34900
2014-09-07,281.102,609.714,361.856,2067.61,409.745,6.34513e+06,245.583,318.077,34900
2014-09-14,320.586,695.339,412.696,2484.08,467.309,6.34454e+06,280.084,234.571,34900
2014-09-21,365.6,792.949,470.661,2959.05,532.936,6.34386e+06,319.418,404.555,34900
2014-09-28,416.913,904.212,536.741,3500.72,607.751,6.34309e+06,364.259,400.22,34900
2014-07-13,80.3232,174.379,108.749,114.5,117.926,6.34797e+06,85.7738,71.3821,34950
2014-07-20,91.5948,198.22,119.79,237.057,133.598,6.3478e+06,97.1728,94.4538,34950
2014-07-27,103.783,224.01,134.782,373.885,151.821,6.34761e+06,110.427,77.376,34950
2014-08-03,117.317,253.069,152.213,528.22,171.766,6.3474e+06,124.934,144.319,34950
2014-08-10,132.554,285.907,171.973,702.565,194.105,6.34716e+06,141.183,124.276,34950
2014-08-17,149.757,323.008,194.298,899.543,219.304,6.34688e+06,159.511,125.262,34950
2014-08-24,169.19,364.918,219.515,1122.09,247.763,6.34657e+06,180.211,168.563,34950
2014-08-31,191.14,412.255,247.998,1373.52,279.91,6.34623e+06,203.594,187.536,34950
2014-09-07,215.932,465.719,280.171,1657.56,316.221,6.34583e+06,230.004,184.791,34950
2014-09-14,243.933,526.1,316.51,1978.46,357.231,6.34539e+06,259.833,253.119,34950
2014-09-21,275.555,594.289,357.55,2340.96,403.548,6.34488e+06,293.521,368.073,34950
2014-09-28,311.264,671.287,403.898,2750.47,455.853,6.34431e+06,331.566,305.555,34950
2014-07-13,70.2778,156.299,93.2214,97.4206,101.314,6.34803e+06,67.2239,104.509,35000
2014-07-20,83.4052,184.623,105.926,204.054,119.338,6.34787e+06,79.1829,56.8202,35000
2014-07-27,98.1435,216.555,123.623,327.315,140.959,6.34768e+06,93.5286,74.7457,35000
2014-08-03,115.158,253.927,144.908,471.594,165.563,6.34746e+06,109.854,126.627,35000
2014-08-10,135.052,297.764,169.934,640.767,194.199,6.34721e+06,128.854,103.349,35000
2014-08-17,158.371,349.171,199.281,839.156,227.737,6.3469e+06,151.107,101.108,35000
2014-08-24,185.711,409.444,233.69,1071.8,267.055,6.34655e+06,177.196,81.6152,35000
2014-08-31,217.765,480.106,274.031,1344.62,313.154,6.34613e+06,207.783,253.914,35000
2014-09-07,255.344,562.944,321.327,1664.52,367.199,6.34565e+06,243.643,217.151,35000
2014-09-14,299.395,660.046,376.774,2039.63,430.556,6.34507e+06,285.682,209.552,35000
2014-09-21,351.03,773.859,441.77,2479.46,504.824,6.3444e+06,334.96,113.504,35000
2014-09-28,411.549,907.245,517.954,2995.15,591.873,6.34362e+06,392.718,367.655,35000
2014-07-13,106.115,229.84,143.943,151.661,156.059,6.34782e+06,88.7782,100.912,35050
2014-07-20,120.548,260.31,158.098,313.657,176.15,6.3476e+06,100.208,103.561,35050
2014-07-27,136.099,293.141,177.271,493.928,199.443,6.34735e+06,113.459,135.961,35050
2014-08-03,153.303,329.997,199.492,696.55,224.843,6.34707e+06,127.908,144.324,35050
2014-08-10,172.601,371.498,224.592,924.636,253.187,6.34676e+06,144.032,121.01,35050
2014-08-17,194.311,418.219,252.851,1181.42,285.043,6.3464e+06,162.155,127.178,35050
2014-08-24,218.747,470.803,284.655,1470.51,320.893,6.34601e+06,182.549,218.152,35050
2014-08-31,246.248,529.983,320.45,1795.96,361.241,6.34556e+06,205.502,218.246,35050
2014-09-07,277.197,596.581,360.735,2162.32,406.65,6.34505e+06,231.334,219.411,35050
2014-09-14,312.024,671.519,406.07,2574.73,457.75,6.34449e+06,260.403,280.962,35050
2014-09-21,351.212,755.836,457.085,3038.97,515.251,6.34385e+06,293.114,301.164,35050
2014-09-28,395.302,850.697,514.487,3561.52,579.948,6.34313e+06,329.919,362.01,35050
2014-07-13,120.255,264.451,161.059,168.912,174.857,6.34774e+06,77.2203,88.1631,35100
2014-07-20,140.069,306.802,180.345,351.85,202.224,6.34747e+06,89.3059,53.2916,35100
2014-07-27,161.923,353.629,206.886,559.88,234.571,6.34717e+06,103.591,105.392,35100
2014-08-03,186.693,407.462,238.299,799.179,270.712,6.34682e+06,119.552,140.06,35100
2014-08-10,215.144,469.506,274.604,1074.9,312.021,6.34642e+06,137.795,116.44,35100
2014-08-17,247.909,540.993,316.435,1392.62,359.552,6.34595e+06,158.785,134.406,35100
2014-08-24,285.652,623.343,364.623,1758.73,414.3,6.34542e+06,182.963,244.576,35100
2014-08-31,329.128,718.197,420.132,2180.58,477.365,6.3448e+06,210.814,233.91,35100
2014-09-07,379.203,827.441,484.071,2666.65,550.007,6.34409e+06,242.894,281.117,35100
2014-09-14,436.872,953.246,557.713,3226.68,633.67,6.34328e+06,279.841,173.557,35100
2014-09-21,503.28,1098.1,642.523,3871.89,730.016,6.34233e+06,322.389,201.419,35100
2014-09-28,579.74,1264.87,740.18,4615.18,840.954,6.34125e+06,371.381,408.447,35100
2014-07-13,102.05,219.515,139.224,146.991,150.849,6.34784e+06,110.399,78.4563,35150
2014-07-20,114.628,245.919,151.601,303.033,168.419,6.34763e+06,123.258,140.967,35150
2014-07-27,128.039,274.039,168.247,475.001,188.613,6.3474e+06,138.037,147.935,35150
2014-08-03,142.712,305.268,187.358,666.283,210.393,6.34715e+06,153.977,172.81,35150
2014-08-10,158.995,340.065,208.725,879.351,234.435,6.34686e+06,171.573,192.069,35150
2014-08-17,177.123,378.829,232.529,1116.72,261.172,6.34654e+06,191.14,248.283,35150
2014-08-24,197.312,422.004,259.039,1381.15,290.945,6.34619e+06,212.929,223.726,35150
2014-08-31,219.796,470.086,288.565,1675.73,324.104,6.3458e+06,237.197,295.663,35150
2014-09-07,244.836,523.629,321.446,2003.88,361.032,6.34536e+06,264.223,355.509,35150
2014-09-14,272.72,583.252,358.064,2369.42,402.155,6.34487e+06,294.319,270.277,35150
2014-09-21,303.768,649.638,398.84,2776.59,447.947,6.34432e+06,327.832,314.255,35150
2014-09-28,338.337,723.549,444.244,3230.12,498.934,6.34371e+06,365.147,345.609,35150
2014-07-13,96.6733,209.481,131.089,138.1,142.128,6.34787e+06,81.2204,63.2082,35200
2014-07-20,109.9,237.416,144.058,285.668,160.537,6.34767e+06,91.7403,105.591,35200
2014-07-27,124.162,267.537,161.633,449.983,181.891,6.34745e+06,103.943,143.27,35200
2014-08-03,139.95,301.375,182.015,634.794,205.192,6.34719e+06,117.259,76.6884,35200
2014-08-10,157.673,339.504,205.053,842.969,231.213,6.3469e+06,132.129,48.2827,35200
2014-08-17,177.625,382.457,231.007,1077.49,260.479,6.34658e+06,148.853,185.982,35200
2014-08-24,200.096,430.836,260.239,1341.7,293.436,6.34622e+06,167.687,147.613,35200
2014-08-31,225.404,485.32,293.161,1639.33,330.555,6.34581e+06,188.899,205.1,35200
2014-09-07,253.906,546.676,330.238,1974.61,372.358,6.34534e+06,212.788,175.111,35200
2014-09-14,286.001,615.766,371.993,2352.29,419.434,6.34482e+06,239.69,184.349,35200
2014-09-21,322.141,693.559,419.012,2777.72,472.444,6.34424e+06,269.983,73.1671,35200
2014-09-28,362.832,781.143,471.956,3256.91,532.132,6.34358e+06,304.092,157.073,35200
2014-07-13,95.6877,207.449,129.699,136.615,140.627,6.34788e+06,78.6899,101.307,35250
2014-07-20,108.869,235.297,142.62,282.661,158.967,6.34768e+06,88.9522,41.9928,35250
2014-07-27,123.092,265.35,160.138,445.397,180.254,6.34746e+06,100.864,90.6354,35250
2014-08-03,138.849,299.139,180.468,628.569,203.502,6.3472e+06,113.872,141.663,35250
2014-08-10,156.55,337.24,203.465,835.055,229.482,6.34692e+06,128.41,216.754,35250
2014-08-17,176.494,380.196,229.392,1067.85,258.726,6.3466e+06,144.774,138.797,35250
2014-08-24,198.974,428.613,258.615,1330.31,291.682,6.34623e+06,163.215,137.491,35250
2014-08-31,224.31,483.183,291.553,1626.2,328.828,6.34582e+06,184,201.302,35250
2014-09-07,252.866,544.683,328.676,1959.77,370.694,6.34536e+06,207.427,267.863,35250
2014-09-14,285.046,613.987,370.515,2335.81,417.877,6.34484e+06,233.829,295.215,35250
2014-09-21,321.309,692.081,417.664,2759.71,471.048,6.34426e+06,263.582,311.483,35250
2014-09-28,362.17,780.07,470.795,3237.54,530.963,6.3436e+06,297.108,309.253,35250
2014-07-13,123.521,269.097,166.747,175.381,180.877,6.34772e+06,91.9598,66.6372,35300
2014-07-20,141.663,307.578,184.488,363.697,206.057,6.34745e+06,104.761,58.561,35300
2014-07-27,161.385,349.449,208.664,574.984,235.463,6.34716e+06,119.712,110.97,35300
2014-08-03,183.404,396.88,236.907,814.568,267.826,6.34682e+06,136.166,147.341,35300
2014-08-10,208.326,450.762,269.087,1086.66,304.271,6.34644e+06,154.695,145.619,35300
2014-08-17,236.614,511.957,305.636,1395.71,345.599,6.346e+06,175.706,136.993,35300
2014-08-24,268.733,581.441,347.136,1746.73,392.519,6.34551e+06,199.561,256.566,35300
2014-08-31,305.201,660.329,394.256,2145.4,445.794,6.34494e+06,226.647,174.888,35300
2014-09-07,346.604,749.886,447.754,2598.18,506.279,6.34431e+06,257.398,316.117,35300
2014-09-14,393.603,851.545,508.489,3112.39,574.945,6.34358e+06,292.308,310.741,35300
2014-09-21,446.952,966.928,577.435,3696.34,652.89,6.34276e+06,331.936,389.342,35300
2014-09-28,507.499,1097.87,655.691,4359.44,741.358,6.34183e+06,376.915,448.412,35300
2014-07-13,113.896,251.203,152.163,159.436,165.244,6.34777e+06,71.2576,73.0965,35350
2014-07-20,133.309,292.798,171.03,332.584,192.015,6.34752e+06,82.802,22.7527,35350
2014-07-27,154.819,339.02,197.076,530.316,223.779,6.34723e+06,96.4995,96.3464,35350
2014-08-03,179.315,392.405,228.032,758.798,259.438,6.34689e+06,111.877,142.308,35350
2014-08-10,207.581,454.212,263.967,1023.25,300.387,6.3465e+06,129.535,132.323,35350
2014-08-17,240.282,525.751,305.562,1329.37,347.719,6.34605e+06,149.946,185.99,35350
2014-08-24,278.123,608.537,353.695,1683.73,402.488,6.34553e+06,173.564,204.805,35350
2014-08-31,321.911,704.328,409.395,2093.89,465.865,6.34492e+06,200.894,194.147,35350
2014-09-07,372.576,815.156,473.846,2568.64,539.199,6.34422e+06,232.517,46.8906,35350
2014-09-14,431.191,943.367,548.417,3118.12,624.045,6.34341e+06,269.105,259.696,35350
2014-09-21,498.996,1091.67,634.688,3754.04,722.2,6.34247e+06,311.432,383.074,35350
2014-09-28,577.421,1263.18,734.481,4489.99,835.735,6.34138e+06,360.392,481.732,35350
2014-07-13,91.8672,202.91,122.581,128.382,133.137,6.3479e+06,74.0151,89.5816,35400
2014-07-20,107.783,237.055,138.039,267.994,155.07,6.3477e+06,86.2082,94.1861,35400
2014-07-27,125.46,275.094,159.412,427.764,181.143,6.34746e+06,100.703,116.045,35400
2014-08-03,145.638,319.13,184.866,612.792,210.483,6.34719e+06,117.014,102.803,35400
2014-08-10,168.977,370.231,214.482,827.431,244.254,6.34687e+06,135.788,197.837,35400
2014-08-17,196.038,429.514,248.839,1076.45,283.38,6.3465e+06,157.54,179.075,35400
2014-08-24,227.426,498.276,288.689,1365.36,328.758,6.34607e+06,182.767,255.676,35400
2014-08-31,263.832,578.026,334.91,1700.53,381.391,6.34557e+06,212.027,259.827,35400
2014-09-07,306.053,670.512,388.518,2089.36,442.433,6.345e+06,245.963,208.759,35400
2014-09-14,355.015,777.757,450.689,2540.41,513.225,6.34433e+06,285.318,287.432,35400
2014-09-21,411.789,902.104,522.784,3063.63,595.314,6.34355e+06,330.954,316.066,35400
2014-09-28,477.612,1046.26,606.378,3670.53,690.495,6.34265e+06,383.868,423.543,35400
2014-07-13,73.8239,161.911,99.0974,104.015,107.56,6.34801e+06,77.3112,104.87,35450
2014-07-20,85.6084,187.046,110.583,216.389,123.86,6.34785e+06,89.0266,83.7903,35450
2014-07-27,98.5538,214.713,126.346,343.686,143.06,6.34767e+06,102.827,80.597,35450
2014-08-03,113.165,246.389,144.934,489.52,164.422,6.34746e+06,118.182,125.485,35450
2014-08-10,129.878,282.749,166.331,656.86,188.737,6.34721e+06,135.659,133.615,35450
2014-08-17,149.049,324.478,190.887,848.905,216.601,6.34694e+06,155.687,159.642,35450
2014-08-24,171.044,372.358,219.062,1069.3,248.569,6.34662e+06,178.664,138.895,35450
2014-08-31,196.282,427.292,251.389,1322.22,285.249,6.34625e+06,205.028,210.636,35450
2014-09-07,225.236,490.316,288.48,1612.46,327.332,6.34583e+06,235.276,260.616,35450
2014-09-14,258.454,562.615,331.033,1945.52,375.612,6.34535e+06,269.979,265.174,35450
2014-09-21,296.559,645.55,379.85,2327.7,430.999,6.3448e+06,309.789,317.48,35450
2014-09-28,340.269,740.676,435.85,2766.24,494.534,6.34417e+06,355.456,318.21,35450
2014-07-13,133.942,291.553,180.942,190.36,196.26,6.34765e+06,94.3259,87.4665,35500
2014-07-20,153.402,332.8,199.98,394.602,223.28,6.34737e+06,107.312,96.4094,35500
2014-07-27,174.528,377.616,225.899,623.485,254.802,6.34705e+06,122.462,113.174,35500
2014-08-03,198.083,428.315,256.144,882.687,289.446,6.34668e+06,139.113,132.861,35500
2014-08-10,224.708,485.833,290.56,1176.68,328.407,6.34627e+06,157.838,154.814,35500
2014-08-17,254.889,551.071,329.597,1510.17,372.528,6.3458e+06,179.044,231.677,35500
2014-08-24,289.112,625.048,373.864,1888.46,422.554,6.34527e+06,203.087,255.332,35500
2014-08-31,327.917,708.926,424.059,2317.54,479.28,6.34467e+06,230.351,225.145,35500
2014-09-07,371.914,804.02,480.973,2804.22,543.598,6.34399e+06,261.263,234.857,35500
2014-09-14,421.793,911.819,545.5,3356.21,616.517,6.34321e+06,296.309,245.12,35500
2014-09-21,478.332,1034.01,618.652,3982.24,699.179,6.34234e+06,336.038,310.989,35500
2014-09-28,542.414,1172.48,701.57,4692.2,792.874,6.34134e+06,381.07,357.672,35500
2014-07-13,159.144,347.418,214.463,225.426,232.68,6.3475e+06,85.9176,53.4443,35550
2014-07-20,183.138,398.398,237.904,467.933,265.948,6.34716e+06,98.202,55.3938,35550
2014-07-27,209.304,454.061,269.915,740.824,304.901,6.34678e+06,112.586,117.853,35550
2014-08-03,238.613,517.316,307.416,1051.23,347.911,6.34634e+06,128.467,88.9579,35550
2014-08-10,271.89,589.395,350.276,1404.87,396.5,6.34583e+06,146.409,129.104,35550
2014-08-17,309.779,671.508,399.104,1807.82,451.77,6.34526e+06,166.817,110.214,35550
2014-08-24,352.93,765.027,454.716,2266.92,514.713,6.34461e+06,190.059,145.076,35550
2014-08-31,402.073,871.524,518.053,2789.98,586.397,6.34387e+06,216.529,264.616,35550
2014-09-07,458.033,992.786,590.182,3385.88,668.03,6.34302e+06,246.672,231.477,35550
2014-09-14,521.748,1130.84,672.314,4064.73,760.981,6.34206e+06,280.994,236.323,35550
2014-09-21,594.282,1287.99,765.825,4838.02,866.805,6.34096e+06,320.07,266.825,35550
2014-09-28,676.842,1466.85,872.276,5718.84,987.268,6.33972e+06,364.551,397.573,35550
2014-07-13,102.431,222.223,138.758,146.127,150.459,6.34784e+06,99.693,96.9573,35600
2014-07-20,116.674,252.333,152.716,302.439,170.27,6.34763e+06,112.82,104.882,35600
2014-07-27,132.06,284.865,171.653,476.787,193.286,6.34738e+06,128.07,121.961,35600
2014-08-03,149.125,321.481,193.651,673.237,218.448,6.34711e+06,144.742,167.728,35600
2014-08-10,168.315,362.814,218.561,894.927,246.599,6.34681e+06,163.395,183.093,35600
2014-08-17,189.959,409.46,246.674,1145.13,278.319,6.34646e+06,184.412,226.528,35600
2014-08-24,214.381,462.094,278.393,1427.52,314.105,6.34607e+06,208.124,213.303,35600
2014-08-31,241.935,521.477,314.183,1746.21,354.482,6.34563e+06,234.877,204.785,35600
2014-09-07,273.022,588.471,354.563,2105.87,400.036,6.34513e+06,265.061,260.682,35600
2014-09-14,308.092,664.044,400.118,2511.74,451.429,6.34457e+06,299.114,205.743,35600
2014-09-21,347.651,749.288,451.51,2969.75,509.405,6.34393e+06,337.528,274.258,35600
2014-09-28,392.272,845.432,509.48,3486.58,574.8,6.34322e+06,380.858,385.537,35600
2014-07-13,77.0621,169.306,103.293,108.36,112.132,6.34799e+06,71.7665,90.3239,35650
2014-07-20,89.6199,196.129,115.521,225.616,129.485,6.34782e+06,82.8728,82.4745,35650
2014-07-27,103.452,225.74,132.334,358.776,149.972,6.34763e+06,95.9852,77.874,35650
2014-08-03,119.107,259.735,152.209,511.73,172.83,6.34741e+06,110.614,88.4321,35650
2014-08-10,137.063,298.861,175.148,687.711,198.919,6.34715e+06,127.312,100.193,35650
2014-08-17,157.714,343.883,201.542,890.212,228.896,6.34686e+06,146.498,130.431,35650
2014-08-24,181.472,395.68,231.908,1123.23,263.38,6.34652e+06,168.568,156.239,35650
2014-08-31,208.803,455.266,266.841,1391.34,303.051,6.34613e+06,193.959,155.779,35650
2014-09-07,240.244,523.808,307.028,1699.85,348.688,6.34568e+06,223.167,172.349,35650
2014-09-14,276.409,602.646,353.256,2054.8,401.185,6.34516e+06,256.766,251.391,35650
2014-09-21,318.006,693.32,406.431,2463.2,461.569,6.34457e+06,295.413,314.468,35650
2014-09-28,365.845,797.598,467.59,2933.06,531.018,6.34389e+06,339.862,443.025,35650
2014-07-13,100.557,221.482,134.498,140.986,146.042,6.34785e+06,72.4868,40.3826,35700
2014-07-20,117.432,257.598,150.909,293.904,169.329,6.34763e+06,84.0453,75.5628,35700
2014-07-27,136.09,297.64,173.533,468.191,196.911,6.34737e+06,97.7355,81.6844,35700
2014-08-03,157.292,343.788,200.37,669.162,227.808,6.34708e+06,113.071,86.0863,35700
2014-08-10,181.707,397.107,231.461,901.284,263.213,6.34674e+06,130.644,146.452,35700
2014-08-17,209.892,458.694,267.373,1169.42,304.051,6.34634e+06,150.914,129.5,35700
2014-08-24,242.442,529.819,308.846,1479.16,351.209,6.34589e+06,174.32,167.88,35700
2014-08-31,280.03,611.948,356.739,1836.93,405.667,6.34536e+06,201.35,158.154,35700
2014-09-07,323.433,706.777,412.044,2250.18,468.552,6.34476e+06,232.563,203.209,35700
2014-09-14,373.545,816.259,475.903,2727.48,541.161,6.34406e+06,268.602,289.203,35700
2014-09-21,431.397,942.644,549.632,3278.74,624.99,6.34325e+06,310.21,178.686,35700
2014-09-28,498.179,1088.52,634.748,3915.39,721.762,6.34231e+06,358.242,274.213,35700
2014-07-13,84.6006,183.479,114.636,120.736,124.299,6.34795e+06,84.2158,71.4534,35750
2014-07-20,96.3122,208.23,126.114,249.849,140.592,6.34777e+06,95.2541,106.224,35750
2014-07-27,108.957,234.959,141.683,393.792,159.511,6.34757e+06,108.073,141.547,35750
2014-08-03,122.974,265.027,159.76,555.901,180.185,6.34735e+06,122.08,163.713,35750
2014-08-10,138.73,298.953,180.219,738.745,203.304,6.34709e+06,137.743,164,35750
2014-08-17,156.493,337.224,203.299,945.006,229.341,6.34681e+06,155.384,150.836,35750
2014-08-24,176.526,380.387,229.329,1177.68,258.702,6.34649e+06,175.277,189.543,35750
2014-08-31,199.118,429.064,258.684,1440.14,291.815,6.34612e+06,197.712,143.099,35750
2014-09-07,224.596,483.956,291.79,1736.19,329.158,6.34571e+06,223.013,146.376,35750
2014-09-14,253.326,545.852,329.124,2070.13,371.269,6.34525e+06,251.544,196.23,35750
2014-09-21,285.72,615.641,371.222,2446.78,418.754,6.34473e+06,283.716,205.797,35750
2014-09-28,322.245,694.324,418.69,2871.61,472.295,6.34414e+06,319.991,254.798,35750
2014-07-13,92.4395,206.347,122.228,127.583,132.886,6.3479e+06,66.5505,56.1731,35800
2014-07-20,110.384,245.184,139.563,267.724,157.476,6.34769e+06,78.8653,119.327,35800
2014-07-27,130.649,289.246,163.806,430.597,187.116,6.34744e+06,93.7095,77.4351,35800
2014-08-03,154.182,341.115,193.115,622.338,221.05,6.34714e+06,110.704,86.3927,35800
2014-08-10,181.859,402.305,227.772,848.456,260.776,6.34679e+06,130.599,123.399,35800
2014-08-17,214.485,474.47,268.645,1115.15,307.571,6.34638e+06,154.034,126.437,35800
2014-08-24,252.956,559.562,316.84,1429.7,362.744,6.34589e+06,181.666,168.914,35800
2014-08-31,298.317,659.887,373.668,1800.68,427.8,6.34532e+06,214.246,247.786,35800
2014-09-07,351.795,778.16,440.67,2238.18,504.502,6.34464e+06,252.659,211.242,35800
2014-09-14,414.837,917.578,519.661,2754.11,594.926,6.34384e+06,297.945,263.997,35800
2014-09-21,489.146,1081.9,612.777,3362.51,701.516,6.3429e+06,351.326,391.193,35800
2014-09-28,576.722,1275.54,722.529,4079.9,827.146,6.3418e+06,414.243,354.195,35800
2014-07-13,119.41,261.147,160.675,168.796,174.352,6.34774e+06,82.9379,52.3552,35850
2014-07-20,137.822,300.324,178.646,350.68,199.855,6.34748e+06,95.0698,121.418,35850
2014-07-27,157.957,343.234,203.233,555.88,229.787,6.34719e+06,109.308,96.7093,35850
2014-08-03,180.577,392.139,232.112,789.935,262.934,6.34686e+06,125.076,133.633,35850
2014-08-10,206.334,448.025,265.209,1057.33,300.49,6.34647e+06,142.941,143.621,35850
2014-08-17,235.745,511.873,303.022,1362.85,343.333,6.34604e+06,163.321,117.996,35850
2014-08-24,269.338,584.802,346.213,1711.92,392.264,6.34554e+06,186.597,231.531,35850
2014-08-31,307.707,668.095,395.545,2110.74,448.152,6.34497e+06,213.183,202.516,35850
2014-09-07,351.526,763.214,451.889,2566.38,511.983,6.34432e+06,243.547,242.61,35850
2014-09-14,401.565,871.829,516.235,3086.91,584.877,6.34357e+06,278.222,274.118,35850
2014-09-21,458.701,995.84,589.714,3681.55,668.115,6.34272e+06,317.818,274.863,35850
2014-09-28,523.933,1137.41,673.611,4360.8,763.152,6.34175e+06,363.026,461.332,35850
2014-07-13,93.9787,202.986,127.777,134.741,138.497,6.34789e+06,85.011,75.8159,35900
2014-07-20,106.274,228.885,139.852,278.303,155.637,6.3477e+06,95.532,84.6611,35900
2014-07-27,119.467,256.659,156.16,437.433,175.439,6.34748e+06,107.687,119.447,35900
2014-08-03,133.996,287.705,174.99,615.54,196.937,6.34724e+06,120.882,155.951,35900
2014-08-10,150.223,322.515,196.172,815.179,220.821,6.34697e+06,135.543,145.64,35900
2014-08-17,168.403,361.537,219.918,1038.99,247.552,6.34666e+06,151.95,163.334,35900
2014-08-24,188.778,405.273,246.531,1289.88,277.506,6.34632e+06,170.337,97.029,35900
2014-08-31,211.612,454.288,276.358,1571.13,311.077,6.34594e+06,190.943,223.439,35900
2014-09-07,237.203,509.216,309.785,1886.4,348.701,6.34551e+06,214.037,172.35,35900
2014-09-14,265.879,570.765,347.245,2239.81,390.862,6.34503e+06,239.916,271.311,35900
2014-09-21,298.011,639.728,389.222,2635.94,438.107,6.34449e+06,268.915,264.142,35900
2014-09-28,334.013,716.994,436.257,3079.94,491.043,6.34388e+06,301.409,330.097,35900
2014-07-13,127.554,279.028,171.596,180.255,186.207,6.34769e+06,85.8269,91.0614,35950
2014-07-20,147.283,321.018,190.851,374.532,213.532,6.34742e+06,98.4218,100.736,35950
2014-07-27,168.868,367.028,217.201,593.793,245.612,6.3471e+06,113.208,132.563,35950
2014-08-03,193.126,419.486,248.162,843.985,281.152,6.34675e+06,129.589,125.004,35950
2014-08-10,220.759,479.456,283.658,1129.92,321.435,6.34634e+06,148.157,157.104,35950
2014-08-17,252.323,547.994,324.227,1456.76,367.407,6.34587e+06,169.346,123.105,35950
2014-08-24,288.389,626.308,370.584,1830.34,419.931,6.34533e+06,193.556,185.609,35950
2014-08-31,329.597,715.784,423.551,2257.31,479.944,6.34472e+06,221.217,276.627,35950
2014-09-07,376.676,818,484.068,2745.31,548.511,6.34403e+06,252.822,250.186,35950
2014-09-14,430.456,934.759,553.205,3303.01,626.842,6.34323e+06,288.926,287.393,35950
2014-09-21,491.885,1068.11,632.181,3940.36,716.319,6.34232e+06,330.168,369.043,35950
2014-09-28,562.041,1220.4,722.387,4668.66,818.513,6.34128e+06,377.272,375.66,35950
2014-07-13,128.141,282.799,171.101,179.243,185.82,6.34769e+06,78.7963,76.191,36000
2014-07-20,150.139,329.958,192.474,374.017,216.147,6.3474e+06,91.6563,67.1518,36000
2014-07-27,174.537,382.419,222,596.651,252.159,6.34707e+06,106.927,101.794,36000
2014-08-03,202.351,443.069,257.122,854.157,292.628,6.34669e+06,124.088,134.16,36000
2014-08-10,234.476,513.354,297.931,1152.49,339.145,6.34625e+06,143.813,106.942,36000
2014-08-17,271.676,594.782,345.212,1498.18,392.966,6.34574e+06,166.635,183.862,36000
2014-08-24,314.765,689.1,399.979,1898.71,455.301,6.34515e+06,193.068,201.947,36000
2014-08-31,364.671,798.334,463.413,2362.78,527.501,6.34446e+06,223.685,208.472,36000
2014-09-07,422.468,924.83,536.881,2900.43,611.121,6.34367e+06,259.143,277.1,36000
2014-09-14,489.394,1071.3,621.963,3523.3,707.955,6.34274e+06,300.205,342.969,36000
2014-09-21,566.881,1240.86,720.481,4244.86,820.077,6.34168e+06,347.75,346.618,36000
2014-09-28,656.583,1437.14,834.542,5080.68,949.883,6.34044e+06,402.794,354.993,36000
2014-07-13,102.497,224.203,137.893,144.853,149.633,6.34784e+06,80.0278,94.3806,36050
2014-07-20,118.341,257.922,153.356,300.968,171.577,6.34762e+06,91.7641,76.8055,36050
2014-07-27,135.673,294.869,174.517,477.146,197.339,6.34737e+06,105.542,110.711,36050
2014-08-03,155.152,336.991,199.378,678.162,225.878,6.34708e+06,120.805,109.301,36050
2014-08-10,177.341,385.144,227.881,907.883,258.224,6.34675e+06,138.105,156.152,36050
2014-08-17,202.685,440.177,260.457,1170.45,295.138,6.34638e+06,157.847,156.819,36050
2014-08-24,231.645,503.06,297.679,1470.53,337.312,6.34595e+06,180.403,140.645,36050
2014-08-31,264.733,574.907,340.21,1813.5,385.5,6.34546e+06,206.176,235.33,36050
2014-09-07,302.537,656.988,388.803,2205.47,440.558,6.3449e+06,235.622,308.988,36050
2014-09-14,345.725,750.753,444.32,2653.41,503.459,6.34426e+06,269.263,168.102,36050
2014-09-21,395.058,857.855,507.742,3165.3,575.314,6.34352e+06,307.693,234.858,36050
2014-09-28,451.405,980.176,580.188,3750.25,657.39,6.34269e+06,351.589,452.123,36050
2014-07-13,96.9865,212.025,130.545,137.159,141.652,6.34787e+06,84.8202,76.1366,36100
2014-07-20,111.87,243.685,145.075,284.901,162.272,6.34766e+06,97.1674,117.811,36100
2014-07-27,128.137,278.341,164.946,451.491,186.461,6.34743e+06,111.652,62.6696,36100
2014-08-03,146.401,317.815,188.274,641.395,213.232,6.34716e+06,127.682,117.501,36100
2014-08-10,167.188,362.901,214.995,858.222,243.548,6.34685e+06,145.835,135.635,36100
2014-08-17,190.909,414.382,245.508,1105.82,278.113,6.34649e+06,166.532,198.628,36100
2014-08-24,217.99,473.156,280.341,1388.56,317.568,6.34609e+06,190.158,216.42,36100
2014-08-31,248.905,540.248,320.106,1711.4,362.611,6.34563e+06,217.129,190.383,36100
2014-09-07,284.195,616.829,365.501,2080.04,414.029,6.3451e+06,247.918,274.961,36100
2014-09-14,324.475,704.236,417.318,2500.94,472.719,6.3445e+06,283.062,209.247,36100
2014-09-21,370.446,803.989,476.461,2981.5,539.707,6.34382e+06,323.173,313.428,36100
2014-09-28,422.908,917.819,543.96,3530.16,616.156,6.34304e+06,368.95,405.277,36100
2014-07-13,115.105,245.168,158.305,167.617,171.374,6.34776e+06,96.5775,76.1758,36150
2014-07-20,127.236,270.433,170.299,344.027,188.404,6.34754e+06,106.175,121.491,36150
2014-07-27,139.979,296.894,186.269,535.795,207.739,6.34729e+06,117.071,189.254,36150
2014-08-03,153.705,325.834,204.363,745.972,228.27,6.34702e+06,128.641,191.005,36150
2014-08-10,168.707,357.603,224.298,976.622,250.587,6.34672e+06,141.218,87.3141,36150
2014-08-17,185.16,392.468,246.179,1229.77,275.032,6.3464e+06,154.994,193.126,36150
2014-08-24,203.211,430.724,270.185,1507.62,301.849,6.34604e+06,170.107,159.557,36150
2014-08-31,223.017,472.696,296.525,1812.55,331.272,6.34565e+06,186.688,204.176,36150
2014-09-07,244.746,518.743,325.424,2147.2,363.554,6.34521e+06,204.881,154.081,36150
2014-09-14,268.583,569.256,357.129,2514.47,398.97,6.34474e+06,224.839,165.877,36150
2014-09-21,294.733,624.665,391.91,2917.51,437.821,6.34422e+06,246.734,198.775,36150
2014-09-28,323.416,685.44,430.064,3359.79,480.438,6.34365e+06,270.751,380.49,36150
2014-07-13,92.6013,200.699,125.546,132.253,136.121,6.3479e+06,85.6129,104.685,36200
2014-07-20,105.307,227.535,138.002,273.598,153.801,6.34771e+06,96.733,117.414,36200
2014-07-27,119.01,256.483,154.886,431.03,174.316,6.34749e+06,109.635,113.228,36200
2014-08-03,134.185,289.013,174.471,608.154,196.709,6.34724e+06,123.72,84.7674,36200
2014-08-10,151.224,325.68,196.616,807.732,221.723,6.34697e+06,139.452,129.889,36200
2014-08-17,170.414,367,221.571,1032.64,249.867,6.34666e+06,157.153,200.59,36200
2014-08-24,192.034,413.554,249.687,1286.1,281.57,6.34631e+06,177.092,186.69,36200
2014-08-31,216.391,466,281.363,1571.71,317.287,6.34591e+06,199.557,178.721,36200
2014-09-07,243.83,525.081,317.048,1893.55,357.525,6.34547e+06,224.865,247.276,36200
2014-09-14,274.739,591.631,357.249,2256.2,402.854,6.34497e+06,253.374,299.716,36200
2014-09-21,309.555,666.589,402.533,2664.83,453.914,6.34441e+06,285.488,225.497,36200
2014-09-28,348.768,751.009,453.54,3125.25,511.425,6.34377e+06,321.66,240.015,36200
2014-07-13,85.9804,187.61,115.914,121.857,125.755,6.34794e+06,83.1169,89.9565,36250
2014-07-20,98.8672,214.981,128.506,252.891,143.626,6.34775e+06,94.9287,107.527,36250
2014-07-27,112.912,244.846,145.694,400.243,164.54,6.34755e+06,108.752,109.34,36250
2014-08-03,128.633,278.764,165.82,567.735,187.618,6.34731e+06,124.005,131.186,36250
2014-08-10,146.472,317.392,188.807,758.42,213.673,6.34704e+06,141.226,196.523,36250
2014-08-17,166.773,361.374,214.981,975.541,243.294,6.34673e+06,160.804,174.416,36250
2014-08-24,189.882,411.443,244.776,1222.76,277.01,6.34638e+06,183.089,132.115,36250
2014-08-31,216.188,468.435,278.693,1504.23,315.391,6.34598e+06,208.456,300.412,36250
2014-09-07,246.131,533.304,317.301,1824.7,359.079,6.34553e+06,237.331,142.346,36250
2014-09-14,280.211,607.134,361.245,2189.56,408.805,6.34501e+06,270.198,262.711,36250
2014-09-21,318.997,691.156,411.261,2604.95,465.4,6.34442e+06,307.604,220.761,36250
2014-09-28,363.136,786.767,468.183,3077.83,529.809,6.34375e+06,350.174,368.358,36250
2014-07-13,110.469,241.233,148.831,156.425,161.478,6.34779e+06,84.1109,82.9084,36300
2014-07-20,127.189,276.768,165.163,324.749,184.656,6.34756e+06,96.1841,96.7026,36300
2014-07-27,145.433,315.59,187.473,514.246,211.807,6.34729e+06,110.327,121.482,36300
2014-08-03,165.879,359.733,213.623,729.898,241.803,6.34698e+06,125.951,119.493,36300
2014-08-10,189.107,410.064,243.526,975.704,275.709,6.34663e+06,143.612,193.675,36300
2014-08-17,215.57,467.435,277.613,1255.92,314.301,6.34623e+06,163.714,154.067,36300
2014-08-24,245.727,532.817,316.459,1575.35,358.276,6.34578e+06,186.62,167.36,36300
2014-08-31,280.094,607.323,360.729,1939.47,408.391,6.34526e+06,212.724,229.011,36300
2014-09-07,319.255,692.218,411.177,2354.52,465.498,6.34467e+06,242.47,205.361,36300
2014-09-14,363.875,788.941,468.661,2827.6,530.569,6.344e+06,276.365,296.59,36300
2014-09-21,414.71,899.13,534.156,3366.82,604.707,6.34324e+06,314.982,283.338,36300
2014-09-28,472.618,1024.64,608.772,3981.37,689.167,6.34236e+06,358.975,406.529,36300
2014-07-13,111.713,243.599,150.688,158.446,163.471,6.34779e+06,91.6957,111.885,36350
2014-07-20,128.317,278.846,166.919,328.722,186.506,6.34755e+06,104.617,96.6066,36350
2014-07-27,146.394,317.26,189.057,520.023,213.44,6.34728e+06,119.725,142.39,36350
2014-08-03,166.607,360.841,214.954,737.253,243.127,6.34697e+06,136.377,97.9741,36350
2014-08-10,189.52,410.421,244.504,984.312,276.608,6.34662e+06,155.158,138.384,36350
2014-08-17,215.564,466.811,278.113,1265.33,314.631,6.34622e+06,176.486,173.28,36350
2014-08-24,245.18,530.935,316.331,1584.98,357.863,6.34577e+06,200.736,208.626,36350
2014-08-31,278.855,603.845,359.789,1948.54,407.022,6.34526e+06,228.31,226.208,36350
2014-09-07,317.143,686.739,409.203,2362.05,462.917,6.34467e+06,259.664,235.831,36350
2014-09-14,360.672,780.974,465.384,2832.33,526.466,6.34401e+06,295.31,323.023,36350
2014-09-21,410.154,888.092,529.254,3367.17,598.71,6.34326e+06,335.834,395.084,36350
2014-09-28,466.399,1009.84,601.859,3975.4,680.831,6.3424e+06,381.898,425.182,36350
2014-07-13,119.65,258.864,162.456,171.225,176.112,6.34774e+06,93.5198,67.2439,36400
2014-07-20,135.673,292.659,178.179,353.932,198.429,6.34749e+06,105.371,66.8383,36400
2014-07-27,152.907,329,199.45,556.927,224.265,6.34721e+06,119.091,195.099,36400
2014-08-03,171.937,369.726,224.064,784.699,252.387,6.3469e+06,134.024,154.312,36400
2014-08-10,193.245,415.503,251.821,1040.65,283.711,6.34655e+06,150.658,133.297,36400
2014-08-17,217.176,466.946,283.014,1328.32,318.855,6.34615e+06,169.32,186.009,36400
2014-08-24,244.062,524.744,318.06,1651.6,358.335,6.34571e+06,190.285,186.378,36400
2014-08-31,274.268,589.676,357.434,2014.92,402.69,6.34521e+06,213.839,160.538,36400
2014-09-07,308.201,662.616,401.668,2423.21,452.52,6.34465e+06,240.299,263.497,36400
2014-09-14,346.317,744.544,451.36,2882.01,508.496,6.34403e+06,270.024,349.432,36400
2014-09-21,389.13,836.561,507.177,3397.56,571.37,6.34332e+06,303.412,260.783,36400
2014-09-28,437.211,939.896,569.869,3976.86,641.986,6.34253e+06,340.911,454.937,36400
2014-07-13,132.302,284.6,180.489,190.555,195.56,6.34766e+06,90.8167,65.9358,36450
2014-07-20,148.619,318.854,196.545,392.853,218.353,6.34739e+06,101.402,106.387,36450
2014-07-27,166.016,355.333,218.139,615.809,244.55,6.34709e+06,113.567,109.005,36450
2014-08-03,185.051,395.847,242.932,863.822,272.805,6.34676e+06,126.689,94.9542,36450
2014-08-10,206.176,440.989,270.651,1140.1,303.995,6.34639e+06,141.173,109.617,36450
2014-08-17,229.692,491.277,301.531,1447.9,338.68,6.34598e+06,157.281,133.29,36450
2014-08-24,255.882,547.283,335.923,1790.81,377.304,6.34552e+06,175.217,161.755,36450
2014-08-31,285.049,609.653,374.224,2172.83,420.318,6.34501e+06,195.192,203.667,36450
2014-09-07,317.529,679.103,416.878,2598.39,468.219,6.34444e+06,217.438,192.478,36450
2014-09-14,353.695,756.43,464.375,3072.45,521.559,6.3438e+06,242.208,262.166,36450
2014-09-21,393.961,842.521,517.261,3600.52,580.95,6.3431e+06,269.789,383.955,36450
2014-09-28,438.788,938.356,576.143,4188.71,647.07,6.34231e+06,300.495,246.071,36450
2014-07-13,97.1767,212.101,130.977,137.681,142.1,6.34787e+06,80.0714,65.1543,36500
2014-07-20,111.794,243.153,145.258,285.768,162.368,6.34766e+06,91.4919,94.6572,36500
2014-07-27,127.73,277.05,164.756,452.364,186.095,6.34743e+06,104.862,102.063,36500
2014-08-03,145.577,315.564,187.596,641.812,212.287,6.34716e+06,119.621,111.14,36500
2014-08-10,165.837,359.444,213.694,857.586,241.872,6.34685e+06,136.291,117.953,36500
2014-08-17,188.902,409.427,243.421,1103.38,275.52,6.3465e+06,155.252,145.052,36500
2014-08-24,215.168,466.348,277.275,1383.36,313.834,6.34611e+06,176.841,166.426,36500
2014-08-31,245.079,531.166,315.828,1702.27,357.466,6.34566e+06,201.427,180.821,36500
2014-09-07,279.138,604.971,359.729,2065.52,407.151,6.34514e+06,229.424,229.037,36500
2014-09-14,317.918,689.002,409.719,2479.26,463.725,6.34455e+06,261.303,294.92,36500
2014-09-21,362.07,784.666,466.636,2950.48,528.138,6.34389e+06,297.598,301.008,36500
2014-09-28,412.332,893.564,531.436,3487.15,601.469,6.34313e+06,338.919,322.257,36500
2014-07-13,92.6576,200.633,125.72,132.473,136.298,6.3479e+06,90.0069,90.0502,36550
2014-07-20,105.209,227.124,138.031,273.935,153.773,6.34771e+06,101.547,82.7876,36550
2014-07-27,118.728,255.655,154.702,431.29,174.025,6.34749e+06,114.921,90.4566,36550
2014-08-03,133.675,287.669,174.015,608.075,196.099,6.34725e+06,129.497,122.722,36550
2014-08-10,150.435,323.704,195.823,806.987,220.72,6.34697e+06,145.757,105.288,36550
2014-08-17,169.282,364.252,220.363,1030.83,248.381,6.34667e+06,164.023,148.967,36550
2014-08-24,190.486,409.872,247.971,1282.72,279.496,6.34632e+06,184.57,195.009,36550
2014-08-31,214.341,461.193,279.031,1566.16,314.502,6.34593e+06,207.687,209.758,36550
2014-09-07,241.176,518.924,313.972,1885.1,353.881,6.34549e+06,233.692,260.258,36550
2014-09-14,271.362,583.86,353.278,2243.97,398.18,6.345e+06,262.945,202.324,36550
2014-09-21,305.314,656.897,397.492,2647.77,448.008,6.34444e+06,295.85,321.226,36550
2014-09-28,343.5,739.036,447.222,3102.09,504.052,6.34382e+06,332.86,385.202,36550
2014-07-13,78.3162,171.476,105.277,110.558,114.25,6.34798e+06,79.3968,66.7686,36600
2014-07-20,90.5664,197.568,117.226,229.816,131.208,6.34781e+06,91.1816,95.9679,36600
2014-07-27,103.988,226.205,133.596,364.588,151.141,6.34762e+06,105.034,107.364,36600
2014-08-03,119.096,258.906,152.856,518.587,173.259,6.3474e+06,120.404,103.551,36600
2014-08-10,136.332,296.346,174.969,694.84,198.367,6.34715e+06,137.853,112.663,36600
2014-08-17,156.051,339.202,200.282,896.592,227.064,6.34686e+06,157.796,143.33,36600
2014-08-24,178.617,388.248,229.249,1127.53,259.903,6.34653e+06,180.617,198.234,36600
2014-08-31,204.441,444.374,262.399,1391.86,297.483,6.34615e+06,206.733,247.438,36600
2014-09-07,233.993,508.597,300.335,1694.41,340.488,6.34571e+06,236.619,211.558,36600
2014-09-14,267.806,582.082,343.745,2040.7,389.698,6.34522e+06,270.816,295.499,36600
2014-09-21,306.495,666.156,393.416,2437.03,446.004,6.34465e+06,309.946,252.441,36600
2014-09-28,350.757,762.337,450.247,2890.63,510.424,6.344e+06,354.714,382.771,36600
2014-07-13,82.2458,179.743,110.734,116.355,120.151,6.34796e+06,83.182,90.2771,36650
2014-07-20,94.8173,206.478,123.008,241.652,137.571,6.34778e+06,95.2419,73.691,36650
2014-07-27,108.551,235.728,139.79,382.868,157.998,6.34758e+06,109.384,121.797,36650
2014-08-03,123.964,269.03,159.483,543.77,180.595,6.34735e+06,125.028,121.007,36650
2014-08-10,141.497,307.048,182.03,727.394,206.171,6.34709e+06,142.734,124.717,36650
2014-08-17,161.496,350.44,207.764,936.979,235.319,6.34679e+06,162.914,157.512,36650
2014-08-24,184.317,399.956,237.129,1176.19,268.576,6.34645e+06,185.938,177.948,36650
2014-08-31,210.359,456.456,270.638,1449.21,306.525,6.34606e+06,212.211,177.995,36650
2014-09-07,240.072,520.921,308.873,1760.8,349.827,6.34562e+06,242.189,278.859,36650
2014-09-14,273.973,594.469,352.499,2116.4,399.234,6.34511e+06,276.394,256.143,36650
2014-09-21,312.649,678.372,402.274,2522.23,455.602,6.34453e+06,315.418,338.412,36650
2014-09-28,356.77,774.081,459.057,2985.36,519.906,6.34387e+06,359.937,431.745,36650
2014-07-13,147.444,318.985,200.2,211.007,217.027,6.34757e+06,89.5383,84.9864,36700
2014-07-20,167.178,360.606,219.565,436.158,244.515,6.34727e+06,100.879,113.308,36700
2014-07-27,188.403,405.359,245.762,686.295,276.335,6.34692e+06,114.007,104.648,36700
2014-08-03,211.836,455.504,276.074,966.948,310.965,6.34654e+06,128.294,115.43,36700
2014-08-10,238.072,511.863,310.253,1282.3,349.536,6.34611e+06,144.207,136.471,36700
2014-08-17,267.533,575.189,348.659,1636.7,392.804,6.34562e+06,162.058,136.551,36700
2014-08-24,300.627,646.327,391.802,2034.96,441.403,6.34508e+06,182.109,188.328,36700
2014-08-31,337.802,726.233,440.267,2482.49,495.997,6.34446e+06,204.632,168.599,36700
2014-09-07,379.557,815.977,494.706,2985.37,557.318,6.34377e+06,229.932,250.258,36700
2014-09-14,426.451,916.76,555.85,3550.42,626.191,6.343e+06,258.346,233.127,36700
2014-09-21,479.111,1029.93,624.518,4185.29,703.535,6.34213e+06,290.256,310.265,36700
2014-09-28,538.239,1156.98,701.627,4898.56,790.385,6.34115e+06,326.087,328.793,36700
2014-07-13,170.825,370.293,231.568,243.926,251.077,6.34743e+06,93.3951,93.2206,36750
2014-07-20,194.311,419.906,254.594,504.661,283.759,6.34708e+06,105.552,88.8097,36750
2014-07-27,219.646,473.428,285.805,795.133,321.684,6.34668e+06,119.66,90.4081,36750
2014-08-03,247.705,533.581,322.015,1122.01,363.087,6.34622e+06,135.061,106.053,36750
2014-08-10,279.213,601.385,362.962,1490.41,409.341,6.34572e+06,152.266,191.603,36750
2014-08-17,314.699,677.795,409.108,1905.64,461.383,6.34514e+06,171.624,174.892,36750
2014-08-24,354.678,763.881,461.099,2373.66,520.008,6.3445e+06,193.432,303.553,36750
2014-08-31,399.717,860.857,519.673,2901.14,586.056,6.34377e+06,218,202.635,36750
2014-09-07,450.45,970.087,585.658,3495.61,660.458,6.34295e+06,245.676,197.014,36750
2014-09-14,507.592,1093.1,659.985,4165.55,744.263,6.34202e+06,276.85,241.153,36750
2014-09-21,571.942,1231.63,743.696,4920.49,838.647,6.34098e+06,311.959,243.486,36750
2014-09-28,644.4,1387.59,837.967,5771.15,944.931,6.33981e+06,351.494,392.956,36750
2014-07-13,79.8207,172.895,108.273,114.077,117.386,6.34797e+06,81.232,105.346,36800
2014-07-20,90.6832,195.828,118.925,235.931,132.507,6.34781e+06,91.6955,41.2714,36800
2014-07-27,102.389,220.54,133.355,371.54,150.038,6.34762e+06,103.827,85.3964,36800
2014-08-03,115.339,248.287,150.081,523.971,169.157,6.34741e+06,117.058,109.583,36800
2014-08-10,129.867,279.533,168.976,695.57,190.494,6.34718e+06,131.823,125.318,36800
2014-08-17,146.214,314.713,190.251,888.774,214.479,6.34691e+06,148.421,208.799,36800
2014-08-24,164.615,354.315,214.198,1106.3,241.473,6.34661e+06,167.101,119.676,36800
2014-08-31,185.327,398.891,241.154,1351.2,271.859,6.34627e+06,188.129,134.803,36800
2014-09-07,208.641,449.063,271.496,1626.92,306.062,6.34589e+06,211.797,226.277,36800
2014-09-14,234.88,505.531,305.648,1937.33,344.559,6.34547e+06,238.437,169.67,36800
2014-09-21,264.412,569.078,344.085,2286.78,387.886,6.34499e+06,268.42,310.393,36800
2014-09-28,297.645,640.59,387.344,2680.17,436.646,6.34444e+06,302.162,321.338,36800
2014-07-13,91.1164,199.515,122.477,128.618,132.917,6.34791e+06,83.3559,76.6492,36850
2014-07-20,105.38,229.896,136.39,267.367,152.661,6.34771e+06,95.7382,100.715,36850
2014-07-27,121.009,263.245,155.451,424.177,175.872,6.34749e+06,110.294,91.7657,36850
2014-08-03,138.602,301.327,177.878,603.377,201.627,6.34723e+06,126.446,136.153,36850
2014-08-10,158.676,344.932,203.63,808.492,230.867,6.34693e+06,144.783,144.945,36850
2014-08-17,181.642,394.848,233.109,1043.3,264.29,6.3466e+06,165.743,163.441,36850
2014-08-24,207.926,451.976,266.847,1312.1,302.537,6.34621e+06,189.729,242.001,36850
2014-08-31,238.006,517.354,305.459,1619.8,346.31,6.34577e+06,217.18,207.921,36850
2014-09-07,272.429,592.166,349.648,1972.01,396.404,6.34526e+06,248.596,238.131,36850
2014-09-14,311.819,677.769,400.215,2375.17,453.727,6.34469e+06,284.545,250.673,36850
2014-09-21,356.888,775.709,458.076,2836.63,519.318,6.34402e+06,325.679,283.477,36850
2014-09-28,408.45,887.753,524.279,3364.79,594.363,6.34326e+06,372.742,576.516,36850
2014-07-13,108.982,235.256,148.247,156.353,160.676,6.3478e+06,94.291,99.171,36900
2014-07-20,123.124,265.029,162.139,322.857,180.396,6.34758e+06,105.863,111.459,36900
2014-07-27,138.283,296.926,180.89,507.266,203.161,6.34733e+06,119.223,122.416,36900
2014-08-03,154.963,332.546,202.522,713.485,227.852,6.34705e+06,133.713,130.692,36900
2014-08-10,173.575,372.449,226.836,944.431,255.259,6.34673e+06,149.796,121.325,36900
2014-08-17,194.407,417.14,254.067,1203.1,285.903,6.34638e+06,167.779,172.21,36900
2014-08-24,217.732,467.182,284.558,1492.82,320.211,6.34599e+06,187.913,168.225,36900
2014-08-31,243.85,523.212,318.699,1817.31,358.626,6.34555e+06,210.456,167.118,36900
2014-09-07,273.091,585.941,356.926,2180.72,401.637,6.34505e+06,235.697,225.024,36900
2014-09-14,305.828,656.165,399.724,2587.71,449.791,6.3445e+06,263.956,324.49,36900
2014-09-21,342.474,734.772,447.637,3043.5,503.699,6.34388e+06,295.591,315.095,36900
2014-09-28,383.494,822.756,501.272,3553.9,564.043,6.34319e+06,331.003,336.833,36900
2014-07-13,76.6088,167.983,102.854,107.965,111.636,6.34799e+06,83.1829,81.8216,36950
2014-07-20,88.8063,193.994,114.744,224.584,128.508,6.34783e+06,95.7549,117.017,36950
2014-07-27,102.201,222.615,131.057,356.65,148.378,6.34764e+06,110.561,123.312,36950
2014-08-03,117.313,255.371,150.288,507.895,170.477,6.34742e+06,127.027,149.86,36950
2014-08-10,134.595,292.96,172.419,681.388,195.623,6.34717e+06,145.764,147.259,36950
2014-08-17,154.41,336.083,197.808,880.428,224.429,6.34688e+06,167.228,169.419,36950
2014-08-24,177.137,385.546,226.928,1108.77,257.466,6.34655e+06,191.845,209.321,36950
2014-08-31,203.206,442.277,260.329,1370.73,295.359,6.34617e+06,220.08,177.623,36950
2014-09-07,233.103,507.34,298.638,1671.24,338.82,6.34574e+06,252.464,227.024,36950
2014-09-14,267.391,581.954,342.575,2015.97,388.665,6.34524e+06,289.604,284.588,36950
2014-09-21,306.71,667.512,392.961,2411.41,445.826,6.34467e+06,332.196,318.252,36950
2014-09-28,351.796,765.614,450.741,2865,511.372,6.34402e+06,381.037,428.467,36950
2014-07-13,110.964,242.895,149.196,156.693,161.909,6.34779e+06,85.0555,91.0193,37000
2014-07-20,128.265,279.735,166.075,325.677,185.862,6.34755e+06,97.6389,93.9328,37000
2014-07-27,147.211,320.15,189.19,516.57,214.008,6.34728e+06,112.424,110.843,37000
2014-08-03,168.528,366.276,216.375,734.607,245.222,6.34696e+06,128.822,134.665,37000
2014-08-10,192.836,419.062,247.573,984.048,280.64,6.34661e+06,147.428,108.886,37000
2014-08-17,220.631,479.453,283.267,1269.46,321.101,6.3462e+06,168.684,123.673,37000
2014-08-24,252.423,548.531,324.095,1596,367.377,6.34573e+06,192.994,193.327,37000
2014-08-31,288.787,627.538,370.795,1969.61,420.309,6.34519e+06,220.8,221.607,37000
2014-09-07,330.376,717.892,424.208,2397.05,480.848,6.34458e+06,252.603,291.689,37000
2014-09-14,377.937,821.214,485.295,2886.05,550.083,6.34388e+06,288.975,265.192,37000
2014-09-21,432.32,939.352,555.151,3445.45,629.256,6.34308e+06,330.566,323.104,37000
2014-09-28,494.499,1074.41,635.027,4085.35,719.781,6.34216e+06,378.122,421.667,37000
2014-07-13,100.435,218.787,135.591,142.615,147.08,6.34785e+06,87.6982,100.662,37050
2014-07-20,115.173,250.044,150.003,295.737,167.534,6.34764e+06,99.8946,124.765,37050
2014-07-27,131.192,284.053,169.641,467.521,191.421,6.3474e+06,114.137,97.0172,37050
2014-08-03,149.076,322.575,192.581,662.288,217.707,6.34712e+06,129.811,139.983,37050
2014-08-10,169.316,366.333,218.718,883.458,247.307,6.34681e+06,147.46,133.506,37050
2014-08-17,192.289,416.028,248.401,1134.65,280.87,6.34646e+06,167.473,133.821,37050
2014-08-24,218.371,472.452,282.102,1419.92,318.973,6.34606e+06,190.192,155.146,37050
2014-08-31,247.985,536.512,320.366,1743.89,362.235,6.3456e+06,215.987,226.255,37050
2014-09-07,281.605,609.235,363.809,2111.79,411.351,6.34508e+06,245.273,263.991,37050
2014-09-14,319.77,691.785,413.129,2529.58,467.109,6.3445e+06,278.52,310.017,37050
2014-09-21,363.091,785.484,469.115,3004,530.403,6.34383e+06,316.26,378.997,37050
2014-09-28,412.261,891.824,532.663,3542.7,602.245,6.34307e+06,359.097,240.344,37050
2014-07-13,108.776,236.165,147.262,155.047,159.691,6.3478e+06,85.1753,90.3555,37100
2014-07-20,124.054,268.48,162.227,321.014,180.932,6.34757e+06,96.5051,118.656,37100
2014-07-27,140.575,303.44,182.548,506.326,205.632,6.34732e+06,109.68,97.6609,37100
2014-08-03,158.921,342.833,206.177,715.366,232.669,6.34703e+06,124.1,154.079,37100
2014-08-10,179.576,387.35,232.963,951.532,262.952,6.3467e+06,140.253,143.872,37100
2014-08-17,202.899,437.648,263.227,1218.38,297.113,6.34633e+06,158.473,138.231,37100
2014-08-24,229.244,494.465,297.413,1519.89,335.695,6.34591e+06,179.052,190.407,37100
2014-08-31,259.001,558.639,336.028,1860.55,379.277,6.34544e+06,202.298,204.968,37100
2014-09-07,292.611,631.118,379.645,2245.44,428.502,6.3449e+06,228.553,256.015,37100
2014-09-14,330.569,712.969,428.907,2680.27,484.098,6.3443e+06,258.207,307.605,37100
2014-09-21,373.434,805.397,484.541,3171.52,546.883,6.34362e+06,291.695,278.071,37100
2014-09-28,421.836,909.756,547.365,3726.48,617.782,6.34284e+06,329.511,338.372,37100
2014-07-13,80.441,175.732,108.338,113.851,117.548,6.34797e+06,77.0907,74.2492,37150
2014-07-20,92.679,201.75,120.289,236.409,134.509,6.3478e+06,88.2141,103.874,37150
2014-07-27,106.041,230.197,136.622,374.464,154.388,6.3476e+06,101.251,93.0962,37150
2014-08-03,121.027,262.565,155.779,531.674,176.366,6.34738e+06,115.665,116.681,37150
2014-08-10,138.064,299.496,177.699,710.98,201.227,6.34712e+06,131.969,131.599,37150
2014-08-17,157.487,341.624,202.704,915.518,229.542,6.34683e+06,150.539,148.468,37150
2014-08-24,179.638,389.669,231.22,1148.83,261.831,6.3465e+06,171.715,199.685,37150
2014-08-31,204.9,444.46,263.741,1414.97,298.656,6.34612e+06,195.865,220.037,37150
2014-09-07,233.708,506.939,300.829,1718.53,340.649,6.34569e+06,223.406,231.798,37150
2014-09-14,266.557,578.18,343.121,2064.77,388.536,6.3452e+06,254.811,221.654,37150
2014-09-21,304.012,659.406,391.346,2459.69,443.139,6.34464e+06,290.621,235.146,37150
2014-09-28,346.714,752.008,446.331,2910.1,505.395,6.34399e+06,331.45,181.395,37150
2014-07-13,124.488,271.02,168.147,176.89,182.384,6.34771e+06,90.9674,149.652,37200
2014-07-20,142.614,309.445,185.878,366.708,207.55,6.34745e+06,103.519,122.307,37200
2014-07-27,162.297,351.207,210.023,579.479,236.915,6.34715e+06,118.166,158.662,37200
2014-08-03,184.25,398.466,238.204,820.496,269.198,6.34681e+06,134.268,133.995,37200
2014-08-10,209.071,452.096,270.281,1093.93,305.514,6.34642e+06,152.381,121.625,37200
2014-08-17,237.215,512.941,306.675,1404.19,346.651,6.34599e+06,172.899,142.308,37200
2014-08-24,269.137,581.957,347.956,1756.22,393.308,6.34549e+06,196.17,213.267,37200
2014-08-31,305.344,660.233,394.779,2155.62,446.228,6.34493e+06,222.565,164.024,37200
2014-09-07,346.408,749.003,447.886,2608.76,506.249,6.3443e+06,252.501,204.887,37200
2014-09-14,392.975,849.664,508.114,3122.85,574.317,6.34358e+06,286.451,264.212,37200
2014-09-21,445.777,963.796,576.412,3706.06,651.504,6.34276e+06,324.95,381.794,37200
2014-09-28,505.643,1093.19,653.854,4367.64,739.02,6.34183e+06,368.6,283.477,37200
2014-07-13,64.1163,139.579,86.6064,91.1108,93.9388,6.34807e+06,82.7736,87.1758,37250
2014-07-20,73.4458,159.357,95.7328,188.876,106.892,6.34793e+06,94.1873,94.0021,37250
2014-07-27,83.5774,180.853,108.16,298.455,122.007,6.34778e+06,107.505,66.3814,37250
2014-08-03,94.8771,205.179,122.666,422.573,138.623,6.3476e+06,122.147,116.706,37250
2014-08-10,107.654,232.787,139.177,563.379,157.317,6.34741e+06,138.619,175.359,37250
2014-08-17,122.142,264.111,157.912,723.138,178.494,6.34718e+06,157.279,200.209,37250
2014-08-24,138.578,299.647,179.164,904.4,202.514,6.34693e+06,178.444,173.047,37250
2014-08-31,157.222,339.958,203.272,1110.05,229.762,6.34664e+06,202.453,181.41,37250
2014-09-07,178.371,385.682,230.619,1343.38,260.671,6.34631e+06,229.689,206.829,37250
2014-09-14,202.359,437.544,261.639,1608.09,295.732,6.34594e+06,260.582,157.338,37250
2014-09-21,229.567,496.365,296.824,1908.4,335.499,6.34552e+06,295.623,343.252,37250
2014-09-28,260.425,563.074,336.732,2249.1,380.602,6.34504e+06,335.365,433.483,37250
2014-07-13,88.3018,191.509,119.65,126.016,129.736,6.34792e+06,83.527,70.16,37300
2014-07-20,100.528,217.348,131.633,260.778,146.744,6.34774e+06,94.4771,133.334,37300
2014-07-27,113.729,245.252,147.885,411.02,166.495,6.34753e+06,107.193,103.943,37300
2014-08-03,128.362,276.643,166.757,580.227,188.078,6.3473e+06,121.089,154.881,37300
2014-08-10,144.812,312.062,188.116,771.082,212.214,6.34703e+06,136.628,153.702,37300
2014-08-17,163.356,352.017,212.212,986.383,239.397,6.34674e+06,154.129,202.448,37300
2014-08-24,184.27,397.08,239.387,1229.26,270.05,6.3464e+06,173.864,107.616,37300
2014-08-31,207.857,447.9,270.034,1503.23,304.621,6.34602e+06,196.122,104.501,37300
2014-09-07,234.457,505.209,304.598,1812.28,343.608,6.34559e+06,221.222,237.814,37300
2014-09-14,264.452,569.83,343.575,2160.87,387.573,6.34511e+06,249.528,82.772,37300
2014-09-21,298.273,642.693,387.527,2554.07,437.149,6.34457e+06,281.446,315.894,37300
2014-09-28,336.406,724.84,437.085,2997.56,493.047,6.34395e+06,317.435,208.019,37300
2014-07-13,85.5714,188.646,114.365,119.849,124.192,6.34794e+06,83.5339,88.5849,37350
2014-07-20,100.081,219.725,128.471,249.95,144.206,6.34775e+06,96.9962,96.7393,37350
2014-07-27,116.148,254.237,147.935,398.427,167.941,6.34753e+06,112.96,101.263,37350
2014-08-03,134.434,294.071,171.054,569.876,194.567,6.34728e+06,130.87,156.071,37350
2014-08-10,155.52,340.16,197.874,768.179,225.124,6.34699e+06,151.423,194.449,37350
2014-08-17,179.898,393.473,228.899,997.575,260.421,6.34665e+06,175.164,214.091,37350
2014-08-24,208.092,455.132,264.779,1262.93,301.238,6.34626e+06,202.619,290.787,37350
2014-08-31,240.697,526.435,306.274,1569.88,348.444,6.34581e+06,234.37,166.765,37350
2014-09-07,278.402,608.886,354.261,1924.93,403.034,6.34528e+06,271.089,289.815,37350
2014-09-14,321.999,704.22,409.751,2335.6,466.158,6.34468e+06,313.548,377.077,37350
2014-09-21,372.407,814.438,473.913,2810.58,539.146,6.34398e+06,362.64,335.121,37350
2014-09-28,430.682,941.85,548.096,3359.93,623.53,6.34317e+06,419.399,434.038,37350
2014-07-13,107.79,237.348,144.204,151.174,156.577,6.34781e+06,77.4545,89.2771,37400
2014-07-20,125.821,275.932,161.744,315.1,181.465,6.34757e+06,89.7659,93.565,37400
2014-07-27,145.751,318.69,185.915,501.861,210.933,6.3473e+06,104.343,80.8209,37400
2014-08-03,168.388,367.948,214.578,717.126,243.928,6.34698e+06,120.664,150.854,37400
2014-08-10,194.443,424.835,247.769,965.654,281.719,6.34662e+06,139.359,119.424,37400
2014-08-17,224.509,490.514,286.091,1252.62,325.292,6.3462e+06,160.913,206.484,37400
2014-08-24,259.215,566.331,330.327,1583.97,375.584,6.34571e+06,185.791,167.675,37400
2014-08-31,299.276,653.839,381.39,1966.55,433.637,6.34515e+06,214.508,225.33,37400
2014-09-07,345.512,754.834,440.328,2408.25,500.643,6.3445e+06,247.654,178.212,37400
2014-09-14,398.872,871.381,508.351,2918.2,577.976,6.34375e+06,285.908,276.571,37400
2014-09-21,460.446,1005.86,586.852,3506.92,667.217,6.34289e+06,330.054,318.87,37400
2014-09-28,531.49,1161.01,677.435,4186.53,770.19,6.34189e+06,380.991,372.905,37400
2014-07-13,145.095,313.357,197.297,208.056,213.847,6.34759e+06,91.4657,104.067,37450
2014-07-20,164.046,353.267,215.908,429.711,240.266,6.34729e+06,102.766,100.5,37450
2014-07-27,184.373,396.054,241.041,675.36,270.781,6.34695e+06,115.818,123.043,37450
2014-08-03,206.753,443.867,270.052,950.249,303.9,6.34658e+06,129.983,125.147,37450
2014-08-10,231.742,497.461,302.679,1258.31,340.686,6.34616e+06,145.717,139.304,37450
2014-08-17,259.728,557.521,339.243,1603.59,381.842,6.34569e+06,163.32,205.154,37450
2014-08-24,291.082,624.812,380.21,1990.57,427.946,6.34516e+06,183.04,207.85,37450
2014-08-31,326.21,700.196,426.106,2424.27,479.599,6.34457e+06,205.132,234.834,37450
2014-09-07,365.56,784.637,477.524,2910.32,537.464,6.34391e+06,229.882,259.37,37450
2014-09-14,409.637,879.216,535.122,3455,602.283,6.34317e+06,257.606,330.044,37450
2014-09-21,459.002,985.137,599.637,4065.37,674.883,6.34234e+06,288.659,358.619,37450
2014-09-28,514.285,1103.74,671.892,4749.3,756.191,6.34141e+06,323.435,270.858,37450
2014-07-13,124.425,270.88,168.063,176.802,182.293,6.34771e+06,80.9593,73.1961,37500
2014-07-20,142.539,309.28,185.783,366.525,207.443,6.34745e+06,92.1289,83.7684,37500
2014-07-27,162.21,351.014,209.912,579.184,236.789,6.34715e+06,105.162,142.092,37500
2014-08-03,184.147,398.24,238.074,820.072,269.05,6.34681e+06,119.49,141.721,37500
2014-08-10,208.951,451.833,270.13,1093.36,305.341,6.34643e+06,135.607,142.993,37500
2014-08-17,237.075,512.635,306.499,1403.44,346.45,6.34599e+06,153.865,116.162,37500
2014-08-24,268.975,581.6,347.751,1755.26,393.074,6.3455e+06,174.571,217.745,37500
2014-08-31,305.155,659.818,394.54,2154.43,445.955,6.34494e+06,198.057,164.197,37500
2014-09-07,346.188,748.52,447.607,2607.29,505.932,6.3443e+06,224.693,255.967,37500
2014-09-14,392.719,849.103,507.79,3121.06,573.948,6.34358e+06,254.9,232.342,37500
2014-09-21,445.481,963.146,576.036,3703.88,651.075,6.34276e+06,289.154,278.504,37500
2014-09-28,505.299,1092.43,653.417,4365.03,738.523,6.34183e+06,327.991,287.343,37500
2014-07-13,108.182,234.657,146.571,154.363,158.928,6.34781e+06,86.6461,69.4072,37550
2014-07-20,123.188,266.374,161.277,319.459,179.802,6.34758e+06,98.0264,91.0107,37550
2014-07-27,139.393,300.632,181.227,503.556,204.046,6.34733e+06,111.244,110.112,37550
2014-08-03,157.36,339.178,204.394,710.933,230.544,6.34704e+06,125.69,137.175,37550
2014-08-10,177.56,382.678,230.62,944.888,260.181,6.34671e+06,141.848,179.535,37550
2014-08-17,200.337,431.755,260.211,1208.86,293.564,6.34635e+06,160.048,125.918,37550
2014-08-24,226.028,487.115,293.588,1506.7,331.216,6.34594e+06,180.575,188.134,37550
2014-08-31,255.005,549.555,331.236,1842.74,373.685,6.34547e+06,203.729,212.8,37550
2014-09-07,287.688,619.975,373.7,2221.86,421.586,6.34495e+06,229.844,244.342,37550
2014-09-14,324.547,699.39,421.592,2649.58,475.609,6.34435e+06,259.297,226.045,37550
2014-09-21,366.112,788.939,475.602,3132.1,536.533,6.34369e+06,292.512,315.013,37550
2014-09-28,412.98,889.906,536.508,3676.42,605.232,6.34293e+06,329.966,291.977,37550
2014-07-13,66.3154,145.735,88.8675,93.2196,96.4748,6.34806e+06,77.4296,70.5918,37600
2014-07-20,77.1565,168.896,99.4231,194.118,111.453,6.34791e+06,89.4513,77.5255,37600
2014-07-27,89.1027,194.478,113.94,308.745,129.144,6.34774e+06,103.65,112.601,37600
2014-08-03,102.63,223.859,131.108,440.467,148.89,6.34755e+06,119.497,86.7061,37600
2014-08-10,118.152,257.691,150.93,592.083,171.438,6.34733e+06,137.594,169.532,37600
2014-08-17,136.012,296.638,173.748,766.622,197.358,6.34708e+06,158.397,195.169,37600
2014-08-24,156.568,341.467,200.012,967.546,227.188,6.34678e+06,182.338,172.962,37600
2014-08-31,180.227,393.06,230.24,1198.84,261.521,6.34645e+06,209.894,179.514,37600
2014-09-07,207.455,452.436,265.03,1465.08,301.035,6.34606e+06,241.607,279.606,37600
2014-09-14,238.79,520.764,305.068,1771.55,346.51,6.34561e+06,278.105,253.977,37600
2014-09-21,274.849,599.389,351.145,2124.32,398.841,6.3451e+06,320.106,303.334,37600
2014-09-28,316.34,689.855,404.166,2530.36,459.059,6.34451e+06,368.436,407.683,37600
2014-07-13,81.2704,176.22,110.143,116.011,119.425,6.34797e+06,81.6368,79.0513,37650
2014-07-20,92.4892,199.925,121.139,240.048,135.033,6.3478e+06,92.3063,82.9345,37650
2014-07-27,104.598,225.516,136.051,378.29,153.154,6.34761e+06,104.693,81.7247,37650
2014-08-03,118.017,254.295,153.36,533.929,172.949,6.34739e+06,118.225,117.827,37650
2014-08-10,133.095,286.756,172.945,709.421,195.077,6.34715e+06,133.351,104.554,37650
2014-08-17,150.089,323.363,195.032,907.325,219.99,6.34687e+06,150.381,165.467,37650
2014-08-24,169.248,364.636,219.933,1130.5,248.075,6.34657e+06,169.58,169.565,37650
2014-08-31,190.849,411.168,248.007,1382.16,279.74,6.34622e+06,191.225,213.781,37650
2014-09-07,215.201,463.625,279.658,1665.95,315.438,6.34583e+06,215.628,187.636,37650
2014-09-14,242.653,522.757,315.34,1985.95,355.682,6.34538e+06,243.138,266.428,37650
2014-09-21,273.598,589.411,355.564,2346.77,401.048,6.34488e+06,274.149,307.116,37650
2014-09-28,308.477,664.536,400.905,2753.62,452.184,6.34432e+06,309.105,244.948,37650
2014-07-13,155.512,332.327,213.303,225.635,230.979,6.34752e+06,97.0612,101.159,37700
2014-07-20,172.823,368.476,230.393,463.788,255.243,6.34721e+06,107.257,97.6447,37700
2014-07-27,191.098,406.545,253.223,723.859,282.902,6.34688e+06,118.88,95.4868,37700
2014-08-03,210.883,448.392,279.201,1010.3,312.422,6.3465e+06,131.285,127.101,37700
2014-08-10,232.617,494.551,307.962,1326.21,344.673,6.34609e+06,144.837,129.566,37700
2014-08-17,256.568,545.458,339.683,1674.67,380.174,6.34563e+06,159.756,153.988,37700
2014-08-24,282.975,601.586,374.656,2059.01,419.311,6.34513e+06,176.201,161.33,37700
2014-08-31,312.089,663.464,413.215,2482.91,462.459,6.34458e+06,194.333,211.847,37700
2014-09-07,344.184,731.676,455.725,2950.43,510.029,6.34397e+06,214.323,195.08,37700
2014-09-14,379.563,806.863,502.588,3466.03,562.468,6.34329e+06,236.358,270.002,37700
2014-09-21,418.558,889.729,554.244,4034.64,620.269,6.34255e+06,260.647,310.673,37700
2014-09-28,461.534,981.049,611.18,4661.68,683.974,6.34173e+06,287.417,335.215,37700
2014-07-13,121.885,263.199,165.751,174.797,179.653,6.34772e+06,96.6485,112.479,37750
2014-07-20,137.778,296.669,181.361,360.999,201.812,6.34747e+06,108.569,102.856,37750
2014-07-27,154.824,332.546,202.439,567.324,227.403,6.34719e+06,122.336,157.985,37750
2014-08-03,173.588,372.631,226.766,798.17,255.173,6.34688e+06,137.276,159.959,37750
2014-08-10,194.538,417.559,254.121,1056.83,286.015,6.34653e+06,153.868,115.117,37750
2014-08-17,217.997,467.901,284.774,1346.69,320.515,6.34613e+06,172.428,163.054,37750
2014-08-24,244.277,524.298,319.114,1671.51,359.16,6.34569e+06,193.218,157.528,37750
2014-08-31,273.717,587.473,357.582,2035.49,402.452,6.3452e+06,216.508,174.422,37750
2014-09-07,306.693,658.235,400.675,2443.35,450.946,6.34464e+06,242.596,256.999,37750
2014-09-14,343.629,737.486,448.943,2900.34,505.264,6.34402e+06,271.818,262.043,37750
2014-09-21,384.994,826.239,503.005,3412.38,566.099,6.34332e+06,304.546,320.971,37750
2014-09-28,431.316,925.621,563.55,3986.06,634.228,6.34254e+06,341.198,352.175,37750
2014-07-13,84.4935,183.057,114.59,120.725,124.238,6.34795e+06,91.5035,63.6499,37800
2014-07-20,96.0265,207.41,125.899,249.706,140.29,6.34777e+06,103.326,121.515,37800
2014-07-27,108.459,233.662,141.221,393.29,158.906,6.34757e+06,117.038,134.039,37800
2014-08-03,122.217,263.147,158.987,554.741,179.216,6.34735e+06,131.996,158.079,37800
2014-08-10,137.658,296.362,179.064,736.553,201.889,6.3471e+06,148.696,152.277,37800
2014-08-17,155.037,333.771,201.675,941.326,227.384,6.34682e+06,167.473,99.8441,37800
2014-08-24,174.606,375.895,227.136,1171.95,256.088,6.3465e+06,188.614,111.556,37800
2014-08-31,196.641,423.325,255.805,1431.69,288.409,6.34614e+06,212.419,214.766,37800
2014-09-07,221.45,476.727,288.085,1724.21,324.801,6.34574e+06,239.222,242.35,37800
2014-09-14,249.382,536.847,324.43,2053.64,365.774,6.34529e+06,269.4,375.899,37800
2014-09-21,280.828,604.527,365.349,2424.63,411.903,6.34477e+06,303.374,283.938,37800
2014-09-28,316.226,680.711,411.414,2842.39,463.832,6.3442e+06,341.621,408.663,37800
2014-07-13,118.769,256.48,161.509,170.321,175.055,6.34774e+06,84.1911,77.8365,37850
2014-07-20,134.264,289.111,176.727,351.761,196.658,6.3475e+06,94.5807,66.2144,37850
2014-07-27,150.883,324.092,197.277,552.82,221.608,6.34722e+06,106.58,79.4835,37850
2014-08-03,169.179,363.179,220.996,777.786,248.685,6.34692e+06,119.603,120.874,37850
2014-08-10,189.608,406.99,247.669,1029.87,278.758,6.34658e+06,134.066,131.646,37850
2014-08-17,212.484,456.084,277.559,1312.38,312.401,6.34619e+06,150.246,137.687,37850
2014-08-24,238.114,511.087,311.047,1628.98,350.088,6.34576e+06,168.371,175.046,37850
2014-08-31,266.826,572.704,348.563,1983.77,392.309,6.34528e+06,188.677,141.574,37850
2014-09-07,298.99,641.725,390.592,2381.35,439.607,6.34474e+06,211.424,185.197,37850
2014-09-14,335.018,719.034,437.672,2826.86,492.588,6.34413e+06,236.905,180.475,37850
2014-09-21,375.37,805.616,490.406,3326.06,551.932,6.34345e+06,265.446,305.67,37850
2014-09-28,420.561,902.575,549.469,3885.39,618.395,6.34269e+06,297.41,257.808,37850
2014-07-13,122.354,263.708,166.653,175.847,180.6,6.34772e+06,96.6456,99.6171,37900
2014-07-20,137.877,296.347,181.913,362.85,202.263,6.34747e+06,108.238,129.615,37900
2014-07-27,154.477,331.221,202.478,569.506,227.222,6.34719e+06,121.595,142.241,37900
2014-08-03,172.695,370.068,226.152,800.056,254.224,6.34688e+06,136.045,166.145,37900
2014-08-10,192.975,413.482,252.697,1057.63,284.122,6.34653e+06,152.044,129.713,37900
2014-08-17,215.618,461.987,282.355,1345.44,317.469,6.34614e+06,169.89,169.78,37900
2014-08-24,240.909,516.169,315.484,1667.03,354.714,6.34571e+06,189.821,157.029,37900
2014-08-31,269.159,576.685,352.489,2026.34,396.315,6.34523e+06,212.083,210.719,37900
2014-09-07,300.711,644.271,393.821,2427.79,442.781,6.34468e+06,236.948,248.609,37900
2014-09-14,335.948,719.748,439.982,2876.3,494.675,6.34408e+06,264.719,301.302,37900
2014-09-21,375.297,804.028,491.535,3377.38,552.628,6.3434e+06,295.732,282.594,37900
2014-09-28,419.234,898.128,549.103,3937.15,617.341,6.34265e+06,330.362,360.027,37900
2014-07-13,90.8325,196.073,123.561,130.318,133.92,6.34791e+06,94.8053,101.229,37950
2014-07-20,102.616,220.88,135.136,269.094,150.35,6.34772e+06,106.437,138.932,37950
2014-07-27,115.246,247.456,150.759,422.788,169.318,6.34751e+06,119.865,91.3311,37950
2014-08-03,129.144,277.135,168.783,594.655,189.891,6.34728e+06,134.429,154.292,37950
2014-08-10,144.652,310.383,189.041,787.124,212.727,6.34702e+06,150.595,145.731,37950
2014-08-17,162.009,347.62,211.731,1002.69,238.26,6.34673e+06,168.67,201.781,37950
2014-08-24,181.445,389.318,237.137,1244.13,266.846,6.3464e+06,188.907,170.561,37950
2014-08-31,203.207,436.006,265.584,1514.54,298.855,6.34603e+06,211.567,251.566,37950
2014-09-07,227.574,488.279,297.437,1817.38,334.695,6.34562e+06,236.94,248.028,37950
2014-09-14,254.854,546.801,333.101,2156.54,374.822,6.34516e+06,265.347,282.09,37950
2014-09-21,285.395,612.314,373.029,2536.36,419.747,6.34464e+06,297.15,292.721,37950
2014-09-28,319.584,685.649,417.728,2961.7,470.039,6.34407e+06,332.754,375.165,37950
2014-07-13,98.7801,211.353,135.352,143.126,146.584,6.34786e+06,104.235,118.581,38000
2014-07-20,109.998,234.802,146.419,294.356,162.297,6.34766e+06,115.408,73.66,38000
2014-07-27,121.862,259.55,161.223,459.788,180.236,6.34745e+06,128.165,75.0974,38000
2014-08-03,134.735,286.809,178.097,642.336,199.423,6.34721e+06,141.808,120.555,38000
2014-08-10,148.904,316.939,196.816,844.044,220.427,6.34694e+06,156.744,136.007,38000
2014-08-17,164.55,350.234,217.501,1066.95,243.595,6.34665e+06,173.219,209.574,38000
2014-08-24,181.835,387.02,240.355,1313.29,269.187,6.34633e+06,191.418,209.805,38000
2014-08-31,200.932,427.66,265.603,1585.5,297.461,6.34597e+06,211.523,170.005,38000
2014-09-07,222.029,472.554,293.496,1886.3,328.697,6.34558e+06,233.735,222.266,38000
2014-09-14,245.333,522.145,324.31,2218.69,363.203,6.34514e+06,258.272,260.09,38000
2014-09-21,271.075,576.92,358.348,2585.97,401.319,6.34466e+06,285.376,337.908,38000
2014-09-28,299.508,637.417,395.946,2991.8,443.42,6.34413e+06,315.314,340.004,38000
2014-07-13,118.386,262.672,157.353,164.564,170.976,6.34775e+06,79.9615,64.6414,38050
2014-07-20,139.948,309.104,178.247,344.289,200.618,6.34748e+06,93.8249,119.296,38050
2014-07-27,164.066,361.234,207.276,551.324,236.065,6.34717e+06,110.403,162.086,38050
2014-08-03,191.799,422.013,242.07,792.777,276.247,6.3468e+06,129.195,83.1214,38050
2014-08-10,224.103,493.037,282.831,1074.85,322.832,6.34638e+06,150.981,98.6178,38050
2014-08-17,261.824,576.008,330.45,1404.41,377.184,6.34588e+06,176.401,202.427,38050
2014-08-24,305.881,672.917,386.069,1789.46,440.662,6.3453e+06,206.088,215.933,38050
2014-08-31,357.336,786.092,451.029,2239.3,514.8,6.34462e+06,240.761,329.684,38050
2014-09-07,417.424,918.247,526.894,2764.81,601.383,6.34382e+06,281.254,226.423,38050
2014-09-14,487.585,1072.55,615.486,3378.71,702.487,6.3429e+06,328.538,229.765,38050
2014-09-21,569.498,1252.67,718.926,4095.8,820.533,6.34181e+06,383.745,402.725,38050
2014-09-28,665.114,1462.91,839.688,4933.38,958.339,6.34055e+06,448.194,511.363,38050
2014-07-13,110.672,240.38,149.779,157.677,162.426,6.34779e+06,78.9653,99.2385,38100
2014-07-20,126.301,273.448,165.084,326.522,184.15,6.34756e+06,89.5269,74.6483,38100
2014-07-27,143.212,309.246,185.876,515.155,209.424,6.3473e+06,101.814,66.937,38100
2014-08-03,162.002,349.608,210.065,728.073,237.107,6.347e+06,115.273,161.575,38100
2014-08-10,183.171,395.25,237.503,968.769,268.134,6.34667e+06,130.357,158.448,38100
2014-08-17,207.089,446.85,268.524,1240.9,303.156,6.34629e+06,147.383,173.902,38100
2014-08-24,234.122,505.174,303.586,1548.58,342.735,6.34586e+06,166.625,187.468,38100
2014-08-31,264.677,571.09,343.214,1896.42,387.47,6.34537e+06,188.373,238.316,38100
2014-09-07,299.207,645.582,388.003,2289.66,438.029,6.34483e+06,212.953,216.748,38100
2014-09-14,338.229,729.757,438.62,2734.21,495.166,6.34421e+06,240.731,268.814,38100
2014-09-21,382.322,824.867,495.819,3236.74,559.731,6.34351e+06,272.12,427.105,38100
2014-09-28,432.14,932.32,560.45,3804.79,632.683,6.34272e+06,307.587,342.226,38100
2014-07-13,79.5469,174.258,106.886,112.23,116.002,6.34798e+06,77.6813,95.6224,38150
2014-07-20,92.0658,200.933,119.094,233.349,133.327,6.3478e+06,89.2834,87.7392,38150
2014-07-27,105.793,230.236,135.828,370.321,153.705,6.34761e+06,102.93,120.836,38150
2014-08-03,121.256,263.722,155.529,526.954,176.335,6.34738e+06,118.084,129.289,38150
2014-08-10,138.912,302.092,178.167,706.361,202.044,6.34712e+06,135.3,138.597,38150
2014-08-17,159.126,346.045,204.099,911.881,231.452,6.34683e+06,154.994,173.201,38150
2014-08-24,182.277,396.385,233.799,1147.31,265.129,6.34649e+06,177.546,210.061,38150
2014-08-31,208.792,454.036,267.813,1417,303.699,6.3461e+06,203.374,178.975,38150
2014-09-07,239.155,520.056,306.767,1725.91,347.87,6.34566e+06,232.954,210.916,38150
2014-09-14,273.926,595.652,351.377,2079.75,398.453,6.34515e+06,266.827,234.782,38150
2014-09-21,313.739,682.209,402.46,2485.05,456.374,6.34457e+06,305.614,376.585,38150
2014-09-28,359.322,781.306,460.95,2949.25,522.693,6.3439e+06,350.025,256.461,38150
2014-07-13,84.9104,185.635,114.285,120.074,124.009,6.34795e+06,82.6744,83.2306,38200
2014-07-20,97.9494,213.373,127.014,249.418,142.073,6.34776e+06,94.7174,69.1935,38200
2014-07-27,112.202,243.739,144.423,395.275,163.266,6.34755e+06,108.846,68.9172,38200
2014-08-03,128.206,278.331,164.863,561.558,186.723,6.34732e+06,124.485,104.151,38200
2014-08-10,146.423,317.845,188.278,751.433,213.289,6.34705e+06,142.196,162.56,38200
2014-08-17,167.214,362.97,215.019,968.275,243.582,6.34674e+06,162.391,185.544,38200
2014-08-24,190.952,414.492,245.549,1215.91,278.165,6.34638e+06,185.447,222.226,38200
2014-08-31,218.054,473.314,280.407,1498.7,317.651,6.34598e+06,211.771,218.848,38200
2014-09-07,248.996,540.466,320.204,1821.64,362.73,6.34552e+06,241.825,274.603,38200
2014-09-14,284.318,617.122,365.638,2190.4,414.194,6.34499e+06,276.134,335.138,38200
2014-09-21,324.638,704.619,417.504,2611.47,472.941,6.34439e+06,315.3,318.693,38200
2014-09-28,370.658,804.482,476.706,3092.27,539.997,6.34371e+06,360.005,327.871,38200
2014-07-13,84.2999,183.283,113.992,119.967,123.628,6.34795e+06,81.2641,50.3287,38250
2014-07-20,96.3629,208.829,125.8,248.547,140.388,6.34777e+06,92.2808,72.709,38250
2014-07-27,109.437,236.532,141.857,392.401,159.912,6.34757e+06,105.114,75.462,38250
2014-08-03,123.988,267.819,160.566,555.025,181.332,6.34734e+06,119.194,141.606,38250
2014-08-10,140.408,303.255,181.82,739.149,205.379,6.34709e+06,135.001,142.22,38250
2014-08-17,158.989,343.381,205.888,947.647,232.565,6.34679e+06,152.871,161.478,38250
2014-08-24,180.025,388.809,233.134,1183.74,263.339,6.34646e+06,173.1,154.684,38250
2014-08-31,203.84,440.236,263.98,1451.07,298.179,6.34609e+06,196.001,201.245,38250
2014-09-07,230.798,498.449,298.898,1753.77,337.618,6.34567e+06,221.926,192.332,38250
2014-09-14,261.313,564.341,338.426,2096.51,382.263,6.34519e+06,251.272,279.239,38250
2014-09-21,295.853,638.919,383.169,2484.56,432.797,6.34465e+06,284.489,378.785,38250
2014-09-28,334.943,723.319,433.811,2923.91,489.992,6.34403e+06,322.085,309.989,38250
2014-07-13,100.812,220.483,135.646,142.499,147.192,6.34785e+06,81.1653,89.1363,38300
2014-07-20,116.364,253.577,150.825,296.054,168.734,6.34763e+06,93.0441,118.27,38300
2014-07-27,133.374,289.828,171.594,469.303,194.018,6.34739e+06,106.987,121.18,38300
2014-08-03,152.484,331.148,195.991,666.928,222.021,6.3471e+06,122.428,142.53,38300
2014-08-10,174.248,378.372,223.954,892.717,253.752,6.34678e+06,139.925,166.42,38300
2014-08-17,199.101,432.33,255.904,1150.72,289.954,6.34641e+06,159.888,201.819,38300
2014-08-24,227.492,493.97,292.403,1445.53,331.305,6.34599e+06,182.69,243.949,38300
2014-08-31,259.924,564.379,334.097,1782.38,378.542,6.34551e+06,208.738,272.586,38300
2014-09-07,296.968,644.799,381.723,2167.25,432.5,6.34496e+06,238.491,248.792,38300
2014-09-14,339.277,736.644,436.122,2606.98,494.128,6.34433e+06,272.475,302.153,38300
2014-09-21,387.595,841.527,498.251,3109.36,564.513,6.34361e+06,311.287,388.391,38300
2014-09-28,442.77,961.287,569.204,3683.3,644.891,6.34279e+06,355.609,419.43,38300
2014-07-13,78.979,171.623,106.844,112.463,115.871,6.34798e+06,82.9304,91.5453,38350
2014-07-20,90.2015,195.378,117.833,232.942,131.467,6.34781e+06,94.0928,117.486,38350
2014-07-27,102.355,221.117,132.767,367.632,149.624,6.34763e+06,107.088,133.385,38350
2014-08-03,115.87,250.162,150.154,519.771,169.526,6.34741e+06,121.332,113.062,38350
2014-08-10,131.107,283.031,169.892,691.884,191.851,6.34717e+06,137.31,124.692,38350
2014-08-17,148.337,320.221,192.224,886.623,217.071,6.3469e+06,155.36,183.254,38350
2014-08-24,167.828,362.292,217.486,1106.96,245.595,6.3466e+06,175.776,150.011,38350
2014-08-31,189.876,409.88,246.061,1356.24,277.862,6.34625e+06,198.869,291.029,38350
2014-09-07,214.814,463.706,278.385,1638.28,314.36,6.34585e+06,224.992,258.967,38350
2014-09-14,243.02,524.583,314.946,1957.36,355.643,6.34541e+06,254.538,237.129,38350
2014-09-21,274.921,593.432,356.298,2318.34,402.334,6.34491e+06,287.956,321.172,38350
2014-09-28,310.997,671.288,403.065,2726.71,455.139,6.34434e+06,325.749,268.449,38350
2014-07-13,69.1459,150.804,93.2568,98.0526,101.169,6.34804e+06,77.5689,104.618,38400
2014-07-20,79.4463,172.673,103.324,203.442,115.457,6.34789e+06,88.5238,103.449,38400
2014-07-27,90.6638,196.516,117.059,321.875,132.168,6.34772e+06,101.336,84.016,38400
2014-08-03,103.211,223.575,133.13,456.397,150.593,6.34753e+06,115.464,107.762,38400
2014-08-10,117.439,254.37,151.475,609.433,171.381,6.34732e+06,131.402,134.35,38400
2014-08-17,133.619,289.409,172.347,783.558,194.997,6.34707e+06,149.509,112.321,38400
2014-08-24,152.024,329.269,196.091,981.674,221.859,6.34679e+06,170.105,151.852,38400
2014-08-31,172.961,374.612,223.101,1207.08,252.416,6.34647e+06,193.534,172.578,38400
2014-09-07,196.776,426.187,253.825,1463.53,287.176,6.34611e+06,220.185,206.474,38400
2014-09-14,223.865,484.848,288.774,1755.3,326.713,6.3457e+06,250.499,227.564,38400
2014-09-21,254.675,551.565,328.525,2087.23,371.684,6.34523e+06,284.979,192.212,38400
2014-09-28,289.714,627.438,373.736,2464.85,422.829,6.34469e+06,324.194,330.916,38400
2014-07-13,80.6203,173.024,110.194,116.418,119.37,6.34797e+06,92.6113,97.3053,38450
2014-07-20,90.2222,193.145,119.652,239.758,132.799,6.34781e+06,103.03,77.3063,38450
2014-07-27,100.425,214.492,132.344,375.255,148.189,6.34763e+06,114.97,134.664,38450
2014-08-03,111.549,238.116,146.872,525.457,164.729,6.34743e+06,127.803,103.246,38450
2014-08-10,123.851,264.351,163.061,692.192,182.924,6.34721e+06,141.918,123.268,38450
2014-08-17,137.499,293.478,181.035,877.306,203.088,6.34696e+06,157.562,198.885,38450
2014-08-24,152.649,325.809,200.985,1082.82,225.466,6.34669e+06,174.924,193.24,38450
2014-08-31,169.464,361.694,223.128,1310.98,250.305,6.34638e+06,194.195,166.112,38450
2014-09-07,188.127,401.523,247.706,1564.28,277.874,6.34605e+06,215.584,199.7,38450
2014-09-14,208.841,445.725,274.985,1845.47,308.473,6.34567e+06,239.324,239.292,38450
2014-09-21,231.829,494.779,305.261,2157.63,342.433,6.34526e+06,265.671,267.202,38450
2014-09-28,257.339,549.214,338.86,2504.15,380.12,6.3448e+06,294.91,331.326,38450
2014-07-13,88.3706,191.966,119.584,125.885,129.683,6.34792e+06,90.2907,101.95,38500
2014-07-20,100.871,218.419,131.825,260.701,147.058,6.34774e+06,102.388,93.5418,38500
2014-07-27,114.401,247.064,148.457,411.346,167.277,6.34753e+06,116.466,150.404,38500
2014-08-03,129.439,279.37,167.812,581.42,189.428,6.34729e+06,131.888,111.845,38500
2014-08-10,146.384,315.911,189.771,773.722,214.261,6.34702e+06,149.178,167.752,38500
2014-08-17,165.534,357.232,214.603,991.188,242.299,6.34672e+06,168.699,172.586,38500
2014-08-24,187.185,403.95,242.677,1237.11,273.993,6.34638e+06,190.766,206.174,38500
2014-08-31,211.663,456.766,274.417,1515.19,309.826,6.34599e+06,215.714,225.958,38500
2014-09-07,239.334,516.471,310.3,1829.65,350.336,6.34555e+06,243.919,200.646,38500
2014-09-14,270.614,583.959,350.864,2185.21,396.129,6.34506e+06,275.803,252.473,38500
2014-09-21,305.971,660.24,396.718,2587.25,447.893,6.3445e+06,311.843,299.35,38500
2014-09-28,345.932,746.451,448.546,3041.82,506.402,6.34387e+06,352.579,331.928,38500
2014-07-13,102.498,224.704,137.638,144.487,149.387,6.34784e+06,82.4185,80.7982,38550
2014-07-20,118.776,259.408,153.506,300.525,171.906,6.34762e+06,94.8422,91.7272,38550
2014-07-27,136.644,297.578,175.273,477.175,198.417,6.34736e+06,109.469,92.1111,38550
2014-08-03,156.795,341.247,200.925,679.414,227.89,6.34707e+06,125.73,153.423,38550
2014-08-10,179.831,391.339,230.432,911.32,261.414,6.34674e+06,144.225,98.341,38550
2014-08-17,206.232,448.782,264.271,1177.28,299.803,6.34635e+06,165.405,187.44,38550
2014-08-24,236.502,514.644,303.069,1482.3,343.812,6.34591e+06,189.685,195.295,38550
2014-08-31,271.206,590.149,347.55,1832.09,394.269,6.34541e+06,217.523,208.273,38550
2014-09-07,310.99,676.704,398.546,2233.21,452.115,6.34483e+06,249.437,246.505,38550
2014-09-14,356.595,775.916,457.007,2693.17,518.426,6.34417e+06,286.022,275.897,38550
2014-09-21,408.866,889.625,524.018,3220.6,594.435,6.34341e+06,327.956,222.031,38550
2014-09-28,468.772,1019.93,600.824,3825.34,681.55,6.34254e+06,376.019,341.302,38550
2014-07-13,102.069,219.647,139.201,146.948,150.83,6.34784e+06,82.1488,69.1154,38600
2014-07-20,114.728,246.231,151.655,303.004,168.509,6.34763e+06,91.778,153.16,38600
2014-07-27,128.233,274.561,168.412,475.087,188.84,6.3474e+06,102.851,114.557,38600
2014-08-03,143.02,306.046,187.662,666.619,210.782,6.34715e+06,114.802,92.2962,38600
2014-08-10,159.441,341.15,209.197,880.102,235.019,6.34686e+06,128.002,156.863,38600
2014-08-17,177.733,380.28,233.204,1118.09,261.989,6.34654e+06,142.692,239.932,38600
2014-08-24,198.118,423.891,259.957,1383.37,292.042,6.34618e+06,159.06,160.661,38600
2014-08-31,220.835,472.489,289.773,1679.09,325.534,6.34579e+06,177.301,215.511,38600
2014-09-07,246.151,526.643,322.998,2008.72,362.856,6.34535e+06,197.628,159.156,38600
2014-09-14,274.359,586.983,360.023,2376.14,404.446,6.34485e+06,220.28,119.283,38600
2014-09-21,305.789,654.211,401.278,2785.67,450.786,6.3443e+06,245.519,410.609,38600
2014-09-28,340.805,729.107,447.244,3242.13,502.417,6.34369e+06,273.639,340.531,38600
2014-07-13,109.092,235.812,148.231,156.273,160.678,6.3478e+06,94.7219,95.1944,38650
2014-07-20,123.521,266.223,162.395,322.892,180.784,6.34757e+06,106.575,99.6414,38650
2014-07-27,139.02,298.877,181.541,507.781,204.034,6.34732e+06,120.281,104.872,38650
2014-08-03,156.109,335.42,203.669,714.958,229.306,6.34704e+06,135.179,176.917,38650
2014-08-10,175.219,376.441,228.59,947.455,257.417,6.34672e+06,151.751,164.001,38650
2014-08-17,196.653,422.478,256.559,1208.4,288.914,6.34637e+06,170.319,132.711,38650
2014-08-24,220.701,474.135,287.94,1501.27,324.249,6.34597e+06,191.15,176.661,38650
2014-08-31,247.683,532.091,323.151,1829.95,363.896,6.34552e+06,214.522,258.733,38650
2014-09-07,277.954,597.109,362.656,2198.83,408.378,6.34501e+06,240.745,192.388,38650
2014-09-14,311.914,670.046,406.976,2612.79,458.28,6.34445e+06,270.163,261.671,38650
2014-09-21,350.007,751.858,456.695,3077.33,514.26,6.34381e+06,303.164,406.255,38650
2014-09-28,392.734,843.615,512.466,3598.61,577.053,6.3431e+06,340.181,312.065,38650
2014-07-13,114.33,247.168,155.331,163.752,168.376,6.34777e+06,83.6096,82.5948,38700
2014-07-20,129.48,279.102,170.202,338.367,189.486,6.34753e+06,94.092,87.4668,38700
2014-07-27,145.757,313.4,190.306,532.164,213.901,6.34727e+06,106.216,117.36,38700
2014-08-03,163.708,351.789,213.547,749.368,240.444,6.34697e+06,119.396,78.9029,38700
2014-08-10,183.785,394.891,239.724,993.165,269.975,6.34664e+06,134.06,110.758,38700
2014-08-17,206.308,443.274,269.11,1266.85,303.069,6.34626e+06,150.493,214.35,38700
2014-08-24,231.583,497.571,302.087,1574.07,340.203,6.34584e+06,168.933,200.935,38700
2014-08-31,259.946,558.501,339.095,1918.94,381.876,6.34537e+06,189.626,221.85,38700
2014-09-07,291.773,626.869,380.623,2306.05,428.64,6.34484e+06,212.847,229.141,38700
2014-09-14,327.484,703.575,427.223,2740.57,481.112,6.34425e+06,238.903,274.706,38700
2014-09-21,367.55,789.631,479.508,3228.27,539.985,6.34359e+06,268.137,369.658,38700
2014-09-28,412.496,886.165,538.167,3775.64,606.033,6.34284e+06,300.934,188.614,38700
2014-07-13,88.9243,197.083,118.308,123.773,128.537,6.34792e+06,74.1136,58.7811,38750
2014-07-20,104.926,231.509,133.821,258.807,150.547,6.34772e+06,86.8047,71.1921,38750
2014-07-27,122.793,270.087,155.351,414.107,176.83,6.34749e+06,101.959,97.7995,38750
2014-08-03,143.302,314.988,181.115,594.912,206.57,6.34722e+06,119.107,110.821,38750
2014-08-10,167.151,367.371,211.249,805.769,240.99,6.3469e+06,138.954,125.709,38750
2014-08-17,194.952,428.466,246.393,1051.71,281.082,6.34653e+06,162.071,187.661,38750
2014-08-24,227.371,499.707,287.373,1338.56,327.828,6.3461e+06,189.024,135.814,38750
2014-08-31,265.172,582.772,335.159,1673.11,382.337,6.34559e+06,220.454,160.812,38750
2014-09-07,309.245,679.615,390.877,2063.28,445.892,6.34501e+06,257.099,217.492,38750
2014-09-14,360.627,792.511,455.838,2518.31,519.99,6.34432e+06,299.824,355.703,38750
2014-09-21,420.523,924.107,531.57,3048.95,606.371,6.34352e+06,349.631,390.303,38750
2014-09-28,490.336,1077.48,619.85,3667.73,707.061,6.34259e+06,407.688,416.969,38750
2014-07-13,104.486,226.93,141.413,148.873,153.353,6.34783e+06,84.6674,153.825,38800
2014-07-20,119.23,258.125,155.852,308.281,173.848,6.34761e+06,95.9831,63.8854,38800
2014-07-27,135.182,291.893,175.467,486.358,197.691,6.34736e+06,109.147,82.4948,38800
2014-08-03,152.907,329.963,198.285,687.344,223.804,6.34708e+06,123.564,138.183,38800
2014-08-10,172.873,373.011,224.166,914.533,253.07,6.34677e+06,139.722,116.479,38800
2014-08-17,195.43,421.674,253.424,1171.38,286.1,6.34641e+06,157.959,254.89,38800
2014-08-24,220.924,476.674,286.491,1461.74,323.427,6.346e+06,178.567,256.616,38800
2014-08-31,249.737,538.831,323.863,1789.98,365.613,6.34555e+06,201.859,160.831,38800
2014-09-07,282.298,609.07,366.098,2161.03,413.289,6.34503e+06,228.181,281.349,38800
2014-09-14,319.091,688.436,413.826,2580.47,467.164,6.34445e+06,257.926,331.008,38800
2014-09-21,360.664,778.107,467.758,3054.57,528.04,6.34379e+06,291.536,366.873,38800
2014-09-28,407.633,879.411,528.695,3590.46,596.821,6.34304e+06,329.511,306.547,38800
2014-07-13,104.214,224.353,142.079,149.968,153.953,6.34783e+06,93.9503,108.493,38850
2014-07-20,117.216,251.668,154.868,309.288,172.109,6.34762e+06,105.03,109.998,38850
2014-07-27,131.097,280.796,172.083,485.07,192.997,6.34738e+06,117.777,117.208,38850
2014-08-03,146.304,313.188,191.871,680.838,215.556,6.34712e+06,131.544,96.5066,38850
2014-08-10,163.202,349.326,214.021,899.178,240.49,6.34682e+06,146.76,118.648,38850
2014-08-17,182.037,389.633,238.727,1142.72,268.253,6.3465e+06,163.702,160.881,38850
2014-08-24,203.04,434.582,266.278,1414.38,299.208,6.34613e+06,182.592,156.89,38850
2014-08-31,226.461,484.703,297,1717.38,333.726,6.34572e+06,203.657,212.426,38850
2014-09-07,252.576,540.588,331.258,2055.34,372.216,6.34527e+06,227.146,263.535,38850
2014-09-14,281.692,602.893,369.455,2432.28,415.131,6.34476e+06,253.335,293.448,38850
2014-09-21,314.154,672.353,412.043,2852.67,462.979,6.3442e+06,282.534,259.566,38850
2014-09-28,350.341,749.782,459.522,3321.51,516.32,6.34357e+06,315.086,227.261,38850
2014-07-13,109.367,239.562,146.966,154.319,159.499,6.3478e+06,80.917,56.1455,38900
2014-07-20,126.561,276.195,163.734,320.845,183.295,6.34756e+06,92.9894,87.6883,38900
2014-07-27,145.41,316.428,186.715,509.145,211.28,6.34729e+06,107.187,105.725,38900
2014-08-03,166.639,362.395,213.766,724.444,242.351,6.34698e+06,122.95,116.057,38900
2014-08-10,190.874,415.055,244.844,971.009,277.643,6.34663e+06,140.854,135.245,38900
2014-08-17,218.615,475.365,280.437,1253.42,318.004,6.34622e+06,161.331,143.644,38900
2014-08-24,250.378,544.422,321.193,1576.88,364.215,6.34576e+06,184.774,180.643,38900
2014-08-31,286.747,623.488,367.858,1947.34,417.126,6.34522e+06,211.617,178.284,38900
2014-09-07,328.385,714.006,421.288,2371.62,477.706,6.34461e+06,242.35,239.069,38900
2014-09-14,376.051,817.622,482.457,2857.51,547.059,6.34392e+06,277.535,260.371,38900
2014-09-21,430.613,936.221,552.482,3413.93,626.451,6.34312e+06,317.812,323.606,38900
2014-09-28,493.062,1071.95,632.635,4051.1,717.322,6.3422e+06,363.913,353.588,38900
2014-07-13,80.6835,178.828,107.339,112.296,116.62,6.34797e+06,78.0209,61.5865,38950
2014-07-20,95.2103,210.083,121.423,234.814,136.602,6.34779e+06,91.3887,68.6955,38950
2014-07-27,111.432,245.11,140.968,375.732,160.463,6.34758e+06,107.352,113.167,38950
2014-08-03,130.054,285.884,164.361,539.805,187.466,6.34733e+06,125.418,144,38950
2014-08-10,151.712,333.456,191.723,731.165,218.722,6.34704e+06,146.328,91.32,38950
2014-08-17,176.961,388.944,223.638,954.381,255.131,6.34671e+06,170.687,144.342,38950
2014-08-24,206.406,453.656,260.857,1214.75,297.588,6.34631e+06,199.091,274.896,38950
2014-08-31,240.744,529.117,304.261,1518.45,347.1,6.34586e+06,232.216,171.474,38950
2014-09-07,280.785,617.105,354.876,1872.67,404.837,6.34532e+06,270.842,237.774,38950
2014-09-14,327.471,719.692,413.895,2285.81,472.159,6.3447e+06,315.882,265.726,38950
2014-09-21,381.901,839.288,482.708,2767.65,550.652,6.34398e+06,368.395,408.913,38950
2014-09-28,445.353,978.698,562.933,3329.58,642.159,6.34313e+06,429.615,372.219,38950
2014-07-13,70.7121,157.663,93.5928,97.7296,101.742,6.34803e+06,62.0988,69.0045,39000
2014-07-20,84.276,186.991,106.703,204.96,120.34,6.34787e+06,73.4501,55.8646,39000
2014-07-27,99.5655,220.199,125.016,329.371,142.724,6.34768e+06,87.1124,48.1473,39000
2014-08-03,117.289,259.221,147.119,475.571,168.303,6.34745e+06,102.725,162.447,39000
2014-08-10,138.095,305.175,173.21,647.674,198.194,6.34719e+06,120.968,76.794,39000
2014-08-17,162.58,359.276,203.927,850.299,233.341,6.34687e+06,142.421,144.682,39000
2014-08-24,191.401,422.959,240.083,1088.85,274.709,6.34651e+06,167.67,143.608,39000
2014-08-31,225.324,497.915,282.641,1369.7,323.403,6.34607e+06,197.39,207.495,39000
2014-09-07,265.251,586.131,332.733,1700.32,380.716,6.34557e+06,232.371,216.715,39000
2014-09-14,312.24,689.947,391.69,2089.53,448.168,6.34497e+06,273.541,125.455,39000
2014-09-21,367.536,812.107,461.072,2547.7,527.549,6.34426e+06,321.991,275.198,39000
2014-09-28,432.6,955.839,542.718,3087.01,620.957,6.34343e+06,379.003,229.885,39000
2014-07-13,116.493,248.846,159.837,169.097,173.076,6.34776e+06,97.0572,136.312,39050
2014-07-20,129.378,275.745,172.558,347.513,191.138,6.34752e+06,107.186,92.9614,39050
2014-07-27,142.973,304.054,189.548,542.243,211.719,6.34727e+06,118.728,127.992,39050
2014-08-03,157.683,335.157,208.871,756.594,233.674,6.34699e+06,131.039,110.259,39050
2014-08-10,173.834,369.448,230.252,992.858,257.645,6.34668e+06,144.482,70.3985,39050
2014-08-17,191.623,407.246,253.822,1253.31,284.02,6.34634e+06,159.272,81.247,39050
2014-08-24,211.227,448.903,279.796,1540.41,313.081,6.34597e+06,175.569,249.716,39050
2014-08-31,232.83,494.806,308.42,1856.9,345.106,6.34556e+06,193.528,286.37,39050
2014-09-07,256.635,545.386,339.962,2205.75,380.396,6.3451e+06,213.318,242.187,39050
2014-09-14,282.865,601.115,374.718,2590.28,419.282,6.3446e+06,235.124,316.135,39050
2014-09-21,311.764,662.512,413.014,3014.11,462.126,6.34405e+06,259.15,389.927,39050
2014-09-28,343.601,730.15,455.207,3481.24,509.329,6.34344e+06,285.621,234.417,39050
2014-07-13,130.993,283.194,177.967,187.614,192.913,6.34767e+06,89.1349,108.107,39100
2014-07-20,148.354,319.789,195.008,387.676,217.104,6.3474e+06,100.312,90.0513,39100
2014-07-27,167.006,359.091,218.047,609.72,245.082,6.3471e+06,113.239,130.809,39100
2014-08-03,187.577,403.083,244.678,858.586,275.498,6.34676e+06,127.293,121.398,39100
2014-08-10,210.584,452.474,274.676,1137.93,309.339,6.34637e+06,142.929,148.212,39100
2014-08-17,236.391,507.914,308.349,1451.52,347.262,6.34595e+06,160.451,146.398,39100
2014-08-24,265.353,570.129,346.137,1803.54,389.813,6.34546e+06,180.112,165.619,39100
2014-08-31,297.852,639.942,388.542,2198.7,437.563,6.34492e+06,202.175,183.586,39100
2014-09-07,334.318,718.272,436.126,2642.26,491.144,6.34432e+06,226.932,166.689,39100
2014-09-14,375.232,806.151,489.517,3140.13,551.263,6.34364e+06,254.709,215.252,39100
2014-09-21,421.131,904.732,549.418,3698.94,618.71,6.34288e+06,285.873,238.237,39100
2014-09-28,472.618,1015.31,616.618,4326.11,694.372,6.34202e+06,320.833,322.123,39100
2014-07-13,124.411,270.725,168.11,176.875,182.335,6.34771e+06,87.9734,86.8076,39150
2014-07-20,142.415,308.877,185.726,366.598,207.338,6.34745e+06,100.037,113.239,39150
2014-07-27,161.952,350.309,209.702,579.117,236.496,6.34715e+06,114.105,142.281,39150
2014-08-03,183.725,397.16,237.668,819.677,268.526,6.34681e+06,129.559,133.552,39150
2014-08-10,208.325,450.289,269.478,1092.4,304.531,6.34643e+06,146.93,182.332,39150
2014-08-17,236.197,510.521,305.543,1401.62,345.287,6.346e+06,166.594,190.691,39150
2014-08-24,267.789,578.793,346.421,1752.22,391.476,6.3455e+06,188.88,193.925,39150
2014-08-31,303.596,656.17,392.754,2149.71,443.829,6.34495e+06,214.14,206.965,39150
2014-09-07,344.176,743.856,445.266,2600.37,503.164,6.34432e+06,242.767,276.977,39150
2014-09-14,390.161,843.217,504.778,3111.26,570.406,6.3436e+06,275.21,271.841,39150
2014-09-21,442.266,955.795,572.215,3690.42,646.6,6.34279e+06,311.972,269.102,39150
2014-09-28,501.299,1083.33,648.625,4346.94,732.929,6.34187e+06,353.625,339.126,39150
2014-07-13,98.9545,216.76,132.97,139.621,144.309,6.34786e+06,83.0736,102.468,39200
2014-07-20,114.517,249.918,148.147,290.291,165.848,6.34765e+06,95.4725,86.313,39200
2014-07-27,131.579,286.338,168.948,460.669,191.179,6.3474e+06,110.055,90.0976,39200
2014-08-03,150.797,327.952,193.435,655.486,219.304,6.34712e+06,126.246,163.964,39200
2014-08-10,172.737,375.627,221.568,878.607,251.254,6.3468e+06,144.638,155.504,39200
2014-08-17,197.852,430.233,253.792,1134.18,287.795,6.34643e+06,165.673,115.153,39200
2014-08-24,226.613,492.765,290.691,1426.91,329.634,6.34601e+06,189.759,211.634,39200
2014-08-31,259.545,564.365,332.945,1762.2,377.545,6.34553e+06,217.339,190.08,39200
2014-09-07,297.253,646.343,381.329,2146.23,432.404,6.34498e+06,248.92,261.015,39200
2014-09-14,340.425,740.196,436.726,2586.04,495.215,6.34435e+06,285.078,435.537,39200
2014-09-21,389.848,847.631,500.149,3089.74,567.125,6.34362e+06,326.473,318.182,39200
2014-09-28,446.421,970.602,572.754,3666.58,649.442,6.34279e+06,373.86,314.418,39200
2014-07-13,110.201,236.847,150.449,158.881,162.998,6.34779e+06,90.8189,104.093,39250
2014-07-20,123.613,264.984,163.651,327.42,181.742,6.34757e+06,101.262,103.517,39250
2014-07-27,137.895,294.904,181.393,512.94,203.261,6.34732e+06,113.253,128.66,39250
2014-08-03,153.499,328.089,201.739,719.033,226.439,6.34705e+06,126.167,138.411,39250
2014-08-10,170.794,365.018,224.457,948.306,251.991,6.34674e+06,140.404,185.203,39250
2014-08-17,190.021,406.102,249.733,1203.4,280.369,6.3464e+06,156.215,139.069,39250
2014-08-24,211.408,451.801,277.847,1487.21,311.928,6.34602e+06,173.799,171.182,39250
2014-08-31,235.195,502.628,309.117,1802.97,347.03,6.3456e+06,193.357,184.758,39250
2014-09-07,261.65,559.154,343.897,2154.26,386.071,6.34513e+06,215.11,228.28,39250
2014-09-14,291.071,622.014,382.577,2545.07,429.489,6.34461e+06,239.302,290.22,39250
2014-09-21,323.788,691.912,425.593,2979.83,477.774,6.34403e+06,266.205,284.255,39250
2014-09-28,360.167,769.63,473.426,3463.46,531.465,6.34338e+06,296.12,247.859,39250
2014-07-13,94.4044,206.856,126.823,133.155,137.642,6.34789e+06,77.7915,80.215,39300
2014-07-20,109.306,238.614,141.354,276.887,158.263,6.34768e+06,89.4456,84.2115,39300
2014-07-27,125.651,273.515,161.275,439.49,182.524,6.34745e+06,103.157,73.2885,39300
2014-08-03,144.071,313.412,184.736,625.504,209.475,6.34718e+06,118.389,147.157,39300
2014-08-10,165.11,359.143,211.704,838.642,240.106,6.34688e+06,135.701,172.269,39300
2014-08-17,189.206,411.547,242.607,1082.89,275.155,6.34652e+06,155.51,171.909,39300
2014-08-24,216.812,471.585,278.011,1362.79,315.305,6.34612e+06,178.202,171.447,39300
2014-08-31,248.438,540.365,318.573,1683.54,361.304,6.34566e+06,204.199,211.286,39300
2014-09-07,284.668,619.152,365.04,2051.07,414,6.34513e+06,233.981,238.708,39300
2014-09-14,326.167,709.395,418.27,2472.2,474.364,6.34452e+06,268.097,256.323,39300
2014-09-21,373.699,812.75,479.242,2954.74,543.505,6.34383e+06,307.173,325.769,39300
2014-09-28,428.135,931.11,549.075,3507.6,622.693,6.34303e+06,351.928,360.052,39300
2014-07-13,84.546,184.565,113.937,119.762,123.614,6.34795e+06,84.1385,85.4445,39350
2014-07-20,97.2909,211.644,126.387,248.596,141.285,6.34777e+06,96.1658,110.678,39350
2014-07-27,111.19,241.214,143.39,393.569,161.976,6.34756e+06,110.249,134.152,39350
2014-08-03,126.761,274.821,163.312,558.471,184.824,6.34733e+06,125.801,124.78,39350
2014-08-10,144.442,313.123,186.082,746.34,210.639,6.34706e+06,143.372,171.499,39350
2014-08-17,164.577,356.764,212.027,960.403,240.008,6.34676e+06,163.362,150.915,39350
2014-08-24,187.513,406.479,241.582,1204.31,273.461,6.34641e+06,186.132,198.625,39350
2014-08-31,213.641,463.109,275.249,1482.21,311.568,6.34602e+06,212.069,259.659,39350
2014-09-07,243.402,527.611,313.6,1798.83,354.975,6.34557e+06,241.615,296.364,39350
2014-09-14,277.299,601.075,357.283,2159.57,404.417,6.34505e+06,275.268,279.531,39350
2014-09-21,315.904,684.74,407.036,2570.54,460.729,6.34447e+06,313.597,290.855,39350
2014-09-28,359.868,780.012,463.699,3038.74,524.86,6.34381e+06,357.247,412.67,39350
2014-07-13,81.0754,179.603,107.909,112.911,117.233,6.34797e+06,76.4573,77.7298,39400
2014-07-20,95.5898,210.817,121.984,236.039,137.203,6.34779e+06,89.4811,97.6923,39400
2014-07-27,111.784,245.769,141.507,377.55,161.035,6.34757e+06,105.023,114.38,39400
2014-08-03,130.36,286.42,164.856,542.182,187.981,6.34733e+06,122.597,137.622,39400
2014-08-10,151.945,333.81,192.144,734.038,219.144,6.34704e+06,142.922,183.267,39400
2014-08-17,177.089,389.042,223.948,957.652,255.417,6.3467e+06,166.578,163.156,39400
2014-08-24,206.389,453.403,261.007,1218.27,297.68,6.34631e+06,194.141,125.923,39400
2014-08-31,240.529,528.393,304.19,1522.02,346.927,6.34585e+06,226.259,182.346,39400
2014-09-07,280.307,615.762,354.505,1876.01,404.307,6.34532e+06,263.681,291.558,39400
2014-09-14,326.649,717.545,413.127,2288.55,471.159,6.3447e+06,307.281,294.77,39400
2014-09-21,380.634,836.107,481.423,2769.29,549.041,6.34398e+06,358.073,458.348,39400
2014-09-28,443.516,974.199,560.98,3329.5,639.762,6.34314e+06,417.24,464.611,39400
2014-07-13,132.921,286.799,180.88,190.797,196.037,6.34766e+06,90.5686,50.6325,39450
2014-07-20,150.055,322.857,197.715,393.897,219.935,6.34739e+06,101.609,82.5498,39450
2014-07-27,168.407,361.454,220.427,618.69,247.506,6.34708e+06,114.347,165.826,39450
2014-08-03,188.585,404.524,246.612,869.892,277.386,6.34674e+06,128.152,149.912,39450
2014-08-10,211.083,452.735,276.02,1151.01,310.528,6.34636e+06,143.463,122.941,39450
2014-08-17,236.244,506.689,308.932,1465.65,347.555,6.34593e+06,160.57,117.954,39450
2014-08-24,264.396,567.056,345.756,1817.81,388.977,6.34545e+06,179.707,133.474,39450
2014-08-31,295.891,634.592,386.955,2211.93,435.321,6.34492e+06,201.117,272.678,39450
2014-09-07,331.126,710.14,433.047,2653.01,487.168,6.34432e+06,225.071,268.918,39450
2014-09-14,370.54,794.645,484.61,3146.61,545.168,6.34365e+06,251.866,255.157,39450
2014-09-21,414.624,889.159,542.288,3698.98,610.043,6.3429e+06,281.839,199.586,39450
2014-09-28,463.927,994.854,606.8,4317.07,682.603,6.34207e+06,315.361,305.414,39450
2014-07-13,92.9941,203.63,124.999,131.266,135.654,6.3479e+06,75.4224,65.9109,39500
2014-07-20,107.555,234.645,139.202,272.873,155.81,6.3477e+06,86.6286,119.418,39500
2014-07-27,123.509,268.689,158.66,432.919,179.503,6.34747e+06,99.8022,79.6442,39500
2014-08-03,141.47,307.567,181.554,615.82,205.796,6.3472e+06,114.421,127.135,39500
2014-08-10,161.963,352.084,207.844,825.177,235.647,6.3469e+06,131.017,129.116,39500
2014-08-17,185.409,403.044,237.94,1064.85,269.769,6.34656e+06,149.989,193.368,39500
2014-08-24,212.244,461.37,272.384,1339.22,308.817,6.34616e+06,171.699,133.86,39500
2014-08-31,242.955,528.119,311.805,1653.31,353.507,6.34571e+06,196.546,134.765,39500
2014-09-07,278.101,604.502,356.92,2012.84,404.651,6.3452e+06,224.982,255.273,39500
2014-09-14,318.317,691.904,408.548,2424.4,463.178,6.34461e+06,257.523,226.38,39500
2014-09-21,364.333,791.903,467.625,2895.47,530.148,6.34393e+06,294.757,228.609,39500
2014-09-28,416.98,906.304,535.219,3434.64,606.77,6.34316e+06,337.358,387.093,39500
2014-07-13,118.882,260.813,159.54,167.441,173.17,6.34774e+06,77.3764,86.2121,39550
2014-07-20,137.928,301.445,178.101,348.389,199.509,6.34748e+06,89.1453,86.1353,39550
2014-07-27,158.859,346.189,203.58,553.457,230.547,6.34719e+06,103.014,96.0499,39550
2014-08-03,182.492,397.437,233.637,788.493,265.093,6.34685e+06,118.45,119.122,39550
2014-08-10,209.537,456.285,268.25,1058.31,304.431,6.34646e+06,136.027,132.593,39550
2014-08-17,240.568,523.844,307.987,1368.1,349.527,6.34601e+06,156.177,162.206,39550
2014-08-24,276.184,601.387,353.596,1723.77,401.282,6.3455e+06,179.302,154.488,39550
2014-08-31,317.06,690.378,405.943,2132.11,460.682,6.3449e+06,205.844,218.558,39550
2014-09-07,363.971,792.499,466.02,2600.89,528.854,6.34423e+06,236.304,219.842,39550
2014-09-14,417.799,909.675,534.964,3139.03,607.084,6.34345e+06,271.259,271.664,39550
2014-09-21,479.56,1044.11,614.074,3756.76,696.847,6.34256e+06,311.368,307.015,39550
2014-09-28,550.413,1198.32,704.839,4465.83,799.83,6.34153e+06,357.383,327.368,39550
2014-07-13,75.5369,164.127,102.196,107.574,110.829,6.348e+06,84.159,89.4954,39600
2014-07-20,86.2567,186.817,112.693,222.805,125.727,6.34784e+06,95.4721,105.514,39600
2014-07-27,97.8638,211.397,126.957,351.609,143.069,6.34766e+06,108.641,131.978,39600
2014-08-03,110.769,239.129,143.562,497.08,162.076,6.34746e+06,123.074,125.853,39600
2014-08-10,125.318,270.51,162.41,661.625,183.393,6.34723e+06,139.261,114.461,39600
2014-08-17,141.767,306.011,183.732,847.773,207.47,6.34697e+06,157.544,158.687,39600
2014-08-24,160.371,346.165,207.847,1058.36,234.699,6.34668e+06,178.221,219.118,39600
2014-08-31,181.413,391.578,235.122,1296.58,265.496,6.34635e+06,201.607,184.064,39600
2014-09-07,205.21,442.938,265.971,1566.06,300.327,6.34597e+06,228.056,144.067,39600
2014-09-14,232.123,501.019,300.859,1870.89,339.719,6.34555e+06,257.968,288.98,39600
2014-09-21,262.557,566.696,340.314,2215.7,384.266,6.34506e+06,291.795,246.239,39600
2014-09-28,296.97,640.958,384.93,2605.72,434.639,6.34452e+06,330.047,391.389,39600
2014-07-13,107.32,231.232,146.214,154.295,158.446,6.34781e+06,86.0841,85.1207,39650
2014-07-20,120.873,259.721,159.539,318.332,177.362,6.34759e+06,96.3615,94.153,39650
2014-07-27,135.359,290.145,177.491,499.529,199.148,6.34735e+06,108.198,91.7143,39650
2014-08-03,151.25,324.02,198.148,701.578,222.706,6.34708e+06,120.997,87.7739,39650
2014-08-10,168.931,361.86,221.3,927.205,248.779,6.34677e+06,135.163,122.032,39650
2014-08-17,188.663,404.119,247.157,1179.2,277.847,6.34643e+06,150.955,108.112,39650
2014-08-24,210.694,451.303,276.025,1460.62,310.296,6.34605e+06,168.585,137.052,39650
2014-08-31,235.292,503.982,308.257,1774.92,346.527,6.34563e+06,188.269,244.144,39650
2014-09-07,262.752,562.79,344.242,2125.91,386.976,6.34515e+06,210.245,111.755,39650
2014-09-14,293.408,628.437,384.416,2517.87,432.132,6.34463e+06,234.779,245.426,39650
2014-09-21,327.627,701.712,429.263,2955.56,482.539,6.34404e+06,262.165,207.858,39650
2014-09-28,365.821,783.494,479.323,3444.3,538.804,6.34338e+06,292.734,457.011,39650
2014-07-13,112.538,245.029,151.992,159.89,164.863,6.34778e+06,86.3365,86.4557,39700
2014-07-20,128.946,279.817,168.043,331.483,187.643,6.34754e+06,98.2661,101.067,39700
2014-07-27,146.768,317.633,189.901,523.853,214.228,6.34727e+06,112.188,99.2075,39700
2014-08-03,166.648,360.435,215.417,741.796,243.46,6.34697e+06,127.497,146.773,39700
2014-08-10,189.13,409.016,244.467,989.097,276.35,6.34662e+06,144.721,151.274,39700
2014-08-17,214.626,464.144,277.432,1269.75,313.615,6.34622e+06,164.236,146.6,39700
2014-08-24,243.551,526.688,314.831,1588.23,355.887,6.34578e+06,186.373,232.618,39700
2014-08-31,276.366,597.638,357.26,1949.65,403.844,6.34527e+06,211.487,212.895,39700
2014-09-07,313.59,678.118,405.392,2359.76,458.247,6.34469e+06,239.977,186.68,39700
2014-09-14,355.812,769.399,459.991,2825.12,519.957,6.34404e+06,272.294,195.928,39700
2014-09-21,403.699,872.921,521.919,3353.14,589.95,6.3433e+06,308.948,318.725,39700
2014-09-28,458.005,990.312,592.155,3952.24,669.329,6.34246e+06,350.518,365.44,39700
2014-07-13,86.8258,190.588,116.467,122.215,126.424,6.34793e+06,85.899,74.496,39750
2014-07-20,100.826,220.469,130.107,254.355,145.779,6.34774e+06,99.05,87.6517,39750
2014-07-27,116.225,253.406,148.842,404.224,168.604,6.34753e+06,114.558,115.654,39750
2014-08-03,133.629,291.166,170.961,576.137,194.032,6.34728e+06,131.836,144.415,39750
2014-08-10,153.562,334.564,196.454,773.658,223.014,6.34699e+06,151.528,165.078,39750
2014-08-17,176.455,384.433,225.748,1000.63,256.269,6.34666e+06,174.122,120.262,39750
2014-08-24,202.755,441.725,259.401,1261.45,294.469,6.34628e+06,200.077,243.09,39750
2014-08-31,232.969,507.539,298.063,1561.14,338.353,6.34585e+06,229.895,265.49,39750
2014-09-07,267.675,583.137,342.476,1905.49,388.766,6.34535e+06,264.148,222.765,39750
2014-09-14,307.541,669.969,393.494,2301.15,446.675,6.34478e+06,303.494,303.184,39750
2014-09-21,353.328,769.693,452.093,2755.74,513.187,6.34412e+06,348.686,320.635,39750
2014-09-28,405.911,884.212,519.396,3278.01,589.576,6.34336e+06,400.589,423.982,39750
2014-07-13,91.3657,200.296,122.69,128.795,133.162,6.34791e+06,77.6358,67.7646,39800
2014-07-20,105.874,231.228,136.833,267.885,153.233,6.34771e+06,89.3373,88.4852,39800
2014-07-27,121.799,265.25,156.233,425.348,176.863,6.34748e+06,103.114,65.0044,39800
2014-08-03,139.761,304.172,179.097,605.617,203.133,6.34722e+06,118.43,115.376,39800
2014-08-10,160.293,348.82,205.398,812.329,233.013,6.34692e+06,135.85,134.584,39800
2014-08-17,183.825,400.022,235.559,1049.4,267.23,6.34658e+06,155.799,179.693,39800
2014-08-24,210.806,458.729,270.141,1321.27,306.457,6.34619e+06,178.669,135.159,39800
2014-08-31,241.741,526.034,309.79,1633.06,351.433,6.34574e+06,204.891,249.728,39800
2014-09-07,277.205,603.192,355.247,1990.6,402.996,6.34522e+06,234.953,210.492,39800
2014-09-14,317.859,691.638,407.36,2400.59,462.108,6.34463e+06,269.416,231.019,39800
2014-09-21,364.459,793.013,467.098,2870.72,529.868,6.34395e+06,308.921,313.157,39800
2014-09-28,417.869,909.196,535.571,3409.78,607.534,6.34318e+06,354.202,313.42,39800
2014-07-13,107.407,232.688,145.672,153.473,157.936,6.34781e+06,87.7704,67.1318,39850
2014-07-20,122.058,263.622,160.038,317.434,178.327,6.34759e+06,99.1029,87.9852,39850
2014-07-27,137.848,296.964,179.501,499.946,201.975,6.34734e+06,112.245,108.859,39850
2014-08-03,155.322,334.406,202.066,705.151,227.769,6.34705e+06,126.579,148.07,39850
2014-08-10,174.929,376.581,227.562,936.217,256.563,6.34673e+06,142.581,135.606,39850
2014-08-17,196.995,424.074,256.275,1196.44,288.935,6.34638e+06,160.571,163.049,39850
2014-08-24,221.837,477.544,288.6,1489.49,325.376,6.34597e+06,180.823,185.159,39850
2014-08-31,249.805,537.74,324.994,1819.5,366.403,6.34552e+06,203.623,208.195,39850
2014-09-07,281.289,605.502,365.965,2191.12,412.59,6.34501e+06,229.291,156.803,39850
2014-09-14,316.73,681.774,412.086,2609.58,464.582,6.34443e+06,258.185,279.91,39850
2014-09-21,356.62,767.618,464.002,3080.77,523.105,6.34378e+06,290.708,313.035,39850
2014-09-28,401.514,864.226,522.436,3611.31,588.972,6.34305e+06,327.313,299.87,39850
2014-07-13,65.7245,144.053,88.2743,92.6735,95.8073,6.34806e+06,84.8805,61.2142,39900
2014-07-20,76.1334,166.242,98.4225,192.734,110.209,6.34792e+06,97.6394,114.834,39900
2014-07-27,87.556,190.638,112.34,305.976,127.159,6.34775e+06,112.657,97.7052,39900
2014-08-03,100.435,218.542,128.737,435.576,145.998,6.34757e+06,129.347,111.256,39900
2014-08-10,115.152,250.541,147.594,584.139,167.42,6.34735e+06,148.326,140.705,39900
2014-08-17,132.016,287.227,169.214,754.463,191.943,6.34711e+06,170.052,153.404,39900
2014-08-24,151.346,329.28,193.994,949.733,220.051,6.34683e+06,194.954,225.437,39900
2014-08-31,173.503,377.482,222.399,1173.6,252.269,6.3465e+06,223.498,197.147,39900
2014-09-07,198.899,432.728,254.957,1430.24,289.197,6.34613e+06,256.214,208.132,39900
2014-09-14,228.006,496.044,292.274,1724.44,331.523,6.34571e+06,293.713,308.249,39900
2014-09-21,261.363,568.604,335.043,2061.71,380.031,6.34522e+06,336.689,308.554,39900
2014-09-28,299.59,651.752,384.057,2448.31,435.623,6.34467e+06,385.94,378.982,39900
2014-07-13,60.3397,132.618,80.8518,84.8083,87.7739,6.34809e+06,75.7466,88.9582,39950
2014-07-20,70.2174,153.723,90.4687,176.612,101.421,6.34796e+06,87.5233,86.7576,39950
2014-07-27,81.104,177.039,103.696,280.925,117.54,6.34781e+06,101.434,89.4543,39950
2014-08-03,93.4335,203.822,119.342,400.816,135.537,6.34763e+06,116.965,119.724,39950
2014-08-10,107.585,234.669,137.41,538.838,156.091,6.34743e+06,134.702,110.817,39950
2014-08-17,123.87,270.186,158.214,697.758,179.723,6.3472e+06,155.097,165.457,39950
2014-08-24,142.617,311.075,182.163,880.735,206.926,6.34693e+06,178.572,187.2,39950
2014-08-31,164.199,358.144,209.732,1091.41,238.241,6.34663e+06,205.596,224.418,39950
2014-09-07,189.042,412.325,241.468,1333.96,274.29,6.34627e+06,236.705,280.04,39950
2014-09-14,217.638,474.687,278.001,1613.21,315.785,6.34587e+06,272.514,233.375,39950
2014-09-21,250.551,546.463,320.051,1934.71,363.547,6.3454e+06,313.732,244.198,39950
2014-09-28,288.431,629.068,368.449,2304.83,418.519,6.34486e+06,361.171,440.127,39950
2014-07-13,122.736,264.58,167.147,176.359,181.138,6.34772e+06,95.2529,82.8159,40000
2014-07-20,138.349,297.413,182.495,363.936,202.925,6.34747e+06,106.71,101.129,40000
2014-07-27,155.05,332.505,203.181,571.282,228.032,6.34719e+06,119.913,115.532,40000
2014-08-03,173.385,371.608,227.001,802.665,255.203,6.34688e+06,134.201,115.238,40000
2014-08-10,193.799,415.319,253.716,1061.25,285.296,6.34653e+06,150.026,178.181,40000
2014-08-17,216.6,464.169,283.574,1350.26,318.871,6.34614e+06,167.681,204.221,40000
2014-08-24,242.074,518.752,316.935,1673.28,356.38,6.3457e+06,187.405,228.428,40000
2014-08-31,270.537,579.734,354.209,2034.29,398.289,6.34521e+06,209.443,226.206,40000
2014-09-07,302.335,647.859,395.854,2437.76,445.11,6.34467e+06,234.065,236.785,40000
2014-09-14,337.857,723.958,442.378,2888.65,497.417,6.34406e+06,261.571,237.754,40000
2014-09-21,377.535,808.957,494.349,3392.53,555.847,6.34338e+06,292.297,297.435,40000
2014-09-28,421.851,903.887,552.401,3955.59,621.11,6.34262e+06,326.616,332.611,40000
2014-07-13,78.5387,171.172,105.986,111.46,114.971,6.34798e+06,79.7728,94.0236,40050
2014-07-20,90.1361,195.78,117.325,231.185,131.064,6.34782e+06,90.9388,102.979,40050
2014-07-27,102.753,222.578,132.783,365.595,149.869,6.34763e+06,103.987,72.9212,40050
2014-08-03,116.849,252.957,150.854,518.105,170.58,6.34741e+06,118.357,99.7882,40050
2014-08-10,132.816,287.494,171.459,691.421,193.921,6.34717e+06,134.552,158.763,40050
2014-08-17,150.953,326.748,194.878,888.411,220.409,6.34689e+06,152.931,176.88,40050
2014-08-24,171.563,371.354,221.49,1112.3,250.505,6.34657e+06,173.813,154.028,40050
2014-08-31,194.983,422.04,251.73,1366.77,284.704,6.34621e+06,197.542,154.375,40050
2014-09-07,221.593,479.63,286.091,1655.97,323.563,6.34581e+06,224.504,197.97,40050
2014-09-14,251.827,545.06,325.133,1984.64,367.715,6.34534e+06,255.14,229.397,40050
2014-09-21,286.176,619.392,369.491,2358.16,417.879,6.34482e+06,289.946,274.146,40050
2014-09-28,325.197,703.83,419.886,2782.64,474.868,6.34422e+06,329.488,333.97,40050
2014-07-13,77.1946,168.593,103.99,109.291,112.828,6.34799e+06,82.515,111.145,40100
2014-07-20,88.8978,193.468,115.421,226.911,129.05,6.34783e+06,94.3788,86.2131,40100
2014-07-27,101.67,220.653,131.038,359.35,148.056,6.34764e+06,108.279,108.76,40100
2014-08-03,115.989,251.572,149.347,510.1,169.06,6.34742e+06,123.64,108.169,40100
2014-08-10,132.26,286.834,170.29,681.966,192.808,6.34718e+06,141.008,144.148,40100
2014-08-17,150.803,327.041,194.169,877.932,219.845,6.3469e+06,160.781,163.961,40100
2014-08-24,171.941,372.878,221.39,1101.37,250.664,6.34658e+06,183.32,202.772,40100
2014-08-31,196.037,425.128,252.421,1356.14,285.796,6.34622e+06,209.013,209.798,40100
2014-09-07,223.504,484.684,287.795,1646.61,325.844,6.34581e+06,238.302,228.277,40100
2014-09-14,254.811,552.566,328.116,1977.78,371.492,6.34534e+06,271.686,302.118,40100
2014-09-21,290.494,629.93,374.075,2355.34,423.522,6.3448e+06,309.737,192.834,40100
2014-09-28,331.159,718.093,426.454,2785.78,482.819,6.34419e+06,353.104,350.687,40100
2014-07-13,107.17,234.404,144.192,151.475,156.467,6.34781e+06,85.3255,100.914,40150
2014-07-20,123.717,269.617,160.342,314.711,179.386,6.34758e+06,97.8239,99.0307,40150
2014-07-27,141.817,308.194,182.441,498.902,206.289,6.34732e+06,112.495,111.539,40150
2014-08-03,162.154,352.168,208.401,709.029,236.088,6.34702e+06,128.745,142.99,40150
2014-08-10,185.316,402.43,238.159,949.128,269.857,6.34667e+06,147.16,157.692,40150
2014-08-17,211.769,459.864,272.164,1223.51,308.388,6.34628e+06,168.172,221.256,40150
2014-08-24,241.99,525.481,311.012,1537.06,352.402,6.34583e+06,192.174,155.402,40150
2014-08-31,276.515,600.438,355.395,1895.37,402.686,6.34532e+06,219.595,193.357,40150
2014-09-07,315.953,686.059,406.096,2304.8,460.129,6.34474e+06,250.92,263.09,40150
2014-09-14,361,783.851,464.011,2772.62,525.743,6.34407e+06,286.701,266.908,40150
2014-09-21,412.448,895.533,530.161,3307.16,600.685,6.3433e+06,327.569,267.443,40150
2014-09-28,471.2,1023.06,605.71,3917.88,686.272,6.34243e+06,374.241,401.232,40150
2014-07-13,88.3838,194.035,118.543,124.388,128.679,6.34792e+06,77.1528,89.0223,40200
2014-07-20,102.659,224.507,132.45,258.894,148.413,6.34773e+06,88.9851,70.0479,40200
2014-07-27,118.364,258.104,151.554,411.478,171.689,6.34751e+06,102.941,99.9984,40200
2014-08-03,136.118,296.628,174.114,586.544,197.626,6.34726e+06,118.492,135.323,40200
2014-08-10,156.457,340.914,200.121,787.731,227.194,6.34696e+06,136.22,159.017,40200
2014-08-17,179.82,391.814,230.012,1018.97,261.128,6.34663e+06,156.567,200.092,40200
2014-08-24,206.667,450.303,264.358,1284.74,300.117,6.34624e+06,179.944,152.1,40200
2014-08-31,237.514,517.507,303.824,1590.19,344.919,6.3458e+06,206.806,218.645,40200
2014-09-07,272.957,594.718,349.171,1941.24,396.395,6.34529e+06,237.67,241.233,40200
2014-09-14,313.676,683.42,401.272,2344.68,455.537,6.34471e+06,273.13,279.986,40200
2014-09-21,360.453,785.313,461.129,2808.3,523.482,6.34403e+06,313.868,368.572,40200
2014-09-28,414.184,902.347,529.89,3341.07,601.531,6.34326e+06,360.665,401.685,40200
2014-07-13,128.224,277.192,174.213,183.66,188.843,6.34769e+06,98.4768,134.939,40250
2014-07-20,145.204,312.982,190.882,379.496,212.504,6.34742e+06,110.815,127.803,40250
2014-07-27,163.446,351.418,213.414,596.831,239.868,6.34712e+06,125.085,151.73,40250
2014-08-03,183.562,394.435,239.459,840.4,269.614,6.34679e+06,140.596,123.515,40250
2014-08-10,206.059,442.729,268.794,1113.77,302.705,6.34642e+06,157.853,151.686,40250
2014-08-17,231.292,496.932,301.719,1420.63,339.785,6.346e+06,177.189,182.386,40250
2014-08-24,259.607,557.755,338.666,1765.07,381.388,6.34553e+06,198.884,167.793,40250
2014-08-31,291.378,626,380.123,2151.68,428.069,6.345e+06,223.227,280.264,40250
2014-09-07,327.024,702.565,426.64,2585.61,480.448,6.34441e+06,250.541,292.15,40250
2014-09-14,367.015,788.458,478.83,3072.64,539.212,6.34374e+06,281.185,313.065,40250
2014-09-21,411.875,884.804,537.38,3619.22,605.136,6.343e+06,315.562,321.665,40250
2014-09-28,462.193,992.864,603.058,4232.63,679.083,6.34216e+06,354.124,374.544,40250
2014-07-13,66.3669,146.759,88.4664,92.6187,96.0949,6.34806e+06,70.1522,94.2304,40300
2014-07-20,78.0178,171.779,99.7749,193.45,112.14,6.34791e+06,81.8656,65.3466,40300
2014-07-27,90.9816,199.71,115.431,309.038,131.244,6.34773e+06,95.8118,121.624,40300
2014-08-03,105.809,232.105,134.108,443.143,152.783,6.34753e+06,111.536,144.771,40300
2014-08-10,122.992,269.769,155.879,598.996,177.623,6.3473e+06,129.67,86.4612,40300
2014-08-17,142.953,313.547,181.182,780.15,206.457,6.34703e+06,150.72,148.663,40300
2014-08-24,166.15,364.422,210.588,990.706,239.962,6.34672e+06,175.18,126.252,40300
2014-08-31,193.107,423.541,244.759,1235.43,278.898,6.34635e+06,203.604,247.33,40300
2014-09-07,224.432,492.236,284.469,1519.87,324.143,6.34593e+06,236.635,216.966,40300
2014-09-14,260.829,572.052,330.611,1850.44,376.717,6.34544e+06,275.015,303.085,40300
2014-09-21,303.116,664.781,384.224,2234.63,437.802,6.34486e+06,319.609,333.094,40300
2014-09-28,352.244,772.504,446.513,2681.11,508.771,6.3442e+06,371.418,426.826,40300
2014-07-13,120.531,263.535,162.218,170.429,176.021,6.34773e+06,82.4796,67.115,40350
2014-07-20,139.06,302.952,180.304,354.032,201.69,6.34747e+06,94.5073,97.5167,40350
2014-07-27,159.315,346.107,205.044,561.098,231.806,6.34718e+06,108.619,126.12,40350
2014-08-03,182.06,395.272,234.092,797.193,265.143,6.34684e+06,124.24,110.552,40350
2014-08-10,207.951,451.435,267.37,1066.81,302.9,6.34646e+06,141.932,107.876,40350
2014-08-17,237.503,515.574,305.376,1374.76,345.956,6.34602e+06,162.107,139.693,40350
2014-08-24,271.244,588.808,348.771,1726.48,395.112,6.34551e+06,185.14,187.662,40350
2014-08-31,309.767,672.416,398.317,2128.17,451.235,6.34494e+06,211.439,215.725,40350
2014-09-07,353.745,767.86,454.884,2586.91,515.31,6.34429e+06,241.463,217.968,40350
2014-09-14,403.948,876.804,519.46,3110.79,588.456,6.34354e+06,275.737,171.388,40350
2014-09-21,461.248,1001.14,593.173,3709.03,671.948,6.34269e+06,314.86,353.487,40350
2014-09-28,526.642,1143.03,677.306,4392.14,767.239,6.34171e+06,359.511,348.559,40350
2014-07-13,77.8146,168.539,105.557,111.218,114.441,6.34799e+06,87.1504,90.1326,40400
2014-07-20,88.3952,190.876,115.933,230.011,129.17,6.34782e+06,98.3667,101.285,40400
2014-07-27,99.7958,214.944,129.988,362.201,146.245,6.34764e+06,111.37,112.699,40400
2014-08-03,112.407,241.963,146.278,510.777,164.865,6.34744e+06,125.55,125.303,40400
2014-08-10,126.555,272.389,164.679,678.02,185.644,6.34721e+06,141.374,161.445,40400
2014-08-17,142.472,306.642,185.396,866.302,208.999,6.34695e+06,159.159,120.631,40400
2014-08-24,160.387,345.197,208.713,1078.27,235.282,6.34666e+06,179.175,224.297,40400
2014-08-31,180.551,388.591,234.957,1316.89,264.865,6.34633e+06,201.703,201.009,40400
2014-09-07,203.246,437.428,264.496,1585.51,298.161,6.34596e+06,227.059,235.701,40400
2014-09-14,228.786,492.388,297.74,1887.9,335.634,6.34554e+06,255.596,255.746,40400
2014-09-21,257.528,554.235,335.153,2228.29,377.805,6.34507e+06,287.71,187.199,40400
2014-09-28,289.871,623.827,377.255,2611.45,425.261,6.34455e+06,323.849,336.08,40400
2014-07-13,113.958,238.248,159.089,169.335,171.946,6.34777e+06,109.535,122.591,40450
2014-07-20,122.242,255.248,167.352,344.754,183.682,6.34756e+06,117.011,213.252,40450
2014-07-27,130.707,272.504,178.154,530.662,196.71,6.34734e+06,125.31,133.385,40450
2014-08-03,139.562,290.842,190.092,728.869,210.145,6.3471e+06,133.869,90.5563,40450
2014-08-10,148.968,310.418,202.894,940.402,224.335,6.34685e+06,142.908,98.6486,40450
2014-08-17,158.997,331.31,216.558,1166.18,239.444,6.34658e+06,152.533,158.862,40450
2014-08-24,169.697,353.603,231.137,1407.16,255.561,6.34629e+06,162.8,165.575,40450
2014-08-31,181.114,377.388,246.692,1664.37,272.757,6.34598e+06,173.754,263.368,40450
2014-09-07,193.295,402.764,263.289,1938.87,291.105,6.34565e+06,185.442,269.135,40450
2014-09-14,206.291,429.836,280.995,2231.85,310.68,6.3453e+06,197.912,121.177,40450
2014-09-21,220.155,458.716,299.886,2544.52,331.563,6.34493e+06,211.216,173.48,40450
2014-09-28,234.944,489.524,320.039,2878.21,353.842,6.34453e+06,225.408,326.462,40450
2014-07-13,104.906,224.742,143.598,151.789,155.531,6.34782e+06,97.269,94.5484,40500
2014-07-20,117.058,250.171,155.579,312.35,172.543,6.34761e+06,107.908,115.358,40500
2014-07-27,129.936,277.066,171.628,488.297,191.996,6.34738e+06,120.074,117.317,40500
2014-08-03,143.936,306.748,189.952,682.814,212.842,6.34713e+06,133.111,149.607,40500
2014-08-10,159.375,339.617,210.317,898.157,235.708,6.34684e+06,147.411,173.448,40500
2014-08-17,176.457,376.009,232.864,1136.59,260.978,6.34653e+06,163.215,164.894,40500
2014-08-24,195.364,416.291,257.821,1400.58,288.945,6.34618e+06,180.706,154.498,40500
2014-08-31,216.291,460.877,285.445,1692.85,319.901,6.34579e+06,200.065,189.961,40500
2014-09-07,239.454,510.224,316.021,2016.44,354.164,6.34537e+06,221.493,272.043,40500
2014-09-14,265.088,564.834,349.862,2374.68,392.085,6.3449e+06,245.209,221.733,40500
2014-09-21,293.457,625.267,387.314,2771.28,434.052,6.34437e+06,271.456,195.321,40500
2014-09-28,324.85,692.138,428.76,3210.33,480.493,6.34379e+06,300.5,450.263,40500
2014-07-13,153.762,332.923,208.638,219.848,226.191,6.34753e+06,90.3485,107.547,40550
2014-07-20,174.573,376.842,229.052,454.602,255.167,6.34721e+06,101.922,98.8686,40550
2014-07-27,196.982,424.132,256.69,715.707,288.743,6.34686e+06,115.334,112.325,40550
2014-08-03,221.756,477.185,288.705,1009.02,325.331,6.34645e+06,129.948,137.704,40550
2014-08-10,249.527,536.885,324.847,1339.01,366.133,6.346e+06,146.246,161.831,40550
2014-08-17,280.749,604.047,365.507,1710.31,411.961,6.34549e+06,164.551,158.491,40550
2014-08-24,315.866,679.585,411.24,2128.08,463.499,6.34492e+06,185.137,181.543,40550
2014-08-31,355.359,764.536,462.675,2598.11,521.463,6.34427e+06,208.29,214.67,40550
2014-09-07,399.772,860.06,520.521,3126.91,586.649,6.34354e+06,234.328,236.179,40550
2014-09-14,449.71,967.463,585.569,3721.81,659.95,6.34273e+06,263.606,237.828,40550
2014-09-21,505.856,1088.21,658.709,4391.04,742.366,6.34181e+06,296.526,288.998,40550
2014-09-28,568.972,1223.93,740.937,5143.83,835.021,6.34077e+06,333.536,361.904,40550
2014-07-13,124.023,268.325,168.395,177.484,182.549,6.34771e+06,102.479,106.58,40600
2014-07-20,140.63,303.352,184.691,366.869,205.681,6.34745e+06,115.465,76.9212,40600
2014-07-27,158.493,341.019,206.738,577.281,232.46,6.34717e+06,130.498,108.984,40600
2014-08-03,178.217,383.229,232.25,813.376,261.607,6.34684e+06,146.861,203.227,40600
2014-08-10,200.302,430.674,261.018,1078.68,294.073,6.34648e+06,165.087,122.837,40600
2014-08-17,225.105,483.99,293.348,1376.85,330.498,6.34607e+06,185.535,189.632,40600
2014-08-24,252.97,543.892,329.671,1711.94,371.415,6.34561e+06,208.505,157.774,40600
2014-08-31,284.275,611.186,370.478,2088.52,417.385,6.3451e+06,234.312,285.367,40600
2014-09-07,319.441,686.777,416.322,2511.7,469.027,6.34452e+06,263.303,264.059,40600
2014-09-14,358.943,771.681,467.82,2987.24,527.037,6.34386e+06,295.868,316.027,40600
2014-09-21,403.309,867.036,525.665,3521.59,592.195,6.34313e+06,332.447,306.893,40600
2014-09-28,453.134,974.116,590.632,4122,665.374,6.34231e+06,373.528,422.067,40600
2014-07-13,85.3044,187.832,114.125,119.641,123.916,6.34794e+06,69.0546,88.6788,40650
2014-07-20,99.5714,218.361,128.002,249.372,143.609,6.34775e+06,80.0284,112.052,40650
2014-07-27,115.34,252.193,147.127,397.171,166.924,6.34754e+06,93.0215,136.385,40650
2014-08-03,133.251,291.167,169.806,567.523,193.03,6.34729e+06,107.57,83.4949,40650
2014-08-10,153.867,336.179,196.068,764.193,222.933,6.347e+06,124.233,119.682,40650
2014-08-17,177.658,388.151,226.391,991.28,257.41,6.34667e+06,143.446,149.503,40650
2014-08-24,205.121,448.147,261.394,1253.48,297.206,6.34628e+06,165.623,40.0898,40650
2014-08-31,236.823,517.399,301.8,1556.22,343.144,6.34584e+06,191.223,192.188,40650
2014-09-07,273.415,597.331,348.442,1905.75,396.171,6.34533e+06,220.774,237.99,40650
2014-09-14,315.648,689.581,402.277,2309.29,457.376,6.34473e+06,254.881,323.469,40650
2014-09-21,364.389,796.039,464.411,2775.17,528.013,6.34405e+06,294.245,334.049,40650
2014-09-28,420.633,918.878,536.116,3312.99,609.529,6.34326e+06,339.671,266.549,40650
2014-07-13,90.1384,195.62,122.072,128.541,132.37,6.34791e+06,77.1994,61.7471,40700
2014-07-20,102.729,222.244,134.408,266.085,149.879,6.34772e+06,87.4111,82.3427,40700
2014-07-27,116.337,251.027,151.151,419.571,170.229,6.34751e+06,99.2794,134.776,40700
2014-08-03,131.438,283.439,170.609,592.603,192.49,6.34727e+06,112.262,160.474,40700
2014-08-10,148.429,320.048,192.655,787.966,217.409,6.347e+06,126.795,120.374,40700
2014-08-17,167.604,361.386,217.549,1008.57,245.502,6.34669e+06,143.18,198.073,40700
2014-08-24,189.251,408.056,245.652,1257.68,277.214,6.34635e+06,161.674,195.334,40700
2014-08-31,213.688,460.739,277.379,1538.97,313.013,6.34596e+06,182.553,218.78,40700
2014-09-07,241.274,520.208,313.194,1856.58,353.427,6.34552e+06,206.122,189.96,40700
2014-09-14,272.412,587.332,353.624,2215.2,399.046,6.34502e+06,232.727,237.711,40700
2014-09-21,307.557,663.09,399.258,2620.1,450.537,6.34446e+06,262.757,335.058,40700
2014-09-28,347.222,748.587,450.764,3077.25,508.651,6.34383e+06,296.651,485.771,40700
2014-07-13,128.6,276.442,175.541,185.37,190.187,6.34768e+06,100.705,58.6601,40750
2014-07-20,144.294,309.37,190.989,382.04,212.118,6.34742e+06,112.317,120.519,40750
2014-07-27,161.01,344.395,211.751,598.579,237.302,6.34713e+06,125.652,85.6195,40750
2014-08-03,179.279,383.252,235.566,839.199,264.434,6.34681e+06,140.019,182.997,40750
2014-08-10,199.531,426.503,262.165,1106.95,294.352,6.34645e+06,155.861,110.466,40750
2014-08-17,222.052,474.631,291.765,1404.94,327.587,6.34606e+06,173.459,291.702,40750
2014-08-24,247.107,528.177,324.695,1736.56,364.556,6.34561e+06,193.034,89.9737,40750
2014-08-31,274.981,587.743,361.331,2105.61,405.684,6.34512e+06,214.811,160.093,40750
2014-09-07,305.988,654.001,402.086,2516.29,451.437,6.34457e+06,239.038,203.028,40750
2014-09-14,340.477,727.697,447.422,2973.29,502.33,6.34396e+06,265.986,301.088,40750
2014-09-21,378.836,809.659,497.849,3481.8,558.937,6.34328e+06,295.96,247.162,40750
2014-09-28,421.496,900.805,553.933,4047.61,621.894,6.34253e+06,329.295,345.823,40750
2014-07-13,97.612,212.83,131.679,138.462,142.848,6.34787e+06,90.6576,92.6408,40800
2014-07-20,112.102,243.587,145.843,287.249,162.951,6.34766e+06,103.416,127.626,40800
2014-07-27,127.876,277.102,165.162,454.384,186.454,6.34743e+06,118.332,115.825,40800
2014-08-03,145.51,315.121,187.758,644.143,212.356,6.34716e+06,134.77,166.799,40800
2014-08-10,165.497,358.368,213.537,859.928,241.564,6.34685e+06,153.307,136.509,40800
2014-08-17,188.214,407.55,242.856,1105.34,274.731,6.34651e+06,174.356,114.597,40800
2014-08-24,214.043,463.471,276.19,1384.44,312.437,6.34611e+06,198.286,161.143,40800
2014-08-31,243.409,527.049,314.091,1701.85,355.307,6.34566e+06,225.494,231.91,40800
2014-09-07,276.795,599.325,357.181,2062.81,404.048,6.34515e+06,256.427,231.909,40800
2014-09-14,314.748,681.485,406.168,2473.28,459.458,6.34457e+06,291.593,228.846,40800
2014-09-21,357.888,774.871,461.856,2940.04,522.445,6.34392e+06,331.567,476.305,40800
2014-09-28,406.922,881.007,525.155,3470.78,594.039,6.34317e+06,377.004,310.606,40800
2014-07-13,91.1034,202.947,120.676,126.046,131.172,6.34791e+06,80.9555,98.3696,40850
2014-07-20,108.416,240.352,137.417,264.226,154.922,6.3477e+06,95.6131,135.27,40850
2014-07-27,127.903,282.638,160.778,424.336,183.472,6.34745e+06,113.233,161.804,40850
2014-08-03,150.458,332.257,188.939,612.223,216.048,6.34717e+06,133.338,127.334,40850
2014-08-10,176.899,390.603,222.133,833.088,254.059,6.34683e+06,156.798,163.067,40850
2014-08-17,207.968,459.195,261.156,1092.76,298.69,6.34643e+06,184.342,149.605,40850
2014-08-24,244.485,539.816,307.022,1398.03,351.143,6.34596e+06,216.715,248.57,40850
2014-08-31,287.405,634.566,360.93,1756.92,412.794,6.34541e+06,254.764,200.873,40850
2014-09-07,337.844,745.911,424.288,2178.81,485.249,6.34476e+06,299.482,372.909,40850
2014-09-14,397.114,876.744,498.744,2674.75,570.395,6.344e+06,352.031,252.315,40850
2014-09-21,466.755,1030.46,586.235,3257.7,670.444,6.34311e+06,413.778,429.439,40850
2014-09-28,548.569,1211.02,689.03,3942.9,787.99,6.34206e+06,486.324,532.942,40850
2014-07-13,87.4435,189.515,118.556,124.89,128.541,6.34793e+06,92.5289,122.168,40900
2014-07-20,99.4372,214.848,130.314,258.363,145.232,6.34775e+06,104.543,102.637,40900
2014-07-27,112.373,242.174,146.252,407.022,164.597,6.34754e+06,118.483,119.507,40900
2014-08-03,126.697,272.88,164.74,574.27,185.735,6.34731e+06,133.699,150.867,40900
2014-08-10,142.781,307.49,185.643,762.713,209.347,6.34705e+06,150.696,145.176,40900
2014-08-17,160.894,346.491,209.199,975.069,235.912,6.34676e+06,169.818,223.076,40900
2014-08-24,181.3,390.432,235.737,1214.37,265.836,6.34643e+06,191.359,210.208,40900
2014-08-31,204.29,439.933,265.635,1484.02,299.548,6.34606e+06,215.626,196.563,40900
2014-09-07,230.188,495.696,299.317,1787.86,337.527,6.34564e+06,242.965,248.128,40900
2014-09-14,259.361,558.508,337.261,2130.23,380.311,6.34516e+06,273.762,266.604,40900
2014-09-21,292.222,629.255,380.001,2515.99,428.502,6.34463e+06,308.452,374.234,40900
2014-09-28,329.232,708.933,428.143,2950.63,482.783,6.34403e+06,347.525,357.692,40900
2014-07-13,120.796,258.718,165.385,174.832,179.125,6.34773e+06,101.598,106.459,40950
2014-07-20,134.732,287.871,179.126,359.725,198.635,6.34749e+06,112.664,89.3283,40950
2014-07-27,149.494,318.691,197.527,562.262,220.938,6.34722e+06,125.314,153.54,40950
2014-08-03,165.534,352.689,218.529,786.087,244.827,6.34693e+06,138.864,145.976,40950
2014-08-10,183.215,390.322,241.86,1033.78,271.02,6.3466e+06,153.72,164.255,40950
2014-08-17,202.769,431.97,267.68,1307.91,299.954,6.34624e+06,170.131,85.7923,40950
2014-08-24,224.403,478.05,296.247,1611.3,331.961,6.34584e+06,188.285,186.318,40950
2014-08-31,248.337,529.029,327.853,1947.07,367.373,6.3454e+06,208.37,256.575,40950
2014-09-07,274.816,585.425,362.82,2318.65,406.551,6.34491e+06,230.591,341.016,40950
2014-09-14,304.108,647.808,401.503,2729.86,449.891,6.34437e+06,255.174,297.033,40950
2014-09-21,336.508,716.807,444.294,3184.9,497.833,6.34377e+06,282.366,252.152,40950
2014-09-28,372.343,793.12,491.626,3688.43,550.861,6.3431e+06,312.442,289.2,40950
2014-07-13,90.7576,196.962,122.912,129.426,133.28,6.34791e+06,87.0266,82.9944,41000
2014-07-20,103.433,223.765,135.331,267.915,150.908,6.34772e+06,98.5365,79.818,41000
2014-07-27,117.132,252.74,152.186,422.453,171.394,6.34751e+06,111.914,95.0653,41000
2014-08-03,132.334,285.37,171.775,596.669,193.805,6.34726e+06,126.546,113.115,41000
2014-08-10,149.439,322.223,193.969,793.366,218.89,6.34699e+06,142.926,124.256,41000
2014-08-17,168.742,363.836,219.029,1015.48,247.171,6.34668e+06,161.392,201.373,41000
2014-08-24,190.532,410.814,247.319,1266.28,279.093,6.34634e+06,182.236,220.978,41000
2014-08-31,215.132,463.846,279.256,1549.47,315.13,6.34594e+06,205.767,208.908,41000
2014-09-07,242.9,523.708,315.309,1869.23,355.811,6.3455e+06,232.33,210.05,41000
2014-09-14,274.243,591.273,356.005,2230.27,401.731,6.345e+06,262.314,260.695,41000
2014-09-21,309.619,667.528,401.94,2637.89,453.56,6.34443e+06,296.156,428.033,41000
2014-09-28,349.543,753.583,453.784,3098.1,512.056,6.34379e+06,334.352,476.996,41000
2014-07-13,96.6929,214.332,128.627,134.563,139.75,6.34788e+06,73.5363,67.4543,41050
2014-07-20,114.12,251.828,145.522,281.389,163.719,6.34766e+06,86.1488,96.0222,41050
2014-07-27,133.582,293.856,168.97,450.286,192.346,6.3474e+06,101.212,126.432,41050
2014-08-03,155.927,342.784,197.037,646.965,224.746,6.34711e+06,118.261,129.612,41050
2014-08-10,181.917,399.876,229.87,876.384,262.252,6.34676e+06,137.996,139.165,41050
2014-08-17,212.221,466.476,268.17,1144.03,305.947,6.34636e+06,160.989,145.875,41050
2014-08-24,247.564,544.153,312.84,1456.27,356.905,6.34589e+06,187.803,184.794,41050
2014-08-31,288.782,634.738,364.938,1820.51,416.337,6.34534e+06,219.075,179.375,41050
2014-09-07,336.849,740.368,425.695,2245.39,485.645,6.3447e+06,255.545,303.492,41050
2014-09-14,392.897,863.529,496.546,2741.01,566.465,6.34396e+06,298.073,348.783,41050
2014-09-21,458.243,1007.11,579.157,3319.09,660.699,6.34309e+06,347.658,277.14,41050
2014-09-28,534.421,1174.48,675.472,3993.34,770.559,6.34207e+06,405.467,414.541,41050
2014-07-13,104.051,226.838,140.381,147.618,152.286,6.34783e+06,82.3932,79.7791,41100
2014-07-20,119.471,259.564,155.455,306.224,173.68,6.34761e+06,93.9682,112.74,41100
2014-07-27,136.252,295.217,176.011,484.355,198.687,6.34736e+06,107.499,105.866,41100
2014-08-03,155.01,335.652,200.05,686.558,226.242,6.34707e+06,122.407,93.0098,41100
2014-08-10,176.265,381.636,227.47,916.444,257.307,6.34675e+06,139.214,136.799,41100
2014-08-17,200.417,433.92,258.647,1177.84,292.573,6.34638e+06,158.295,124.729,41100
2014-08-24,227.872,493.354,294.086,1475.06,332.658,6.34596e+06,179.982,171.35,41100
2014-08-31,259.08,560.91,334.372,1813,378.223,6.34548e+06,204.635,182.355,41100
2014-09-07,294.552,637.691,380.163,2197.22,430.014,6.34494e+06,232.657,227.996,41100
2014-09-14,334.866,724.951,432.209,2634.05,488.879,6.34432e+06,264.505,286.475,41100
2014-09-21,380.68,824.109,491.359,3130.68,555.777,6.34362e+06,300.7,313.435,41100
2014-09-28,432.739,936.776,558.577,3695.26,631.797,6.34283e+06,341.83,329.883,41100
2014-07-13,74.2079,164.399,98.7636,103.34,107.298,6.34801e+06,71.0887,55.9363,41150
2014-07-20,87.501,192.988,111.654,216.037,125.587,6.34784e+06,83.2057,71.4367,41150
2014-07-27,102.334,225.004,129.535,345.57,147.415,6.34765e+06,97.667,102.781,41150
2014-08-03,119.351,262.245,150.922,496.281,172.098,6.34742e+06,114.02,119.223,41150
2014-08-10,139.126,305.663,175.92,671.929,200.646,6.34716e+06,132.935,134.331,41150
2014-08-17,162.164,356.273,205.057,876.671,233.879,6.34685e+06,154.953,178.007,41150
2014-08-24,189.012,415.253,239.013,1115.32,272.605,6.34649e+06,180.609,249.53,41150
2014-08-31,220.3,483.982,278.584,1393.48,317.734,6.34607e+06,210.509,281.006,41150
2014-09-07,256.758,564.067,324.696,1717.69,370.323,6.34559e+06,245.351,172.382,41150
2014-09-14,299.239,657.375,378.429,2095.56,431.601,6.34502e+06,285.95,288.022,41150
2014-09-21,348.732,766.082,441.035,2535.95,502.998,6.34436e+06,333.252,408.443,41150
2014-09-28,406.39,892.714,513.975,3049.19,586.177,6.34359e+06,388.361,409.696,41150
2014-07-13,114.373,249.289,154.334,162.301,167.419,6.34777e+06,80.0279,68.7077,41200
2014-07-20,131.277,285.159,170.861,336.65,190.875,6.34753e+06,91.24,131.168,41200
2014-07-27,149.668,324.223,193.393,532.404,218.286,6.34725e+06,104.342,80.2459,41200
2014-08-03,170.217,368.509,219.735,754.539,248.477,6.34694e+06,118.774,119.073,41200
2014-08-10,193.493,418.856,249.771,1007,282.502,6.34658e+06,135.039,164.539,41200
2014-08-17,219.934,476.081,283.911,1293.98,321.116,6.34618e+06,153.496,174.276,41200
2014-08-24,249.979,541.109,322.706,1620.18,364.99,6.34572e+06,174.468,221.161,41200
2014-08-31,284.119,614.995,366.789,1990.94,414.845,6.34519e+06,198.299,179.764,41200
2014-09-07,322.909,698.941,416.879,2412.34,471.491,6.3446e+06,225.377,224.119,41200
2014-09-14,366.978,794.307,473.79,2891.28,535.85,6.34392e+06,256.141,301.053,41200
2014-09-21,417.04,902.634,538.445,3435.59,608.965,6.34316e+06,291.091,246.24,41200
2014-09-28,473.904,1025.67,611.891,4054.16,692.018,6.34228e+06,330.791,259.13,41200
2014-07-13,138.473,298.209,188.733,199.193,204.513,6.34763e+06,92.0283,77.6927,41250
2014-07-20,155.836,334.693,205.809,410.871,228.754,6.34734e+06,102.936,92.6493,41250
2014-07-27,174.38,373.619,228.801,644.532,256.654,6.34703e+06,115.491,109.439,41250
2014-08-03,194.706,416.926,255.24,904.892,286.798,6.34668e+06,129.056,144.697,41250
2014-08-10,217.302,465.262,284.848,1195.42,320.133,6.34629e+06,144.056,143.451,41250
2014-08-17,242.499,519.198,317.888,1519.64,357.266,6.34585e+06,160.765,175.089,41250
2014-08-24,270.609,579.37,354.747,1881.47,398.685,6.34536e+06,179.404,175.254,41250
2014-08-31,301.966,646.49,395.866,2285.24,444.891,6.34482e+06,200.196,210.026,41250
2014-09-07,336.943,721.356,441.734,2735.81,496.433,6.34421e+06,223.389,295.061,41250
2014-09-14,375.954,804.852,492.896,3238.57,553.923,6.34354e+06,249.259,246.958,41250
2014-09-21,419.461,897.965,549.959,3799.55,618.042,6.34278e+06,278.111,228.787,41250
2014-09-28,467.977,1001.79,613.597,4425.45,689.545,6.34194e+06,310.287,276.385,41250
2014-07-13,88.1193,193.572,118.127,123.928,128.234,6.34793e+06,81.7822,70.0031,41300
2014-07-20,102.455,224.189,132.089,258.013,148.046,6.34773e+06,94.4173,73.9206,41300
2014-07-27,118.242,257.981,151.281,410.253,171.432,6.34751e+06,109.332,113.84,41300
2014-08-03,136.106,296.765,173.964,585.087,197.517,6.34726e+06,125.968,124.599,41300
2014-08-10,156.59,341.394,200.137,786.197,227.283,6.34697e+06,144.951,131.783,41300
2014-08-17,180.143,392.735,230.246,1017.56,261.476,6.34663e+06,166.758,152.963,41300
2014-08-24,207.232,451.786,264.877,1283.73,300.8,6.34624e+06,191.837,186.978,41300
2014-08-31,238.388,519.7,304.707,1589.93,346.029,6.3458e+06,220.682,239.016,41300
2014-09-07,274.219,597.8,350.515,1942.17,398.046,6.34529e+06,253.856,259.472,41300
2014-09-14,315.423,687.608,403.196,2347.35,457.865,6.3447e+06,292.006,285.779,41300
2014-09-21,362.801,790.868,463.775,2813.42,526.651,6.34402e+06,335.874,403.253,41300
2014-09-28,417.275,909.584,533.431,3349.51,605.741,6.34324e+06,386.315,407.999,41300
2014-07-13,100.731,219.409,136.003,143.052,147.524,6.34785e+06,83.1388,102.132,41350
2014-07-20,115.492,250.714,150.438,296.63,168.013,6.34764e+06,94.6854,100.967,41350
2014-07-27,131.535,284.768,170.107,468.898,191.936,6.34739e+06,108.167,85.4106,41350
2014-08-03,149.441,323.335,193.079,664.184,218.258,6.34712e+06,123.002,151.744,41350
2014-08-10,169.704,367.138,219.248,885.908,247.893,6.34681e+06,139.703,172.214,41350
2014-08-17,192.698,416.875,248.963,1137.68,281.491,6.34645e+06,158.637,176.499,41350
2014-08-24,218.802,473.339,282.696,1423.58,319.627,6.34605e+06,180.129,130.673,41350
2014-08-31,248.434,537.433,320.989,1748.2,362.919,6.34559e+06,204.527,217.108,41350
2014-09-07,282.07,610.183,364.459,2116.8,412.062,6.34508e+06,232.222,272.77,41350
2014-09-14,320.247,692.751,413.8,2535.3,467.842,6.34449e+06,263.657,182.746,41350
2014-09-21,363.575,786.454,469.801,3010.45,531.151,6.34382e+06,299.335,244.849,41350
2014-09-28,412.744,892.784,533.358,3549.89,602.998,6.34306e+06,339.825,272.616,41350
2014-07-13,83.8854,183.061,113.078,118.872,122.679,6.34795e+06,87.2375,103.355,41400
2014-07-20,96.4775,209.809,125.382,246.709,140.141,6.34777e+06,99.6543,112.797,41400
2014-07-27,110.203,238.999,142.178,390.492,160.579,6.34757e+06,114.188,137.164,41400
2014-08-03,125.571,272.158,161.848,553.957,183.135,6.34734e+06,130.228,113.729,41400
2014-08-10,143.013,309.929,184.319,740.092,208.607,6.34707e+06,148.341,134.891,41400
2014-08-17,162.864,352.944,209.91,952.071,237.571,6.34677e+06,168.937,162.464,41400
2014-08-24,185.467,401.92,239.047,1193.48,270.544,6.34643e+06,192.384,187.095,41400
2014-08-31,211.201,457.681,272.222,1468.39,308.087,6.34604e+06,219.081,224.718,41400
2014-09-07,240.498,521.16,309.991,1781.45,350.829,6.3456e+06,249.475,239.54,41400
2014-09-14,273.851,593.422,352.991,2137.94,399.489,6.34509e+06,284.078,270.589,41400
2014-09-21,311.817,675.675,401.94,2543.87,454.882,6.34452e+06,323.467,306.405,41400
2014-09-28,355.03,769.293,457.66,3006.09,517.934,6.34386e+06,368.304,360.807,41400
2014-07-13,86.6269,190.29,116.129,121.832,126.064,6.34794e+06,73.8393,93.3117,41450
2014-07-20,100.717,220.382,129.851,253.646,145.537,6.34775e+06,85.2447,74.2349,41450
2014-07-27,116.233,253.592,148.713,403.305,168.521,6.34753e+06,98.7073,80.4392,41450
2014-08-03,133.788,291.708,171.006,575.169,194.157,6.34728e+06,113.723,159.367,41450
2014-08-10,153.92,335.567,196.729,772.857,223.41,6.34699e+06,130.857,98.5636,41450
2014-08-17,177.066,386.021,226.319,1000.28,257.014,6.34666e+06,150.54,119.074,41450
2014-08-24,203.687,444.051,260.352,1261.91,295.659,6.34628e+06,173.175,214.323,41450
2014-08-31,234.304,510.788,299.493,1562.87,340.105,6.34584e+06,199.209,224.481,41450
2014-09-07,269.514,587.534,344.508,1909.08,391.221,6.34534e+06,229.149,152.859,41450
2014-09-14,310.003,675.782,396.276,2307.31,450.002,6.34476e+06,263.579,197.235,41450
2014-09-21,356.558,777.248,455.804,2765.38,517.595,6.3441e+06,303.169,336.754,41450
2014-09-28,410.085,893.898,524.25,3292.24,595.31,6.34333e+06,348.689,394.85,41450
2014-07-13,94.1649,203.415,128.017,134.988,138.758,6.34789e+06,87.1455,94.2932,41500
2014-07-20,106.507,229.414,140.136,278.831,155.962,6.3477e+06,97.9504,83.9261,41500
2014-07-27,119.752,257.302,156.508,438.3,175.841,6.34748e+06,110.435,99.3844,41500
2014-08-03,134.342,288.481,175.413,616.821,197.426,6.34723e+06,123.991,77.53,41500
2014-08-10,150.64,323.447,196.685,816.963,221.413,6.34696e+06,139.056,119.092,41500
2014-08-17,168.903,362.653,220.536,1041.38,248.264,6.34666e+06,155.919,164.826,41500
2014-08-24,189.375,406.603,247.271,1293,278.358,6.34631e+06,174.82,181.012,41500
2014-08-31,212.323,455.866,277.241,1575.12,312.092,6.34593e+06,196.006,294.027,41500
2014-09-07,238.045,511.083,310.835,1891.43,349.906,6.3455e+06,219.755,160.673,41500
2014-09-14,266.874,572.969,348.489,2246.07,392.289,6.34502e+06,246.373,227.296,41500
2014-09-21,299.185,642.322,390.691,2643.66,439.791,6.34447e+06,276.206,275.577,41500
2014-09-28,335.393,720.04,437.989,3089.39,493.026,6.34387e+06,309.64,139.688,41500
2014-07-13,130.831,283.156,177.584,187.149,192.518,6.34767e+06,89.5342,67.3434,41550
2014-07-20,148.438,320.304,194.859,386.913,217.038,6.3474e+06,100.938,120.346,41550
2014-07-27,167.387,360.275,218.238,608.97,245.437,6.3471e+06,114.145,97.6464,41550
2014-08-03,188.322,405.091,245.304,858.268,276.365,6.34675e+06,128.529,137.172,41550
2014-08-10,211.776,455.493,275.842,1138.56,310.834,6.34637e+06,144.56,158.67,41550
2014-08-17,238.13,512.163,310.179,1453.75,349.527,6.34594e+06,162.555,131.237,41550
2014-08-24,267.754,575.866,348.777,1808.17,393.016,6.34545e+06,182.78,145.922,41550
2014-08-31,301.052,647.468,392.164,2206.68,441.9,6.3449e+06,205.515,148.288,41550
2014-09-07,338.478,727.94,440.931,2654.76,496.846,6.34429e+06,231.068,222.34,41550
2014-09-14,380.539,818.374,495.742,3158.55,558.599,6.3436e+06,259.788,354.917,41550
2014-09-21,427.805,919.991,557.34,3724.95,627.998,6.34282e+06,292.063,204.319,41550
2014-09-28,480.913,1034.16,626.559,4361.71,705.979,6.34195e+06,328.33,356.846,41550
2014-07-13,96.7365,210.083,130.933,137.843,141.987,6.34787e+06,84.8214,100.541,41600
2014-07-20,110.373,238.934,144.289,285.432,160.944,6.34767e+06,96.1459,67.8402,41600
2014-07-27,125.126,270.16,162.429,450.286,182.995,6.34744e+06,109.319,74.5708,41600
2014-08-03,141.515,305.361,183.531,636.327,207.143,6.34718e+06,123.745,146.036,41600
2014-08-10,159.976,345.16,207.462,846.599,234.203,6.34689e+06,139.91,94.4804,41600
2014-08-17,180.831,390.147,234.514,1084.29,264.742,6.34656e+06,158.154,159.1,41600
2014-08-24,204.398,440.988,265.084,1352.97,299.249,6.34619e+06,178.768,134.62,41600
2014-08-31,231.031,498.439,299.631,1656.67,338.245,6.34576e+06,202.064,210.165,41600
2014-09-07,261.126,563.356,338.67,1999.94,382.312,6.34529e+06,228.389,257.751,41600
2014-09-14,295.13,636.702,382.784,2387.93,432.105,6.34475e+06,258.134,273.915,41600
2014-09-21,333.548,719.567,432.627,2826.45,488.364,6.34414e+06,291.743,251.327,41600
2014-09-28,376.951,813.175,488.94,3322.06,551.925,6.34345e+06,329.713,312.214,41600
2014-07-13,93.5661,203.532,126.468,133.077,137.166,6.34789e+06,82.1322,76.5048,41650
2014-07-20,107.044,232.085,139.658,275.774,155.886,6.3477e+06,93.3416,95.2126,41650
2014-07-27,121.662,263.076,157.603,435.536,177.708,6.34747e+06,106.408,72.0023,41650
2014-08-03,137.944,298.102,178.525,616.282,201.667,6.34722e+06,120.754,104.506,41650
2014-08-10,156.332,337.803,202.312,821.081,228.586,6.34693e+06,136.873,118.969,41650
2014-08-17,177.156,382.792,229.268,1053.17,259.043,6.34661e+06,155.11,125.169,41650
2014-08-24,200.749,433.763,259.806,1316.17,293.544,6.34624e+06,175.769,131.127,41650
2014-08-31,227.477,491.507,294.405,1614.21,332.632,6.34582e+06,199.174,156.706,41650
2014-09-07,257.756,556.92,333.601,1951.93,376.914,6.34535e+06,225.689,191.773,41650
2014-09-14,292.055,631.013,378.003,2334.6,427.077,6.34481e+06,255.725,170.344,41650
2014-09-21,330.904,714.932,428.299,2768.2,483.897,6.34421e+06,289.748,270.077,41650
2014-09-28,374.904,809.973,485.268,3259.49,548.253,6.34352e+06,328.283,357.191,41650
2014-07-13,98.9642,215.796,133.494,140.366,144.817,6.34786e+06,87.2878,108.856,41700
2014-07-20,113.671,247.015,147.869,291.211,165.22,6.34765e+06,99.5854,103.871,41700
2014-07-27,129.682,281.04,167.477,460.678,189.076,6.34741e+06,113.964,137.855,41700
2014-08-03,147.586,319.64,190.415,653.111,215.37,6.34714e+06,129.813,134.283,41700
2014-08-10,167.88,363.555,216.588,871.964,245.026,6.34683e+06,147.688,122.954,41700
2014-08-17,190.948,413.502,246.357,1120.9,278.704,6.34648e+06,167.987,177.152,41700
2014-08-24,217.18,470.301,280.208,1404.04,316.996,6.34608e+06,191.068,205.704,41700
2014-08-31,247.009,534.884,318.702,1726.09,360.539,6.34562e+06,217.313,211.681,41700
2014-09-07,280.925,608.314,362.471,2092.37,410.051,6.34511e+06,247.156,212.422,41700
2014-09-14,319.484,691.794,412.237,2508.95,466.344,6.34452e+06,281.086,299.413,41700
2014-09-21,363.321,786.692,468.817,2982.71,530.342,6.34385e+06,319.661,242.457,41700
2014-09-28,413.151,894.56,533.138,3521.49,603.095,6.34309e+06,363.512,408.529,41700
2014-07-13,95.712,210.621,128.115,134.332,139.099,6.34788e+06,79.9721,81.6427,41750
2014-07-20,111.607,244.617,143.581,279.912,161.045,6.34767e+06,92.5899,108.292,41750
2014-07-27,129.159,282.251,164.881,445.621,187.01,6.34743e+06,107.518,133.493,41750
2014-08-03,149.075,325.564,190.118,636.437,216.053,6.34715e+06,124.215,71.4187,41750
2014-08-10,171.977,375.538,219.314,856.527,249.286,6.34683e+06,143.322,131.335,41750
2014-08-17,198.379,433.182,252.993,1110.42,287.567,6.34646e+06,165.331,176.822,41750
2014-08-24,228.828,499.662,291.832,1403.29,331.71,6.34603e+06,190.71,166.515,41750
2014-08-31,263.942,576.325,336.624,1741.11,382.618,6.34553e+06,219.978,126.312,41750
2014-09-07,304.433,664.721,388.276,2130.78,441.323,6.34496e+06,253.73,376.5,41750
2014-09-14,351.12,766.639,447.836,2580.24,509.014,6.3443e+06,292.647,301.939,41750
2014-09-21,404.946,884.135,516.509,3098.62,587.059,6.34355e+06,337.518,337.471,41750
2014-09-28,466.996,1019.57,595.682,3696.48,677.034,6.34267e+06,389.247,443.913,41750
2014-07-13,103.036,222.021,140.367,148.121,152.111,6.34784e+06,100.111,141.547,41800
2014-07-20,116.065,249.412,153.177,305.607,170.295,6.34763e+06,112.079,135.39,41800
2014-07-27,129.994,278.667,170.436,479.588,191.241,6.34739e+06,125.865,144.581,41800
2014-08-03,145.275,311.247,190.298,673.62,213.894,6.34713e+06,140.774,173.414,41800
2014-08-10,162.28,347.644,212.563,890.324,238.969,6.34684e+06,157.277,183.326,41800
2014-08-17,181.262,388.298,237.432,1132.38,266.928,6.34651e+06,175.678,202.987,41800
2014-08-24,202.457,433.698,265.202,1402.76,298.145,6.34615e+06,196.223,157.716,41800
2014-08-31,226.126,484.391,296.213,1704.75,333.004,6.34574e+06,219.166,107.822,41800
2014-09-07,252.553,540.993,330.84,2042.05,371.928,6.34528e+06,244.784,251.278,41800
2014-09-14,282.06,604.186,369.504,2418.78,415.389,6.34478e+06,273.388,304.181,41800
2014-09-21,315.003,674.734,412.672,2839.52,463.912,6.34421e+06,305.323,276.365,41800
2014-09-28,351.778,753.486,460.865,3309.41,518.083,6.34357e+06,340.975,308.403,41800
2014-07-13,76.8303,169.658,102.538,107.398,111.365,6.34799e+06,79.6626,94.1044,41850
2014-07-20,90.1066,198.135,115.433,224.164,129.662,6.34782e+06,92.7511,82.4948,41850
2014-07-27,104.846,229.847,133.259,357.745,151.407,6.34762e+06,108.306,120.072,41850
2014-08-03,121.666,266.547,154.482,512.389,175.867,6.34739e+06,125.803,124.124,41850
2014-08-10,141.114,309.12,179.167,691.718,204.013,6.34713e+06,145.937,157.099,41850
2014-08-17,163.657,358.494,207.794,899.702,236.611,6.34682e+06,169.255,197.801,41850
2014-08-24,189.796,415.747,240.989,1140.91,274.406,6.34646e+06,196.291,186.259,41850
2014-08-31,220.104,482.128,279.478,1420.65,318.229,6.34605e+06,227.639,196.837,41850
2014-09-07,255.243,559.089,324.105,1745.07,369.041,6.34557e+06,263.986,232.639,41850
2014-09-14,295.982,648.307,375.845,2121.28,427.95,6.34501e+06,306.126,295.517,41850
2014-09-21,343.207,751.728,435.829,2557.54,496.243,6.34436e+06,354.978,311.759,41850
2014-09-28,397.948,871.599,505.362,3063.41,575.407,6.34361e+06,411.606,474.187,41850
2014-07-13,68.0768,149.82,91.1172,95.537,98.9302,6.34805e+06,71.1205,61.6581,41900
2014-07-20,79.3938,174.027,102.128,199.081,114.555,6.3479e+06,82.3529,62.5774,41900
2014-07-27,91.8922,200.828,117.294,316.957,133.042,6.34772e+06,95.6435,100.798,41900
2014-08-03,106.077,231.68,135.266,452.71,153.725,6.34752e+06,110.513,89.4453,41900
2014-08-10,122.391,267.284,156.061,609.312,177.397,6.34729e+06,127.53,101.186,41900
2014-08-17,141.203,308.361,180.053,789.99,204.669,6.34703e+06,147.136,159.899,41900
2014-08-24,162.903,355.745,207.728,998.44,236.125,6.34673e+06,169.75,176.428,41900
2014-08-31,187.933,410.4,239.65,1238.93,272.409,6.34637e+06,195.834,177.025,41900
2014-09-07,216.804,473.438,276.472,1516.37,314.262,6.34597e+06,225.921,329.667,41900
2014-09-14,250.101,546.14,318.941,1836.43,362.533,6.3455e+06,260.624,259.592,41900
2014-09-21,288.503,629.981,367.923,2205.65,418.205,6.34496e+06,300.646,229.15,41900
2014-09-28,332.786,726.66,424.411,2631.57,482.407,6.34433e+06,346.8,449.645,41900
2014-07-13,102.247,222.128,138.352,145.639,150.037,6.34784e+06,85.0487,67.3173,41950
2014-07-20,116.727,252.77,152.531,301.623,170.162,6.34763e+06,96.4566,88.5401,41950
2014-07-27,132.4,285.955,171.796,475.94,193.583,6.34738e+06,109.732,59.7451,41950
2014-08-03,149.821,323.385,194.217,672.763,219.244,6.34711e+06,124.278,127.937,41950
2014-08-10,169.455,365.724,219.658,895.338,248.015,6.3468e+06,140.587,124.025,41950
2014-08-17,191.645,413.607,248.429,1147.07,280.502,6.34645e+06,159.003,183.91,41950
2014-08-24,216.735,467.749,280.961,1431.77,317.229,6.34605e+06,179.821,143.655,41950
2014-08-31,245.102,528.961,317.742,1753.74,358.755,6.3456e+06,203.36,257.174,41950
2014-09-07,277.173,598.161,359.328,2117.86,405.704,6.3451e+06,229.973,209.859,41950
2014-09-14,313.429,676.387,406.342,2529.62,458.781,6.34452e+06,260.06,198.851,41950
2014-09-21,354.411,764.807,459.49,2995.26,518.78,6.34388e+06,294.071,323.072,41950
2014-09-28,400.732,864.74,519.565,3521.78,586.599,6.34314e+06,332.514,394.276,41950
2014-07-13,102.049,217.294,140.385,148.656,151.97,6.34784e+06,92.6893,0,42000
2014-07-20,112.748,239.572,150.965,305.069,166.992,6.34764e+06,101.851,86.6747,42000
2014-07-27,123.982,262.892,165.048,475.027,184.042,6.34742e+06,112.25,218.225,42000
2014-08-03,136.078,288.387,180.997,661.215,202.137,6.34718e+06,123.287,217.132,42000
2014-08-10,149.291,316.361,198.562,865.447,221.797,6.34692e+06,135.278,19.6098,42000
2014-08-17,163.776,347.048,217.833,1089.5,243.324,6.34663e+06,148.407,79.2529,42000
2014-08-24,179.662,380.706,238.967,1335.29,266.928,6.34632e+06,162.804,196.055,42000
2014-08-31,197.084,417.618,262.146,1604.93,292.816,6.34597e+06,178.594,227.721,42000
2014-09-07,216.191,458.097,287.565,1900.72,321.207,6.34559e+06,195.91,257.173,42000
2014-09-14,237.143,502.484,315.442,2225.19,352.342,6.34517e+06,214.899,326.007,42000
2014-09-21,260.117,551.155,346.011,2581.1,386.483,6.34471e+06,235.723,262.921,42000
2014-09-28,285.308,604.519,379.531,2971.5,423.919,6.34421e+06,258.556,323.889,42000
2014-07-13,148.931,322.511,202.06,212.907,219.062,6.34756e+06,95.8431,78.052,42050
2014-07-20,169.129,365.14,221.87,440.279,247.181,6.34725e+06,108.146,96.4833,42050
2014-07-27,190.882,411.052,248.695,693.224,279.77,6.34691e+06,122.404,29.7171,42050
2014-08-03,214.937,462.573,279.775,977.436,315.292,6.34652e+06,137.945,73.5914,42050
2014-08-10,241.908,520.561,314.869,1297.26,354.915,6.34608e+06,155.281,113.245,42050
2014-08-17,272.238,585.813,354.36,1657.19,399.428,6.34558e+06,174.756,214.583,42050
2014-08-24,306.359,659.22,398.787,2062.27,449.499,6.34502e+06,196.663,260.363,42050
2014-08-31,344.742,741.794,448.766,2518.11,505.826,6.3444e+06,221.307,180.141,42050
2014-09-07,387.916,834.668,504.987,3031.08,569.187,6.34369e+06,249.028,200.441,42050
2014-09-14,436.474,939.117,568.224,3608.29,640.453,6.3429e+06,280.208,284.231,42050
2014-09-21,491.081,1056.57,639.345,4257.77,720.601,6.34201e+06,315.274,302.536,42050
2014-09-28,552.482,1188.62,719.323,4988.52,810.727,6.341e+06,354.706,332.081,42050
2014-07-13,158.778,342.618,216.053,227.892,234.158,6.3475e+06,96.9478,92.1353,42100
2014-07-20,179.268,385.74,236.185,470.497,262.736,6.34718e+06,108.78,95.0648,42100
2014-07-27,201.218,431.904,263.347,739.045,295.71,6.34681e+06,122.432,122.017,42100
2014-08-03,225.351,483.42,294.663,1039.18,331.447,6.34641e+06,137.228,150.63,42100
2014-08-10,252.262,541.09,329.838,1375.09,371.088,6.34595e+06,153.64,174.358,42100
2014-08-17,282.36,605.632,369.206,1751.1,415.379,6.34544e+06,171.978,144.424,42100
2014-08-24,316.037,677.849,413.255,2171.98,464.93,6.34487e+06,192.493,166.841,42100
2014-08-31,353.715,758.642,462.54,2643.07,520.37,6.34423e+06,215.447,265.913,42100
2014-09-07,395.866,849.023,517.68,3170.32,582.395,6.34352e+06,241.127,168.996,42100
2014-09-14,443.017,950.116,579.365,3760.42,651.781,6.34272e+06,269.855,304.829,42100
2014-09-21,495.755,1063.18,648.365,4420.81,729.391,6.34182e+06,301.988,315.813,42100
2014-09-28,554.733,1189.61,725.538,5159.83,816.192,6.34082e+06,337.925,340.711,42100
2014-07-13,84.5856,184.542,114.047,119.899,123.727,6.34795e+06,81.1155,64.1516,42150
2014-07-20,97.2418,211.42,126.414,248.811,141.28,6.34777e+06,92.6231,103.4,42150
2014-07-27,111.032,240.741,143.294,393.749,161.818,6.34756e+06,106.088,125.43,42150
2014-08-03,126.465,274.034,163.054,558.464,184.475,6.34733e+06,120.942,133.962,42150
2014-08-10,143.975,311.942,185.62,745.949,210.051,6.34706e+06,137.71,102.164,42150
2014-08-17,163.896,355.097,211.308,959.382,239.121,6.34676e+06,156.768,141.4,42150
2014-08-24,186.568,404.213,240.545,1202.35,272.203,6.34642e+06,178.457,87.9948,42150
2014-08-31,212.372,460.11,273.82,1478.93,309.854,6.34602e+06,203.141,203.027,42150
2014-09-07,241.737,523.721,311.689,1793.76,352.703,6.34558e+06,231.233,172.602,42150
2014-09-14,275.153,596.103,354.784,2152.13,401.465,6.34507e+06,263.201,311.901,42150
2014-09-21,313.175,678.461,403.824,2560.04,456.952,6.34449e+06,299.578,248.981,42150
2014-09-28,356.437,772.161,459.623,3024.33,520.086,6.34384e+06,340.969,299.014,42150
2014-07-13,75.8703,165.35,102.388,107.678,111.068,6.348e+06,77.449,60.9343,42200
2014-07-20,87.0681,189.109,113.337,223.336,126.607,6.34784e+06,88.2842,77.7032,42200
2014-07-27,99.2492,214.982,128.262,353.174,144.763,6.34765e+06,100.945,120.9,42200
2014-08-03,112.858,244.31,145.709,500.486,164.759,6.34745e+06,114.889,127.059,42200
2014-08-10,128.273,277.65,165.602,667.887,187.293,6.34721e+06,130.601,127.703,42200
2014-08-17,145.781,315.542,188.21,858.142,212.863,6.34694e+06,148.432,175.988,42200
2014-08-24,165.676,358.599,213.899,1074.37,241.915,6.34664e+06,168.69,185.855,42200
2014-08-31,188.281,407.521,243.089,1320.1,274.926,6.34629e+06,191.709,242.99,42200
2014-09-07,213.965,463.105,276.255,1599.37,312.433,6.3459e+06,217.863,216.276,42200
2014-09-14,243.145,526.252,313.938,1916.74,355.048,6.34545e+06,247.579,230.02,42200
2014-09-21,276.296,597.989,356.75,2277.38,403.462,6.34494e+06,281.338,300.766,42200
2014-09-28,313.954,679.476,405.386,2687.21,458.461,6.34436e+06,319.69,376.243,42200
2014-07-13,89.3172,194.268,120.736,127.05,130.948,6.34792e+06,85.2015,93.4039,42250
2014-07-20,102.165,221.484,133.31,263.27,148.794,6.34773e+06,96.813,84.9776,42250
2014-07-27,116.097,251.017,150.415,415.758,169.593,6.34752e+06,110.346,116.551,42250
2014-08-03,131.613,284.392,170.355,588.245,192.427,6.34728e+06,125.203,94.2041,42250
2014-08-10,149.132,322.214,193.021,783.655,218.076,6.347e+06,141.892,128.121,42250
2014-08-17,168.97,365.068,218.703,1005.07,247.092,6.34669e+06,160.771,189.348,42250
2014-08-24,191.441,413.612,247.794,1255.93,279.957,6.34634e+06,182.154,192.5,42250
2014-08-31,216.895,468.599,280.747,1540.16,317.184,6.34594e+06,206.377,202.52,42250
2014-09-07,245.727,530.879,318.074,1862.19,359.352,6.34549e+06,233.813,281.999,42250
2014-09-14,278.381,601.414,360.353,2227.02,407.113,6.34498e+06,264.889,280.099,42250
2014-09-21,315.363,681.292,408.237,2640.34,461.205,6.3444e+06,300.084,391.508,42250
2014-09-28,357.242,771.743,462.465,3108.58,522.462,6.34375e+06,339.941,378.466,42250
2014-07-13,76.0498,164.958,103.037,108.515,111.724,6.348e+06,77.5832,61.8759,42300
2014-07-20,86.5979,187.253,113.375,224.575,126.397,6.34784e+06,87.7721,98.6082,42300
2014-07-27,97.9891,211.335,127.398,353.991,143.439,6.34766e+06,99.6063,104.157,42300
2014-08-03,110.62,238.433,143.683,499.771,162.066,6.34746e+06,112.541,80.5469,42300
2014-08-10,124.821,269.015,162.12,664.234,182.9,6.34723e+06,127.009,84.2426,42300
2014-08-17,140.834,303.522,182.923,849.802,206.37,6.34697e+06,143.307,143.206,42300
2014-08-24,158.898,342.449,206.39,1059.18,232.843,6.34668e+06,161.69,131.383,42300
2014-08-31,179.276,386.361,232.862,1295.41,262.706,6.34636e+06,182.427,200.183,42300
2014-09-07,202.261,435.891,262.723,1561.94,296.392,6.34599e+06,205.82,132.154,42300
2014-09-14,228.188,491.756,296.407,1862.65,334.389,6.34557e+06,232.206,184.354,42300
2014-09-21,257.429,554.762,334.399,2201.9,377.246,6.3451e+06,261.966,361.349,42300
2014-09-28,290.408,625.817,377.249,2584.64,425.582,6.34457e+06,295.531,129.48,42300
2014-07-13,102.579,221.479,139.513,147.132,151.212,6.34784e+06,98.5803,92.2166,42350
2014-07-20,115.928,249.589,152.625,303.846,169.826,6.34763e+06,110.715,130.121,42350
2014-07-27,130.243,279.715,170.328,477.462,191.319,6.34739e+06,124.727,90.2148,42350
2014-08-03,145.999,313.369,190.757,671.671,214.638,6.34713e+06,139.93,143.156,42350
2014-08-10,163.586,351.082,213.725,889.235,240.532,6.34683e+06,156.811,174.561,42350
2014-08-17,183.277,393.333,239.458,1133,269.493,6.3465e+06,175.692,257.645,42350
2014-08-24,205.332,440.66,268.281,1406.1,301.928,6.34613e+06,196.837,211.669,42350
2014-08-31,230.036,493.667,300.565,1712.07,338.257,6.34571e+06,220.521,245.175,42350
2014-09-07,257.703,553.032,336.724,2054.86,378.947,6.34525e+06,247.048,284.76,42350
2014-09-14,288.689,619.513,377.221,2438.88,424.517,6.34473e+06,276.757,189.285,42350
2014-09-21,323.387,693.956,422.573,2869.08,475.55,6.34414e+06,310.027,297.51,42350
2014-09-28,362.239,777.309,473.359,3350.99,532.695,6.34349e+06,347.282,438.476,42350
2014-07-13,91.0979,203.743,120.254,125.445,130.764,6.34791e+06,65.6975,35.1598,42400
2014-07-20,109.132,242.836,137.658,263.492,155.45,6.3477e+06,78.1005,57.1647,42400
2014-07-27,129.559,287.334,162.049,424.384,185.283,6.34745e+06,93.089,81.7818,42400
2014-08-03,153.356,339.879,191.617,614.36,219.545,6.34715e+06,110.303,148.603,42400
2014-08-10,181.428,402.051,226.685,839.072,259.779,6.3468e+06,130.517,152.851,42400
2014-08-17,214.62,475.595,268.166,1104.91,307.315,6.34639e+06,154.4,284.668,42400
2014-08-24,253.875,562.574,317.225,1419.38,363.531,6.3459e+06,182.644,82.3499,42400
2014-08-31,300.299,665.431,375.245,1791.37,430.016,6.34532e+06,216.046,170.596,42400
2014-09-07,355.196,787.054,443.859,2231.4,508.638,6.34463e+06,255.547,212.946,42400
2014-09-14,420.106,930.85,524.993,2751.87,601.604,6.34382e+06,302.255,337.326,42400
2014-09-21,496.845,1100.84,620.923,3367.46,711.52,6.34286e+06,357.478,273.93,42400
2014-09-28,587.556,1301.76,734.331,4095.51,841.458,6.34173e+06,422.761,499.083,42400
2014-07-13,92.128,200.195,124.633,131.187,135.163,6.3479e+06,85.0399,89.042,42450
2014-07-20,105.218,227.904,137.45,271.725,153.355,6.34771e+06,96.4859,102.838,42450
2014-07-27,119.394,257.926,154.87,428.838,174.533,6.34749e+06,109.81,134.265,42450
2014-08-03,135.157,291.802,175.15,606.304,197.747,6.34724e+06,124.416,167.391,42450
2014-08-10,152.93,330.138,198.172,807.068,223.786,6.34696e+06,140.799,101.501,42450
2014-08-17,173.025,373.511,224.218,1034.22,253.199,6.34665e+06,159.305,207.454,42450
2014-08-24,195.756,422.574,253.68,1291.23,286.466,6.34629e+06,180.235,158.418,42450
2014-08-31,221.467,478.068,287.006,1582,324.096,6.34588e+06,203.911,140.695,42450
2014-09-07,250.547,540.832,324.7,1910.96,366.658,6.34542e+06,230.69,210.525,42450
2014-09-14,283.436,611.813,367.334,2283.12,414.796,6.3449e+06,260.976,230.015,42450
2014-09-21,320.63,692.081,415.55,2704.14,469.237,6.34432e+06,295.229,166.276,42450
2014-09-28,362.689,782.842,470.076,3180.42,530.8,6.34365e+06,333.963,319.555,42450
2014-07-13,116.171,255.44,155.605,163.197,168.934,6.34776e+06,79.1559,63.4799,42500
2014-07-20,135.286,296.294,174.211,339.927,195.337,6.3475e+06,91.5272,79.8775,42500
2014-07-27,156.366,341.456,199.814,540.864,226.54,6.34721e+06,106.148,122.394,42500
2014-08-03,180.254,393.367,230.113,771.963,261.397,6.34687e+06,122.481,138.076,42500
2014-08-10,207.687,453.184,265.124,1038.18,301.232,6.34649e+06,141.146,122.195,42500
2014-08-17,239.274,522.095,305.457,1344.91,347.057,6.34604e+06,162.618,106.539,42500
2014-08-24,275.654,601.464,351.911,1698.29,399.833,6.34552e+06,187.346,172.82,42500
2014-08-31,317.553,692.87,405.415,2105.4,460.617,6.34493e+06,215.827,206.889,42500
2014-09-07,365.805,798.127,467.034,2574.4,530.619,6.34424e+06,248.628,251.128,42500
2014-09-14,421.366,919.321,537.993,3114.67,611.229,6.34346e+06,286.398,303.434,42500
2014-09-21,485.336,1058.85,619.699,3737.01,704.045,6.34255e+06,329.888,302.6,42500
2014-09-28,558.978,1219.46,713.768,4453.84,810.901,6.3415e+06,379.957,414.384,42500
2014-07-13,93.5245,204.973,125.618,131.88,136.337,6.34789e+06,89.4891,98.4446,42550
2014-07-20,108.326,236.524,140.05,274.266,156.817,6.34769e+06,102.932,119.971,42550
2014-07-27,124.567,271.21,159.84,435.396,180.92,6.34746e+06,118.752,86.7542,42550
2014-08-03,142.877,310.875,183.154,619.786,207.704,6.34719e+06,136.333,114.288,42550
2014-08-10,163.796,356.356,209.961,831.134,238.156,6.34689e+06,156.321,163.173,42550
2014-08-17,187.764,408.49,240.69,1073.42,273.012,6.34654e+06,179.2,128.241,42550
2014-08-24,215.231,468.24,275.908,1351.15,312.955,6.34614e+06,205.418,218.068,42550
2014-08-31,246.71,536.713,316.269,1669.53,358.732,6.34568e+06,235.465,296.582,42550
2014-09-07,282.783,615.175,362.523,2034.46,411.191,6.34516e+06,269.898,365.234,42550
2014-09-14,324.117,705.076,415.526,2452.76,471.304,6.34455e+06,309.355,318.499,42550
2014-09-21,371.476,808.075,476.258,2932.21,540.182,6.34386e+06,354.565,298.044,42550
2014-09-28,425.731,926.067,545.841,3481.73,619.094,6.34307e+06,406.362,396.504,42550
2014-07-13,106.251,232.91,142.688,149.792,154.866,6.34782e+06,93.3382,104.02,42600
2014-07-20,123.106,268.844,159.12,311.545,178.186,6.34759e+06,107.393,75.4113,42600
2014-07-27,141.606,308.361,181.658,494.643,205.636,6.34732e+06,123.938,141.761,42600
2014-08-03,162.468,353.564,208.217,704.236,236.151,6.34702e+06,142.328,179.175,42600
2014-08-10,186.311,405.408,238.763,944.542,270.853,6.34667e+06,163.243,135.24,42600
2014-08-17,213.634,464.853,273.788,1220.1,310.585,6.34628e+06,187.19,153.913,42600
2014-08-24,244.957,532.998,313.939,1536.08,356.128,6.34582e+06,214.639,258.716,42600
2014-08-31,280.862,611.111,359.966,1898.39,408.335,6.3453e+06,246.104,361.587,42600
2014-09-07,322.018,700.641,412.726,2313.81,468.179,6.3447e+06,282.172,429.053,42600
2014-09-14,369.187,803.247,473.199,2790.1,536.77,6.34401e+06,323.512,300.524,42600
2014-09-21,423.243,920.826,542.508,3336.17,615.38,6.34323e+06,370.89,475.713,42600
2014-09-28,485.184,1055.55,621.933,3962.21,705.461,6.34233e+06,425.183,406.734,42600
2014-07-13,97.577,213.374,131.31,137.951,142.485,6.34787e+06,80.3182,52.5265,42650
2014-07-20,112.601,245.341,145.975,286.584,163.298,6.34766e+06,92.05,83.1161,42650
2014-07-27,129.029,280.348,166.038,454.242,187.721,6.34742e+06,105.817,107.265,42650
2014-08-03,147.482,320.24,189.599,645.444,214.763,6.34715e+06,121.061,128.422,42650
2014-08-10,168.492,365.822,216.598,863.843,245.398,6.34684e+06,138.33,124.261,42650
2014-08-17,192.479,417.892,247.441,1113.34,280.343,6.34648e+06,158.028,204.178,42650
2014-08-24,219.874,477.362,282.666,1398.36,320.247,6.34607e+06,180.522,158.004,42650
2014-08-31,251.16,545.276,322.896,1723.96,365.822,6.34561e+06,206.212,147.136,42650
2014-09-07,286.889,622.829,368.839,2095.88,417.868,6.34508e+06,235.55,181.595,42650
2014-09-14,327.686,711.38,421.303,2520.72,477.301,6.34447e+06,269.052,316.261,42650
2014-09-21,374.267,812.481,481.211,3005.97,545.163,6.34378e+06,307.306,311.109,42650
2014-09-28,427.447,927.897,549.61,3560.22,622.643,6.34298e+06,350.981,278.216,42650
2014-07-13,95.3157,206.471,129.284,136.212,140.167,6.34788e+06,108.577,169.413,42700
2014-07-20,108.298,233.88,142.015,281.719,158.238,6.34768e+06,122.576,150.967,42700
2014-07-27,122.288,263.418,159.261,443.663,179.191,6.34746e+06,138.806,118.849,42700
2014-08-03,137.768,296.585,179.253,625.715,202.043,6.34721e+06,156.508,110.071,42700
2014-08-10,155.135,333.937,201.839,830.677,227.548,6.34693e+06,176.266,165.71,42700
2014-08-17,174.677,375.995,227.27,1061.47,256.22,6.34661e+06,198.476,265.401,42700
2014-08-24,196.675,423.341,255.898,1321.33,288.491,6.34625e+06,223.474,174.537,42700
2014-08-31,221.438,476.636,288.124,1613.92,324.819,6.34585e+06,251.615,190.822,42700
2014-09-07,249.312,536.622,324.4,1943.36,365.711,6.3454e+06,283.291,310.725,42700
2014-09-14,280.684,604.136,365.232,2314.26,411.738,6.34489e+06,318.945,232.703,42700
2014-09-21,315.992,680.115,411.188,2731.85,463.541,6.34431e+06,359.073,516.995,42700
2014-09-28,355.727,765.615,462.909,3201.97,521.84,6.34366e+06,404.233,425.158,42700
2014-07-13,98.3774,216.693,131.575,137.92,142.869,6.34787e+06,79.0609,90.2953,42750
2014-07-20,114.897,252.052,147.642,287.52,165.666,6.34765e+06,91.6765,87.238,42750
2014-07-27,133.165,291.259,169.79,458.042,192.67,6.3474e+06,106.62,113.707,42750
2014-08-03,153.926,336.449,196.067,654.688,222.923,6.34711e+06,123.361,118.179,42750
2014-08-10,177.835,388.666,226.511,881.836,257.592,6.34678e+06,142.546,173.266,42750
2014-08-17,205.439,448.987,261.68,1144.25,297.586,6.34639e+06,164.678,187.906,42750
2014-08-24,237.321,518.655,302.298,1447.41,343.774,6.34594e+06,190.238,186.596,42750
2014-08-31,274.141,599.111,349.209,1797.61,397.117,6.34543e+06,219.756,256.7,42750
2014-09-07,316.661,692.018,403.385,2202.16,458.72,6.34484e+06,253.847,240.252,42750
2014-09-14,365.759,799.292,465.947,2669.45,529.857,6.34415e+06,293.212,262.147,42750
2014-09-21,422.448,923.142,538.186,3209.21,611.994,6.34336e+06,338.666,284.472,42750
2014-09-28,487.892,1066.11,621.591,3832.63,706.824,6.34244e+06,391.143,363.37,42750
2014-07-13,106.022,232.276,142.449,149.567,154.598,6.34782e+06,77.5157,97.1537,42800
2014-07-20,122.726,267.871,158.738,310.993,177.715,6.34759e+06,89.1065,94.1677,42800
2014-07-27,141.044,306.977,181.067,493.572,204.908,6.34733e+06,102.741,92.7158,42800
2014-08-03,161.681,351.671,207.358,702.388,235.107,6.34703e+06,117.883,64.0875,42800
2014-08-10,185.247,402.885,237.57,941.596,269.42,6.34668e+06,135.087,183.431,42800
2014-08-17,212.229,461.556,272.182,1215.66,308.673,6.34629e+06,154.769,176.215,42800
2014-08-24,243.133,528.757,311.826,1529.64,353.627,6.34584e+06,177.308,217.928,42800
2014-08-31,278.528,605.719,357.231,1889.35,405.114,6.34532e+06,203.124,209.488,42800
2014-09-07,319.063,693.854,409.233,2301.43,464.081,6.34473e+06,232.69,229.38,42800
2014-09-14,365.48,794.773,468.786,2773.48,531.608,6.34405e+06,266.548,202.292,42800
2014-09-21,418.629,910.32,536.979,3314.22,608.93,6.34327e+06,305.318,264.914,42800
2014-09-28,479.477,1042.6,615.059,3933.6,697.461,6.34238e+06,349.707,342.629,42800
2014-07-13,131.02,283.3,177.978,187.617,192.929,6.34767e+06,97.6172,103.813,42850
2014-07-20,148.425,319.994,195.062,387.712,217.179,6.3474e+06,109.888,104.91,42850
2014-07-27,167.13,359.414,218.162,609.846,245.233,6.3471e+06,124.082,102.484,42850
2014-08-03,187.765,403.549,244.871,858.877,275.74,6.34675e+06,139.518,146.437,42850
2014-08-10,210.849,453.114,274.963,1138.47,309.69,6.34637e+06,156.696,139.992,42850
2014-08-17,236.75,508.763,308.751,1452.43,347.745,6.34594e+06,175.951,156.251,42850
2014-08-24,265.824,571.23,346.677,1804.96,390.456,6.34546e+06,197.561,203.199,42850
2014-08-31,298.458,641.342,389.249,2200.79,438.398,6.34492e+06,221.819,241.364,42850
2014-09-07,335.085,720.029,437.031,2645.21,492.208,6.34431e+06,249.045,208.94,42850
2014-09-14,376.189,808.33,490.659,3144.18,552.598,6.34363e+06,279.601,317.464,42850
2014-09-21,422.314,907.411,550.842,3704.37,620.369,6.34287e+06,313.892,379.325,42850
2014-09-28,474.066,1018.57,618.374,4333.25,696.413,6.34201e+06,352.368,431.351,42850
2014-07-13,122.07,264.152,165.716,174.65,179.649,6.34772e+06,90.3531,82.9434,42900
2014-07-20,138.461,298.728,181.798,361.045,202.476,6.34747e+06,101.834,103.164,42900
2014-07-27,156.096,335.923,203.56,568.193,228.91,6.34719e+06,115.129,157.201,42900
2014-08-03,175.575,377.616,228.749,800.694,257.69,6.34687e+06,129.604,133.909,42900
2014-08-10,197.393,424.495,257.162,1062.04,289.758,6.34651e+06,145.732,161.779,42900
2014-08-17,221.902,477.191,289.101,1355.85,325.747,6.34611e+06,163.832,185.741,42900
2014-08-24,249.446,536.414,324.997,1686.14,366.187,6.34565e+06,184.172,145.499,42900
2014-08-31,280.401,602.966,365.336,2057.43,411.635,6.34514e+06,207.029,260.266,42900
2014-09-07,315.184,677.747,410.669,2474.81,462.707,6.34457e+06,232.716,172.526,42900
2014-09-14,354.267,761.767,461.608,2943.96,520.094,6.34393e+06,261.578,268.169,42900
2014-09-21,398.177,856.159,518.843,3471.3,584.572,6.34321e+06,294.007,290.284,42900
2014-09-28,447.505,962.192,583.146,4064.01,657.01,6.34239e+06,330.439,344.578,42900
2014-07-13,116.879,250.722,159.816,168.868,173.118,6.34775e+06,104.58,101.585,42950
2014-07-20,130.697,279.665,173.431,347.7,192.447,6.34752e+06,116.257,125.185,42950
2014-07-27,145.368,310.343,191.691,544.027,214.586,6.34726e+06,129.631,119.987,42950
2014-08-03,161.35,344.268,212.577,761.501,238.36,6.34697e+06,143.992,156.099,42950
2014-08-10,179.01,381.91,235.832,1002.74,264.489,6.34665e+06,159.777,155.084,42950
2014-08-17,198.586,423.667,261.63,1270.36,293.423,6.3463e+06,177.256,152.555,42950
2014-08-24,220.297,469.978,290.241,1567.26,325.507,6.3459e+06,196.638,245.367,42950
2014-08-31,244.375,521.336,321.972,1896.61,361.089,6.34547e+06,218.133,273.908,42950
2014-09-07,271.076,578.287,357.161,2261.97,400.549,6.34498e+06,241.97,228.436,42950
2014-09-14,300.684,641.434,396.182,2667.26,444.306,6.34444e+06,268.404,280.795,42950
2014-09-21,333.512,711.447,439.451,3116.81,492.824,6.34385e+06,297.714,341.657,42950
2014-09-28,369.908,789.065,487.426,3615.46,546.618,6.34319e+06,330.21,417.707,42950
2014-07-13,98.5399,214.942,132.885,139.712,144.161,6.34786e+06,81.0102,94.4418,43000
2014-07-20,113.245,246.165,147.256,289.898,164.558,6.34765e+06,92.472,115.715,43000
2014-07-27,129.263,280.214,166.865,458.705,188.417,6.34741e+06,105.879,117.418,43000
2014-08-03,147.182,318.862,189.815,650.485,214.729,6.34714e+06,120.665,150.27,43000
2014-08-10,167.505,362.852,216.014,868.704,244.419,6.34683e+06,137.349,144.87,43000
2014-08-17,190.618,412.912,245.828,1117.04,278.154,6.34648e+06,156.307,150.097,43000
2014-08-24,216.914,469.866,279.748,1399.65,316.53,6.34608e+06,177.872,199.009,43000
2014-08-31,246.831,534.659,318.339,1721.25,360.191,6.34563e+06,202.407,176.206,43000
2014-09-07,280.864,608.365,362.242,2087.21,409.861,6.34511e+06,230.319,207.898,43000
2014-09-14,319.577,692.201,412.184,2503.63,466.363,6.34452e+06,262.07,257.771,43000
2014-09-21,363.609,787.553,468.993,2977.46,530.632,6.34385e+06,298.185,293.71,43000
2014-09-28,413.687,895.989,533.607,3516.57,603.729,6.34309e+06,339.261,329.167,43000
2014-07-13,98.4729,213.484,133.476,140.594,144.722,6.34786e+06,90.9305,56.7299,43050
2014-07-20,112.035,242.136,146.77,290.892,163.592,6.34766e+06,102.787,86.7681,43050
2014-07-27,126.668,273.056,164.794,458.362,185.494,6.34743e+06,116.548,130.31,43050
2014-08-03,142.88,307.818,185.711,646.857,209.412,6.34717e+06,131.576,13.2572,43050
2014-08-10,161.091,347.017,209.371,859.339,236.142,6.34687e+06,148.371,148.146,43050
2014-08-17,181.609,391.207,236.045,1098.89,266.227,6.34654e+06,167.273,131.057,43050
2014-08-24,204.735,441.016,266.108,1368.96,300.131,6.34617e+06,188.576,181.242,43050
2014-08-31,230.798,497.151,299.992,1673.42,338.344,6.34575e+06,212.585,250.99,43050
2014-09-07,260.172,560.412,338.181,2016.64,381.411,6.34527e+06,239.645,303.337,43050
2014-09-14,293.274,631.7,381.219,2403.55,429.946,6.34474e+06,270.14,328.15,43050
2014-09-21,330.574,712.024,429.718,2839.69,484.638,6.34414e+06,304.504,246.265,43050
2014-09-28,372.601,802.523,484.368,3331.3,546.264,6.34346e+06,343.224,395.305,43050
2014-07-13,91.0724,198.325,122.985,129.369,133.401,6.34791e+06,84.4929,92.1421,43100
2014-07-20,104.379,226.541,136,268.227,151.873,6.34771e+06,96.1929,85.9168,43100
2014-07-27,118.836,257.224,153.728,423.934,173.436,6.3475e+06,109.85,76.4764,43100
2014-08-03,134.968,291.962,174.429,600.387,197.153,6.34725e+06,124.872,132.689,43100
2014-08-10,153.216,331.402,198.003,800.659,223.846,6.34697e+06,141.779,124.435,43100
2014-08-17,173.918,376.171,224.762,1028,254.099,6.34665e+06,160.94,168.494,43100
2014-08-24,197.412,426.98,255.13,1286.06,288.427,6.34628e+06,182.683,200.662,43100
2014-08-31,224.073,484.636,289.593,1578.98,327.384,6.34587e+06,207.357,172.133,43100
2014-09-07,254.326,550.06,328.701,1911.46,371.593,6.34541e+06,235.358,268.522,43100
2014-09-14,288.655,624.292,373.079,2288.84,421.757,6.34488e+06,267.131,274.364,43100
2014-09-21,327.603,708.511,423.433,2717.16,478.675,6.34427e+06,303.181,388.925,43100
2014-09-28,371.791,804.051,480.564,3203.28,543.251,6.34359e+06,344.082,368.491,43100
2014-07-13,106.143,228.926,144.49,152.43,156.591,6.34782e+06,92.5624,111.106,43150
2014-07-20,119.744,257.541,157.856,314.629,175.566,6.3476e+06,103.778,134.308,43150
2014-07-27,134.305,288.152,175.882,494.05,197.447,6.34736e+06,116.712,135.115,43150
2014-08-03,150.303,322.289,196.654,694.424,221.145,6.34709e+06,130.721,161.637,43150
2014-08-10,168.131,360.48,219.968,918.524,247.415,6.34678e+06,146.249,205.911,43150
2014-08-17,188.059,403.197,246.047,1169.19,276.748,6.34644e+06,163.588,155.765,43150
2014-08-24,210.342,450.965,275.208,1449.58,309.545,6.34606e+06,182.975,184.056,43150
2014-08-31,235.26,504.378,307.817,1763.19,346.218,6.34564e+06,204.653,204.409,43150
2014-09-07,263.12,564.098,344.279,2113.95,387.226,6.34516e+06,228.893,149.678,43150
2014-09-14,294.27,630.866,385.048,2506.26,433.076,6.34463e+06,255.995,299.129,43150
2014-09-21,329.095,705.506,430.63,2945.01,484.336,6.34404e+06,286.296,246.174,43150
2014-09-28,368.024,788.94,481.587,3435.7,541.642,6.34338e+06,320.169,326.53,43150
2014-07-13,132.181,288.288,178.269,187.435,193.395,6.34766e+06,86.9075,117.576,43200
2014-07-20,151.876,330.101,197.519,388.9,220.715,6.34738e+06,99.1845,100.165,43200
2014-07-27,173.324,375.686,223.78,615.305,252.666,6.34706e+06,113.543,94.2989,43200
2014-08-03,197.312,427.414,254.507,872.471,287.893,6.3467e+06,129.373,107.602,43200
2014-08-10,224.511,486.278,289.578,1165.03,327.633,6.34628e+06,147.232,122.275,43200
2014-08-17,255.435,553.244,329.477,1497.91,372.775,6.34581e+06,167.517,169.958,43200
2014-08-24,290.608,629.411,374.858,1876.64,424.114,6.34528e+06,190.588,144.746,43200
2014-08-31,330.611,716.033,426.472,2307.53,482.504,6.34467e+06,216.827,216.009,43200
2014-09-07,376.103,814.536,485.173,2797.74,548.909,6.34398e+06,246.668,250.123,43200
2014-09-14,427.833,926.536,551.927,3355.41,624.423,6.34319e+06,280.602,283.398,43200
2014-09-21,486.647,1053.87,627.831,3989.79,710.284,6.34229e+06,319.187,288.294,43200
2014-09-28,553.51,1198.61,714.13,4711.39,807.901,6.34127e+06,363.054,339.743,43200
2014-07-13,98.6093,215.53,132.751,139.486,144.043,6.34786e+06,80.2941,88.4462,43250
2014-07-20,113.705,247.636,147.489,289.707,164.959,6.34765e+06,91.9532,89.6905,43250
2014-07-27,130.199,282.767,167.642,459.044,189.489,6.34741e+06,105.627,123.069,43250
2014-08-03,148.712,322.772,191.293,652.022,216.629,6.34714e+06,120.756,117.445,43250
2014-08-10,169.774,368.448,218.376,872.291,247.353,6.34682e+06,137.882,133.366,43250
2014-08-17,193.804,420.588,249.292,1123.75,282.371,6.34646e+06,157.402,142.359,43250
2014-08-24,221.228,480.096,284.576,1410.8,322.333,6.34605e+06,179.678,201.666,43250
2014-08-31,252.525,548.004,324.843,1738.47,367.938,6.34559e+06,205.1,234.999,43250
2014-09-07,288.239,625.493,370.796,2112.5,419.983,6.34505e+06,234.111,203.677,43250
2014-09-14,328.991,713.909,423.234,2539.43,479.371,6.34444e+06,267.216,258.737,43250
2014-09-21,375.487,814.781,483.067,3026.73,547.133,6.34375e+06,304.988,379.656,43250
2014-09-28,428.531,929.852,551.332,3582.91,624.442,6.34296e+06,348.083,374.187,43250
2014-07-13,90.9428,198.315,122.668,128.982,133.074,6.34791e+06,90.2279,78.9311,43300
2014-07-20,104.467,227.024,135.887,267.598,151.835,6.34772e+06,102.948,152.068,43300
2014-07-27,119.191,258.316,153.918,423.339,173.772,6.3475e+06,117.822,114.632,43300
2014-08-03,135.657,293.819,175.013,600.2,197.955,6.34725e+06,134.219,96.6421,43300
2014-08-10,154.323,334.214,199.085,801.358,225.231,6.34696e+06,152.712,133.198,43300
2014-08-17,175.544,380.163,226.467,1030.19,256.209,6.34664e+06,173.717,200.099,43300
2014-08-24,199.677,432.42,257.607,1290.48,291.436,6.34627e+06,197.601,166.784,43300
2014-08-31,227.122,491.846,293.021,1586.56,331.497,6.34585e+06,224.764,308.204,43300
2014-09-07,258.331,559.42,333.294,1923.35,377.055,6.34538e+06,255.653,273.373,43300
2014-09-14,293.817,636.252,379.089,2306.41,428.858,6.34483e+06,290.777,267.561,43300
2014-09-21,334.165,723.605,431.16,2742.1,487.76,6.34422e+06,330.714,219.303,43300
2014-09-28,380.035,822.909,490.364,3237.62,554.727,6.34352e+06,376.119,515.888,43300
2014-07-13,99.2908,217.825,133.252,139.852,144.636,6.34786e+06,76.7076,50.856,43350
2014-07-20,115.192,251.748,148.748,290.982,166.626,6.34764e+06,88.3703,62.8391,43350
2014-07-27,132.667,289.104,170.021,462.25,192.54,6.3474e+06,102.113,167.202,43350
2014-08-03,152.398,331.889,195.115,658.537,221.382,6.34711e+06,117.41,94.9686,43350
2014-08-10,174.977,381.02,224.013,883.863,254.223,6.34679e+06,134.828,93.9738,43350
2014-08-17,200.883,437.423,257.188,1142.56,291.873,6.34641e+06,154.795,125.985,43350
2014-08-24,230.619,502.163,295.265,1439.56,335.081,6.34598e+06,177.711,203.113,43350
2014-08-31,264.747,576.464,338.969,1780.53,384.675,6.34549e+06,204.013,113.522,43350
2014-09-07,303.914,661.732,389.129,2171.97,441.593,6.34492e+06,234.199,151.348,43350
2014-09-14,348.86,759.575,446.694,2621.32,506.912,6.34427e+06,268.841,369.172,43350
2014-09-21,400.434,871.839,512.751,3137.12,581.866,6.34353e+06,308.593,371.894,43350
2014-09-28,459.605,1000.63,588.546,3729.2,667.866,6.34267e+06,354.203,293.241,43350
2014-07-13,97.862,212.083,132.688,139.779,143.863,6.34787e+06,84.2126,91.4686,43400
2014-07-20,111.274,240.41,145.837,289.157,162.528,6.34766e+06,95.1384,86.959,43400
2014-07-27,125.738,270.961,163.659,455.517,184.182,6.34743e+06,107.814,99.9312,43400
2014-08-03,141.752,305.289,184.33,642.661,207.815,6.34718e+06,121.648,112.926,43400
2014-08-10,159.732,343.976,207.7,853.504,234.212,6.34689e+06,137.1,143.279,43400
2014-08-17,179.978,387.566,234.032,1091.08,263.906,6.34656e+06,154.482,122.897,43400
2014-08-24,202.784,436.671,263.694,1358.77,297.352,6.34619e+06,174.06,133.503,43400
2014-08-31,228.474,491.983,297.108,1660.38,335.027,6.34577e+06,196.114,262.428,43400
2014-09-07,257.411,554.283,334.745,2000.21,377.464,6.3453e+06,220.956,194.39,43400
2014-09-14,290.002,624.448,377.139,2383.08,425.264,6.34478e+06,248.936,250.666,43400
2014-09-21,326.707,703.465,424.886,2814.43,479.098,6.34418e+06,280.448,293.213,43400
2014-09-28,368.041,792.443,478.659,3300.38,539.724,6.34351e+06,315.937,297.121,43400
2014-07-13,88.3569,190.783,120.165,126.726,130.242,6.34792e+06,89.5528,122.517,43450
2014-07-20,99.8652,215.018,131.468,261.71,146.288,6.34774e+06,100.585,74.6744,43450
2014-07-27,112.207,240.993,146.73,411.266,164.817,6.34754e+06,113.326,129.045,43450
2014-08-03,125.792,270.013,164.343,578.576,184.924,6.34731e+06,127.151,138.066,43450
2014-08-10,140.959,302.538,184.148,766.023,207.252,6.34706e+06,142.503,188.432,43450
2014-08-17,157.942,338.981,206.34,976.06,232.228,6.34677e+06,159.677,181.143,43450
2014-08-24,176.966,379.808,231.199,1211.4,260.204,6.34645e+06,178.912,165.423,43450
2014-08-31,198.278,425.541,259.047,1475.1,291.543,6.34609e+06,200.461,224.137,43450
2014-09-07,222.15,476.767,290.242,1770.55,326.649,6.34569e+06,224.599,228.563,43450
2014-09-14,248.889,534.143,325.185,2101.58,365.971,6.34524e+06,251.636,219.382,43450
2014-09-21,278.837,598.401,364.323,2472.46,410.014,6.34474e+06,281.92,246.668,43450
2014-09-28,312.377,670.364,408.158,2887.96,459.341,6.34417e+06,315.836,264.243,43450
2014-07-13,170.648,367.347,232.666,245.59,252.109,6.34743e+06,97.5731,88.4276,43500
2014-07-20,191.914,412.016,253.585,506.477,281.807,6.34709e+06,109.067,154.836,43500
2014-07-27,214.612,459.64,281.74,794.29,315.968,6.3467e+06,122.288,177.483,43500
2014-08-03,239.473,512.587,314.094,1114.79,352.851,6.34627e+06,136.563,86.1194,43500
2014-08-10,267.09,571.639,350.304,1472.19,393.608,6.34579e+06,152.337,144.261,43500
2014-08-17,297.865,637.486,390.682,1870.78,438.977,6.34525e+06,169.896,178.588,43500
2014-08-24,332.172,710.89,435.694,2315.32,489.545,6.34466e+06,189.468,200.22,43500
2014-08-31,370.413,792.71,485.872,2811.06,545.917,6.34399e+06,211.285,221.177,43500
2014-09-07,413.037,883.9,541.804,3363.87,608.751,6.34325e+06,235.603,214.632,43500
2014-09-14,460.54,985.523,604.144,3980.32,678.782,6.34242e+06,262.707,240.686,43500
2014-09-21,513.475,1098.76,673.618,4667.67,756.825,6.3415e+06,292.912,253.686,43500
2014-09-28,572.455,1224.91,751.035,5434.04,843.786,6.34047e+06,326.568,313.627,43500
2014-07-13,151.254,325.863,206.085,217.48,223.323,6.34755e+06,99.7816,104.484,43550
2014-07-20,170.329,365.958,224.842,448.674,249.95,6.34724e+06,111.679,123.484,43550
2014-07-27,190.715,408.766,250.108,704.02,280.612,6.3469e+06,125.378,148.356,43550
2014-08-03,213.073,456.42,279.176,988.712,313.761,6.34651e+06,140.189,159.947,43550
2014-08-10,237.943,509.639,311.748,1306.58,350.439,6.34608e+06,156.577,156.834,43550
2014-08-17,265.692,569.057,348.116,1661.53,391.32,6.34561e+06,174.843,170.328,43550
2014-08-24,296.665,635.381,388.71,2057.88,436.947,6.34507e+06,195.23,173.604,43550
2014-08-31,331.236,709.406,434.022,2500.45,487.875,6.34447e+06,217.984,248.826,43550
2014-09-07,369.819,792.017,484.596,2994.59,544.716,6.34381e+06,243.381,222.231,43550
2014-09-14,412.876,884.202,541.038,3546.3,608.151,6.34307e+06,271.724,271.85,43550
2014-09-21,460.921,987.059,604.024,4162.25,678.938,6.34224e+06,303.352,348.563,43550
2014-09-28,514.525,1101.81,674.304,4849.89,757.92,6.34131e+06,338.642,394.131,43550
2014-07-13,99.6559,217.51,134.32,141.195,145.726,6.34786e+06,88.8051,34.5121,43600
2014-07-20,114.644,249.351,148.964,293.06,166.509,6.34764e+06,101.47,102.864,43600
2014-07-27,130.985,284.109,168.957,463.905,190.838,6.3474e+06,116.296,136.75,43600
2014-08-03,149.285,323.599,192.376,658.182,217.696,6.34713e+06,132.663,98.9008,43600
2014-08-10,170.059,368.592,219.136,879.453,248.031,6.34681e+06,151.149,139.033,43600
2014-08-17,193.708,419.84,249.617,1131.5,282.531,6.34646e+06,172.173,198.453,43600
2014-08-24,220.639,478.201,284.329,1418.61,321.816,6.34605e+06,196.113,221.106,43600
2014-08-31,251.306,544.658,323.857,1745.63,366.552,6.34558e+06,223.375,252.892,43600
2014-09-07,286.226,620.326,368.868,2118.11,417.493,6.34506e+06,254.418,265.821,43600
2014-09-14,325.985,706.476,420.121,2542.36,475.496,6.34446e+06,289.765,298.101,43600
2014-09-21,371.25,804.551,478.474,3025.54,541.533,6.34377e+06,330.008,224.814,43600
2014-09-28,422.778,916.189,544.907,3575.82,616.712,6.34299e+06,375.822,388.394,43600
2014-07-13,104.514,227.65,141.108,148.421,153.062,6.34783e+06,86.5857,69.0103,43650
2014-07-20,119.831,260.137,156.088,307.765,174.324,6.34761e+06,98.6132,84.0631,43650
2014-07-27,136.479,295.476,176.498,486.504,199.15,6.34736e+06,112.657,100.209,43650
2014-08-03,155.062,335.501,200.338,689.13,226.465,6.34707e+06,128.109,127.663,43650
2014-08-10,176.09,380.958,227.495,919.192,257.22,6.34675e+06,145.507,155.358,43650
2014-08-17,199.954,432.575,258.333,1180.44,292.086,6.34638e+06,165.23,117.25,43650
2014-08-24,227.044,491.173,293.34,1477.1,331.664,6.34596e+06,187.619,183.737,43650
2014-08-31,257.796,557.69,333.081,1813.95,376.593,6.34549e+06,213.035,137.995,43650
2014-09-07,292.704,633.191,378.193,2196.43,427.593,6.34495e+06,241.885,170.425,43650
2014-09-14,332.324,718.881,429.4,2630.71,485.482,6.34434e+06,274.633,331.248,43650
2014-09-21,377.29,816.127,487.519,3123.77,551.185,6.34365e+06,311.8,307.135,43650
2014-09-28,428.317,926.475,553.478,3683.56,625.747,6.34286e+06,353.979,431.19,43650
2014-07-13,101.261,217.746,138.184,145.907,149.717,6.34785e+06,89.3473,90.1942,43700
2014-07-20,113.681,243.814,150.408,300.754,167.071,6.34764e+06,99.7034,92.6691,43700
2014-07-27,126.918,271.559,166.843,471.326,187.008,6.34741e+06,111.601,116.055,43700
2014-08-03,141.393,302.358,185.703,660.965,208.499,6.34716e+06,124.427,151.971,43700
2014-08-10,157.449,336.659,206.781,872.099,232.211,6.34688e+06,138.577,129.425,43700
2014-08-17,175.314,374.851,230.25,1107.2,258.567,6.34656e+06,154.306,163.932,43700
2014-08-24,195.201,417.367,256.375,1368.97,287.902,6.34621e+06,171.812,200.02,43700
2014-08-31,217.339,464.694,285.456,1660.45,320.557,6.34582e+06,191.3,279.342,43700
2014-09-07,241.981,517.37,317.829,1984.98,356.907,6.34539e+06,212.992,177.398,43700
2014-09-14,269.407,575.999,353.861,2346.32,397.366,6.3449e+06,237.137,212.741,43700
2014-09-21,299.932,641.246,393.966,2748.61,442.396,6.34437e+06,264.01,186.82,43700
2014-09-28,333.902,713.855,438.601,3196.49,492.511,6.34377e+06,293.917,309.257,43700
2014-07-13,84.8346,186.332,113.737,119.327,123.467,6.34795e+06,76.8088,51.3573,43750
2014-07-20,98.6144,215.758,127.157,248.418,142.511,6.34776e+06,88.6564,93.2917,43750
2014-07-27,113.786,248.228,145.604,394.959,164.988,6.34755e+06,102.639,108.894,43750
2014-08-03,130.949,285.487,167.401,563.215,190.053,6.3473e+06,118.232,103.8,43750
2014-08-10,150.626,328.353,192.547,756.717,218.649,6.34702e+06,136.021,95.7804,43750
2014-08-17,173.247,377.655,221.469,979.286,251.492,6.3467e+06,156.453,160.38,43750
2014-08-24,199.259,434.352,254.728,1235.28,289.256,6.34633e+06,179.946,198.651,43750
2014-08-31,229.17,499.544,292.972,1529.72,332.681,6.3459e+06,206.961,163.035,43750
2014-09-07,263.562,574.501,336.949,1868.36,382.614,6.34541e+06,238.024,253.237,43750
2014-09-14,303.105,660.678,387.513,2257.82,440.026,6.34484e+06,273.741,305.225,43750
2014-09-21,348.565,759.746,445.648,2705.72,506.033,6.34419e+06,314.803,295.882,43750
2014-09-28,400.822,873.621,512.481,3220.8,581.913,6.34344e+06,362.008,401.438,43750
2014-07-13,114.024,247.586,154.354,162.509,167.383,6.34777e+06,90.5432,97.2224,43800
2014-07-20,130.061,281.509,170.062,336.48,189.679,6.34753e+06,102.604,99.4636,43800
2014-07-27,147.407,318.215,191.394,530.756,215.608,6.34726e+06,116.63,83.1608,43800
2014-08-03,166.67,359.582,216.201,749.943,243.995,6.34696e+06,131.985,137.589,43800
2014-08-10,188.361,406.337,244.328,997.612,275.795,6.34661e+06,149.187,166.608,43800
2014-08-17,212.858,459.17,276.111,1277.5,311.672,6.34622e+06,168.594,240.437,43800
2014-08-24,240.532,518.86,312.018,1593.79,352.199,6.34578e+06,190.517,152.16,43800
2014-08-31,271.796,586.288,352.583,1951.21,397.983,6.34529e+06,215.283,271.855,43800
2014-09-07,307.112,662.451,398.408,2355.09,449.704,6.34473e+06,243.26,216.938,43800
2014-09-14,347.001,748.475,450.172,2811.45,508.125,6.34409e+06,274.863,269.239,43800
2014-09-21,392.054,845.626,508.638,3327.09,574.11,6.34338e+06,310.556,350.88,43800
2014-09-28,442.931,955.332,574.67,3909.69,648.631,6.34257e+06,350.867,403.002,43800
2014-07-13,83.9995,184.273,112.733,118.319,122.364,6.34795e+06,82.3187,76.2493,43850
2014-07-20,97.4474,212.962,125.839,246.175,140.961,6.34777e+06,94.83,66.2459,43850
2014-07-27,112.225,244.552,143.828,391.061,162.876,6.34756e+06,109.573,122.853,43850
2014-08-03,128.911,280.733,165.05,557.105,187.266,6.34732e+06,125.981,110.922,43850
2014-08-10,148.004,322.28,189.487,747.708,215.039,6.34704e+06,144.665,147.041,43850
2014-08-17,169.912,369.977,217.542,966.53,246.877,6.34673e+06,166.083,138.985,43850
2014-08-24,195.057,424.723,249.742,1217.75,283.416,6.34636e+06,190.664,152.659,43850
2014-08-31,223.918,487.556,286.7,1506.14,325.354,6.34595e+06,218.878,253.087,43850
2014-09-07,257.04,559.666,329.117,1837.21,373.487,6.34547e+06,251.259,323.814,43850
2014-09-14,295.051,642.414,377.798,2217.26,428.727,6.34492e+06,288.42,249.111,43850
2014-09-21,338.669,737.363,433.663,2653.51,492.116,6.34429e+06,331.065,258.06,43850
2014-09-28,388.716,846.301,497.767,3154.26,564.853,6.34356e+06,379.997,456.352,43850
2014-07-13,126.929,277.616,170.781,179.407,185.319,6.3477e+06,83.9992,93.7174,43900
2014-07-20,146.522,319.307,189.903,372.741,212.456,6.34742e+06,96.2998,76.5307,43900
2014-07-27,167.95,364.978,216.068,590.885,244.309,6.34711e+06,110.738,113.844,43900
2014-08-03,192.027,417.035,246.803,839.738,279.588,6.34675e+06,126.728,139.559,43900
2014-08-10,219.446,476.531,282.031,1124.07,319.564,6.34635e+06,144.848,154.421,43900
2014-08-17,250.757,544.511,322.285,1448.99,365.174,6.34588e+06,165.522,225.971,43900
2014-08-24,286.526,622.167,368.268,1820.28,417.27,6.34535e+06,189.136,183.516,43900
2014-08-31,327.383,710.867,420.795,2244.53,476.781,6.34475e+06,216.11,224.464,43900
2014-09-07,374.05,812.173,480.795,2729.29,544.755,6.34405e+06,246.921,210.5,43900
2014-09-14,427.345,927.862,549.323,3283.15,622.39,6.34326e+06,282.11,288.198,43900
2014-09-21,488.204,1059.96,627.584,3915.94,711.048,6.34236e+06,322.296,388.743,43900
2014-09-28,557.692,1210.78,716.95,4638.85,812.282,6.34133e+06,368.182,342.711,43900
2014-07-13,82.8721,181.016,111.626,117.312,121.114,6.34796e+06,82.4402,85.4904,43950
2014-07-20,95.4564,207.767,123.916,243.579,138.556,6.34778e+06,94.3128,100.824,43950
2014-07-27,109.193,237.007,140.711,385.78,158.996,6.34758e+06,108.226,114.142,43950
2014-08-03,124.595,270.27,160.403,547.675,181.587,6.34735e+06,123.603,127.173,43950
2014-08-10,142.102,308.214,182.932,732.282,207.136,6.34708e+06,140.993,152.104,43950
2014-08-17,162.056,351.485,208.624,942.817,236.228,6.34679e+06,160.796,162.971,43950
2014-08-24,184.806,400.824,237.918,1182.92,269.395,6.34644e+06,183.372,181.472,43950
2014-08-31,210.746,457.076,271.318,1456.73,307.211,6.34605e+06,209.113,208.116,43950
2014-09-07,240.319,521.206,309.398,1768.97,350.326,6.34561e+06,238.46,249.214,43950
2014-09-14,274.032,594.312,352.812,2125.04,399.479,6.3451e+06,271.918,266.633,43950
2014-09-21,312.464,677.643,402.304,2531.06,455.512,6.34453e+06,310.058,312.731,43950
2014-09-28,356.269,772.622,458.721,2994.03,519.382,6.34387e+06,353.534,399.016,43950
2014-07-13,86.994,189.979,117.199,123.177,127.158,6.34793e+06,86.5384,112.146,44000
2014-07-20,100.169,217.981,130.068,255.73,145.421,6.34775e+06,98.9674,101.104,44000
2014-07-27,114.546,248.577,147.648,404.967,166.817,6.34753e+06,113.528,129.416,44000
2014-08-03,130.66,283.371,168.257,574.815,190.457,6.34729e+06,129.616,130.201,44000
2014-08-10,148.97,323.047,191.825,768.428,217.182,6.34702e+06,147.804,146.135,44000
2014-08-17,169.832,368.279,218.695,989.162,247.603,6.3467e+06,168.508,157.531,44000
2014-08-24,193.61,419.836,249.32,1240.81,282.274,6.34635e+06,192.103,196.688,44000
2014-08-31,220.712,478.597,284.227,1527.69,321.791,6.34594e+06,218.997,237.715,44000
2014-09-07,251.599,545.563,324.011,1854.74,366.83,6.34547e+06,249.648,226.978,44000
2014-09-14,286.799,621.876,369.352,2227.56,418.158,6.34494e+06,284.58,219.504,44000
2014-09-21,326.911,708.833,421.022,2652.54,476.651,6.34434e+06,324.388,297.771,44000
2014-09-28,372.615,807.908,479.902,3136.96,543.302,6.34365e+06,369.748,337.512,44000
2014-07-13,102.396,222.403,138.578,145.887,150.28,6.34784e+06,85.9848,98.9411,44050
2014-07-20,116.855,252.997,152.739,302.105,170.379,6.34763e+06,97.4849,120.266,44050
2014-07-27,132.501,286.118,171.975,476.632,193.763,6.34738e+06,110.864,132.906,44050
2014-08-03,149.886,323.462,194.355,673.626,219.375,6.34711e+06,125.519,152.422,44050
2014-08-10,169.473,365.692,219.741,896.322,248.082,6.3468e+06,141.944,138.929,44050
2014-08-17,191.602,413.434,248.442,1148.11,280.485,6.34645e+06,160.484,203.795,44050
2014-08-24,216.615,467.399,280.883,1432.77,317.105,6.34605e+06,181.437,189.106,44050
2014-08-31,244.886,528.391,317.55,1754.6,358.497,6.3456e+06,205.12,163.014,44050
2014-09-07,276.838,597.321,358.992,2118.44,405.279,6.3451e+06,231.887,254.896,44050
2014-09-14,312.947,675.214,405.829,2529.75,458.149,6.34453e+06,262.137,292.035,44050
2014-09-21,353.75,763.23,458.758,2994.72,517.895,6.34388e+06,296.322,270.234,44050
2014-09-28,399.853,862.673,518.567,3520.31,585.406,6.34315e+06,334.949,386.393,44050
2014-07-13,116.224,255.55,155.678,163.275,169.013,6.34776e+06,77.4366,58.4101,44100
2014-07-20,135.342,296.412,174.288,340.086,195.421,6.3475e+06,89.5363,103.461,44100
2014-07-27,156.426,341.582,199.897,541.109,226.631,6.34721e+06,103.836,89.3985,44100
2014-08-03,180.318,393.499,230.201,772.298,261.494,6.34687e+06,119.809,124.792,44100
2014-08-10,207.754,453.322,265.216,1038.62,301.334,6.34649e+06,138.062,110.705,44100
2014-08-17,239.343,522.238,305.554,1345.44,347.164,6.34604e+06,159.06,151.325,44100
2014-08-24,275.726,601.61,352.012,1698.93,399.943,6.34552e+06,183.242,208.949,44100
2014-08-31,317.626,693.016,405.518,2106.15,460.729,6.34493e+06,211.093,171.589,44100
2014-09-07,365.877,798.269,467.138,2575.26,530.731,6.34424e+06,243.166,220.652,44100
2014-09-14,421.436,919.456,538.096,3115.64,611.339,6.34346e+06,280.098,282.263,44100
2014-09-21,485.401,1058.97,619.798,3738.09,704.15,6.34255e+06,322.621,351.491,44100
2014-09-28,559.036,1219.56,713.86,4455.03,810.997,6.3415e+06,371.575,376.741,44100
2014-07-13,121.294,258.715,166.626,176.356,180.404,6.34773e+06,106.9,79.5133,44150
2014-07-20,134.384,286.008,179.56,362.19,198.768,6.34749e+06,117.781,152.44,44150
2014-07-27,148.164,314.661,196.806,564.597,219.653,6.34723e+06,130.157,143.921,44150
2014-08-03,163.039,346.067,216.381,786.901,241.879,6.34694e+06,143.328,101.368,44150
2014-08-10,179.333,380.615,237.994,1031.38,266.091,6.34662e+06,157.675,182.661,44150
2014-08-17,197.239,418.61,261.765,1300.28,292.669,6.34627e+06,173.424,268.784,44150
2014-08-24,216.928,460.389,287.901,1596.03,321.888,6.34589e+06,190.737,236.31,44150
2014-08-31,238.575,506.322,316.638,1921.31,354.014,6.34547e+06,209.774,298.265,44150
2014-09-07,262.374,556.819,348.234,2279.05,389.335,6.345e+06,230.704,206.457,44150
2014-09-14,288.538,612.332,382.97,2672.47,428.166,6.34449e+06,253.713,270.759,44150
2014-09-21,317.298,673.352,421.156,3105.14,470.853,6.34393e+06,279.008,270.109,44150
2014-09-28,348.912,740.421,463.133,3580.94,517.776,6.34332e+06,306.813,215.974,44150
2014-07-13,102.93,221.972,140.129,147.835,151.864,6.34784e+06,90.2607,68.7815,44200
2014-07-20,116.098,249.674,153.071,305.128,170.236,6.34763e+06,101.18,113.561,44200
2014-07-27,130.194,279.303,170.523,479.095,191.419,6.34739e+06,113.77,111.211,44200
2014-08-03,145.678,312.339,190.629,673.347,214.357,6.34713e+06,127.404,148.58,44200
2014-08-10,162.93,349.293,213.193,890.563,239.781,6.34683e+06,142.514,146.579,44200
2014-08-17,182.21,390.619,238.429,1133.49,268.164,6.34651e+06,159.384,153.309,44200
2014-08-24,203.767,436.825,266.643,1405.17,299.893,6.34614e+06,178.242,174.996,44200
2014-08-31,227.868,488.483,298.187,1708.99,335.368,6.34573e+06,199.327,218.909,44200
2014-09-07,254.812,546.231,333.454,2048.75,375.028,6.34527e+06,222.899,198.25,44200
2014-09-14,284.931,610.785,372.88,2428.69,419.365,6.34475e+06,249.251,354.879,44200
2014-09-21,318.599,682.939,416.953,2853.55,468.927,6.34418e+06,278.708,285.266,44200
2014-09-28,356.23,763.583,466.217,3328.61,524.325,6.34354e+06,311.634,270.437,44200
2014-07-13,75.404,163.48,102.203,107.651,110.814,6.348e+06,87.5096,126.359,44250
2014-07-20,85.7964,185.438,112.389,222.738,125.274,6.34784e+06,98.928,135.237,44250
2014-07-27,97.0112,209.136,126.202,350.984,142.058,6.34767e+06,112.183,136.984,44250
2014-08-03,109.437,235.783,142.232,495.343,160.39,6.34747e+06,126.659,118.329,44250
2014-08-10,123.398,265.834,160.368,658.086,180.879,6.34724e+06,142.839,139.415,44250
2014-08-17,139.128,299.717,180.816,841.58,203.943,6.34699e+06,161.053,165.259,44250
2014-08-24,156.861,337.914,203.866,1048.47,229.939,6.3467e+06,181.582,154.817,44250
2014-08-31,176.85,380.971,229.849,1281.73,259.243,6.34638e+06,204.723,176.208,44250
2014-09-07,199.382,429.502,259.138,1544.71,292.276,6.34602e+06,230.809,206.197,44250
2014-09-14,224.778,484.201,292.153,1841.21,329.509,6.34561e+06,260.212,281.567,44250
2014-09-21,253.401,545.848,329.364,2175.47,371.474,6.34515e+06,293.352,308.955,44250
2014-09-28,285.66,615.322,371.302,2552.3,418.77,6.34463e+06,330.701,386.954,44250
2014-07-13,115.462,253.096,155.061,162.783,168.296,6.34776e+06,77.8371,43.6797,44300
2014-07-20,133.774,292.133,172.914,338.561,193.63,6.34751e+06,89.5541,92.3186,44300
2014-07-27,153.871,335.06,197.398,537.527,223.451,6.34723e+06,103.346,103.571,44300
2014-08-03,176.532,384.16,226.249,765.274,256.598,6.3469e+06,118.677,130.056,44300
2014-08-10,202.43,440.47,259.429,1026.39,294.292,6.34652e+06,136.111,156.385,44300
2014-08-17,232.106,505.032,297.472,1325.79,337.447,6.34609e+06,156.07,151.095,44300
2014-08-24,266.124,579.038,341.081,1669.09,386.911,6.34559e+06,178.947,144.552,44300
2014-08-31,305.116,663.863,391.068,2062.71,443.609,6.34503e+06,205.17,162.575,44300
2014-09-07,349.806,761.077,448.363,2514.01,508.595,6.34438e+06,235.226,213.462,44300
2014-09-14,401.022,872.48,514.029,3031.42,583.073,6.34363e+06,269.673,302.735,44300
2014-09-21,459.71,1000.13,589.281,3624.59,668.423,6.34278e+06,309.147,269.102,44300
2014-09-28,526.952,1146.37,675.511,4304.58,766.219,6.3418e+06,354.378,203.102,44300
2014-07-13,106.421,228.048,145.642,153.938,157.749,6.34782e+06,96.8932,90.9342,44350
2014-07-20,118.799,253.954,157.844,316.808,175.073,6.3476e+06,107.534,207.65,44350
2014-07-27,131.921,281.365,174.192,495.351,194.891,6.34737e+06,119.707,187.875,44350
2014-08-03,146.192,311.628,192.866,692.813,216.136,6.34711e+06,132.756,80.5956,44350
2014-08-10,161.936,345.154,213.625,911.503,239.449,6.34682e+06,147.076,90.4493,44350
2014-08-17,179.361,382.288,236.619,1153.73,265.223,6.3465e+06,162.907,126.696,44350
2014-08-24,198.657,423.408,262.081,1422.03,293.759,6.34614e+06,180.434,204.988,44350
2014-08-31,220.022,468.937,290.274,1719.19,325.357,6.34575e+06,199.843,251.071,44350
2014-09-07,243.679,519.347,321.491,2048.32,360.344,6.34532e+06,221.332,199.114,44350
2014-09-14,269.87,575.157,356.056,2412.84,399.081,6.34484e+06,245.126,230.342,44350
2014-09-21,298.866,636.94,394.323,2816.54,441.968,6.3443e+06,271.468,171.843,44350
2014-09-28,330.964,705.33,436.688,3263.62,489.445,6.34371e+06,300.63,270.204,44350
2014-07-13,112.905,250.394,150.129,157.032,163.119,6.34778e+06,72.9863,79.0639,44400
2014-07-20,133.365,294.434,169.959,328.455,191.253,6.34752e+06,85.5745,108.423,44400
2014-07-27,156.232,343.838,197.496,525.792,224.874,6.34723e+06,100.618,101.625,44400
2014-08-03,182.507,401.398,230.48,755.766,262.958,6.34688e+06,117.659,149.897,44400
2014-08-10,213.092,468.612,269.093,1024.23,307.078,6.34647e+06,137.4,153.83,44400
2014-08-17,248.778,547.076,314.17,1337.67,358.517,6.346e+06,160.416,181.16,44400
2014-08-24,290.43,638.655,366.782,1703.61,418.55,6.34545e+06,187.277,217.107,44400
2014-08-31,339.04,745.53,428.188,2130.82,488.615,6.34481e+06,218.627,178.524,44400
2014-09-07,395.767,870.241,499.85,2629.54,570.382,6.34405e+06,255.213,328.658,44400
2014-09-14,461.957,1015.75,583.475,3211.71,665.796,6.34318e+06,297.905,348.078,44400
2014-09-21,539.181,1185.49,681.049,3891.26,777.121,6.34215e+06,347.717,342.999,44400
2014-09-28,629.262,1383.48,794.882,4684.42,906.992,6.34096e+06,405.826,320.314,44400
2014-07-13,100.048,221.843,133.052,139.178,144.562,6.34786e+06,71.1451,75.1757,44450
2014-07-20,118.145,260.792,150.593,291.085,169.449,6.34763e+06,83.3931,62.1648,44450
2014-07-27,138.367,304.474,174.949,465.915,199.185,6.34737e+06,98.0272,88.7233,44450
2014-08-03,161.596,355.355,204.115,669.607,232.858,6.34706e+06,114.599,80.6794,44450
2014-08-10,188.629,414.755,238.251,907.33,271.859,6.3467e+06,133.793,135.079,44450
2014-08-17,220.164,484.084,278.091,1184.81,317.32,6.34628e+06,156.166,195.159,44450
2014-08-24,256.963,564.983,324.582,1508.68,370.363,6.34579e+06,182.271,238.412,44450
2014-08-31,299.901,659.374,378.83,1886.69,432.258,6.34523e+06,212.732,157.213,44450
2014-09-07,349.998,769.498,442.128,2327.87,504.476,6.34456e+06,248.274,249.565,44450
2014-09-14,408.442,897.962,515.977,2842.75,588.731,6.34378e+06,289.739,265.652,44450
2014-09-21,476.616,1047.8,602.129,3443.62,687.018,6.34288e+06,338.111,348.501,44450
2014-09-28,556.129,1222.55,702.621,4144.79,801.662,6.34182e+06,394.532,245.913,44450
2014-07-13,107.714,231.451,147.081,155.334,159.346,6.34781e+06,95.6904,110.101,44500
2014-07-20,120.779,258.855,159.944,320.079,177.607,6.34759e+06,106.657,85.1339,44500
2014-07-27,134.687,287.985,177.224,501.365,198.567,6.34735e+06,119.243,78.5681,44500
2014-08-03,149.878,320.284,197.036,702.687,221.134,6.34708e+06,132.795,165.836,44500
2014-08-10,166.708,356.214,219.151,926.577,246.004,6.34678e+06,147.73,137.357,44500
2014-08-17,185.413,396.174,243.747,1175.6,273.615,6.34645e+06,164.311,105.562,44500
2014-08-24,206.212,440.607,271.096,1452.56,304.311,6.34608e+06,182.745,174.14,44500
2014-08-31,229.337,490.01,301.504,1760.59,338.442,6.34567e+06,203.241,131.375,44500
2014-09-07,255.048,544.935,335.314,2103.17,376.391,6.34521e+06,226.03,208.124,44500
2014-09-14,283.632,605.995,372.904,2484.16,418.581,6.3447e+06,251.366,236.453,44500
2014-09-21,315.407,673.869,414.694,2907.86,465.484,6.34414e+06,279.532,220.061,44500
2014-09-28,350.728,749.311,461.149,3379.02,517.622,6.34351e+06,310.842,298.096,44500
2014-07-13,81.023,176.94,109.155,114.722,118.43,6.34797e+06,80.948,64.2957,44550
2014-07-20,93.2939,203.02,121.14,238.177,135.44,6.34779e+06,92.5743,103.7,44550
2014-07-27,106.684,231.517,137.514,377.171,155.368,6.3476e+06,106.195,126.929,44550
2014-08-03,121.693,263.925,156.709,535.362,177.386,6.34737e+06,121.244,170.629,44550
2014-08-10,138.748,300.88,178.661,715.688,202.278,6.34712e+06,138.258,143.712,44550
2014-08-17,158.179,343.012,203.688,921.274,230.613,6.34682e+06,157.626,215.009,44550
2014-08-24,180.327,391.035,232.214,1155.66,262.907,6.34649e+06,179.699,157.066,44550
2014-08-31,205.572,445.77,264.728,1422.86,299.716,6.34611e+06,204.858,256.663,44550
2014-09-07,234.344,508.151,301.786,1727.47,341.669,6.34568e+06,233.533,266.612,44550
2014-09-14,267.134,579.241,344.022,2074.72,389.483,6.34518e+06,266.214,274.885,44550
2014-09-21,304.5,660.249,392.155,2470.55,443.972,6.34462e+06,303.457,305.721,44550
2014-09-28,347.079,752.551,447.005,2921.77,506.063,6.34398e+06,345.897,332.45,44550
2014-07-13,83.9956,183.418,113.167,118.942,122.782,6.34795e+06,87.7029,114.156,44600
2014-07-20,96.705,210.428,125.581,246.928,140.401,6.34777e+06,100.288,99.5257,44600
2014-07-27,110.572,239.938,142.539,391.009,161.039,6.34757e+06,115.029,106.631,44600
2014-08-03,126.114,273.493,162.417,554.97,183.839,6.34733e+06,131.316,155.123,44600
2014-08-10,143.771,311.751,185.147,741.853,209.613,6.34707e+06,149.725,176.79,44600
2014-08-17,163.886,355.363,211.058,954.89,238.948,6.34676e+06,170.68,206.804,44600
2014-08-24,186.812,405.069,240.587,1197.74,272.377,6.34642e+06,194.558,164.881,44600
2014-08-31,212.939,461.713,274.242,1474.56,310.475,6.34603e+06,221.771,207.757,44600
2014-09-07,242.713,526.262,312.595,1790.1,353.892,6.34558e+06,252.784,269.452,44600
2014-09-14,276.641,599.813,356.301,2149.76,403.368,6.34507e+06,288.124,224.653,44600
2014-09-21,315.299,683.614,406.103,2559.7,459.744,6.34449e+06,328.393,452.693,44600
2014-09-28,359.343,779.086,462.848,3026.93,523.978,6.34382e+06,374.275,437.281,44600
2014-07-13,114.816,250.976,154.557,162.393,167.705,6.34777e+06,78.5393,69.6447,44650
2014-07-20,132.412,288.403,171.736,337.299,192.085,6.34752e+06,89.9569,101.572,44650
2014-07-27,151.641,329.363,195.228,534.488,220.681,6.34724e+06,103.349,110.071,44650
2014-08-03,173.226,376.009,222.802,759.238,252.323,6.34692e+06,118.167,126.036,44650
2014-08-10,197.787,429.275,254.38,1015.81,288.147,6.34655e+06,134.944,77.114,44650
2014-08-17,225.81,490.084,290.432,1308.74,328.984,6.34613e+06,154.069,99.4536,44650
2014-08-24,257.795,559.491,331.58,1643.18,375.589,6.34566e+06,175.895,55.8905,44650
2014-08-31,294.299,638.703,378.544,2025,428.782,6.34511e+06,200.806,166.259,44650
2014-09-07,335.959,729.096,432.144,2460.89,489.489,6.34449e+06,229.236,225.766,44650
2014-09-14,383.498,832.24,493.312,2958.48,558.765,6.34378e+06,261.68,193.339,44650
2014-09-21,437.74,949.919,563.11,3526.5,637.815,6.34297e+06,298.7,311.898,44650
2014-09-28,499.623,1084.17,642.748,4174.87,728.005,6.34205e+06,340.937,323.525,44650
2014-07-13,137.956,305.511,183.666,192.198,199.53,6.34763e+06,74.8118,61.7123,44700
2014-07-20,162.566,358.421,207.535,401.725,233.397,6.34732e+06,87.5097,57.6971,44700
2014-07-27,190.009,417.626,240.631,642.422,273.793,6.34696e+06,102.656,76.8792,44700
2014-08-03,221.467,486.445,280.191,922.303,319.441,6.34654e+06,119.771,89.8045,44700
2014-08-10,257.999,566.621,326.399,1248.3,372.2,6.34605e+06,139.553,94.3667,44700
2014-08-17,300.527,660.002,380.218,1628.05,433.57,6.34548e+06,162.563,187.765,44700
2014-08-24,350.05,768.739,442.89,2070.4,505.027,6.34482e+06,189.355,193.951,44700
2014-08-31,407.712,895.341,515.866,2585.66,588.233,6.34405e+06,220.552,147.338,44700
2014-09-07,474.843,1042.72,600.834,3185.8,685.109,6.34315e+06,256.874,224.095,44700
2014-09-14,552.989,1214.27,699.754,3884.77,797.887,6.3421e+06,299.159,273.658,44700
2014-09-21,643.942,1413.92,814.899,4698.78,929.159,6.34088e+06,348.378,354.286,44700
2014-09-28,749.783,1646.21,948.91,5646.7,1081.93,6.33946e+06,405.659,385.668,44700
2014-07-13,83.3568,183.874,111.349,116.666,120.923,6.34795e+06,74.8555,63.9835,44750
2014-07-20,97.5882,214.372,125.179,243.382,140.547,6.34777e+06,87.0037,85.4079,44750
2014-07-27,113.362,248.273,144.276,388.122,163.837,6.34756e+06,101.421,86.867,44750
2014-08-03,131.33,287.439,166.978,555.41,189.99,6.34731e+06,117.611,148.239,44750
2014-08-10,152.071,332.798,193.339,749.081,220.032,6.34702e+06,136.208,125.075,44750
2014-08-17,176.072,385.316,223.861,973.326,254.767,6.34669e+06,157.71,200.074,44750
2014-08-24,203.856,446.112,259.192,1232.97,294.973,6.34631e+06,182.599,231.533,44750
2014-08-31,236.018,516.483,300.091,1533.58,341.514,6.34586e+06,211.41,214.557,44750
2014-09-07,273.243,597.932,347.432,1881.63,395.387,6.34535e+06,244.759,192.17,44750
2014-09-14,316.328,692.196,402.228,2284.57,457.74,6.34475e+06,283.358,298.933,44750
2014-09-21,366.189,801.28,465.646,2751.06,529.903,6.34407e+06,328.029,220.459,44750
2014-09-28,423.887,927.5,539.037,3291.08,613.413,6.34327e+06,379.725,443.388,44750
2014-07-13,129.874,286.558,173.448,181.716,188.366,6.34768e+06,76.8699,79.4827,44800
2014-07-20,152.111,334.221,195.057,379.134,219.027,6.34739e+06,89.3822,94.382,44800
2014-07-27,176.767,387.223,224.9,604.716,255.425,6.34706e+06,104.236,88.6604,44800
2014-08-03,204.862,448.475,260.389,865.539,296.311,6.34667e+06,120.921,107.521,44800
2014-08-10,237.302,519.432,301.61,1167.61,343.292,6.34622e+06,140.093,144.459,44800
2014-08-17,274.852,601.609,349.35,1517.5,397.629,6.34571e+06,162.267,199.557,44800
2014-08-24,318.331,696.76,404.628,1922.76,460.539,6.34511e+06,187.94,172.779,44800
2014-08-31,368.671,806.92,468.632,2392.13,533.379,6.34441e+06,217.665,268.586,44800
2014-09-07,426.948,934.441,542.734,2935.74,617.71,6.34361e+06,252.08,326.845,44800
2014-09-14,494.407,1082.04,628.517,3565.29,715.331,6.34268e+06,291.918,243.681,44800
2014-09-21,572.482,1252.86,727.812,4294.32,828.324,6.3416e+06,338.029,401.727,44800
2014-09-28,662.831,1450.5,842.731,5138.49,959.09,6.34036e+06,391.393,426.135,44800
2014-07-13,83.1089,182.27,111.564,117.1,121.091,6.34796e+06,78.7463,34.6161,44850
2014-07-20,96.3714,210.557,124.49,243.609,139.435,6.34777e+06,90.6754,75.4592,44850
2014-07-27,110.94,241.691,142.229,386.912,161.043,6.34757e+06,104.727,95.1267,44850
2014-08-03,127.381,277.334,163.147,551.076,185.082,6.34733e+06,120.36,109.64,44850
2014-08-10,146.187,318.246,187.225,739.44,212.442,6.34706e+06,138.153,159.981,44850
2014-08-17,167.757,365.195,214.855,955.605,243.795,6.34675e+06,158.542,183.506,44850
2014-08-24,192.504,419.061,246.556,1203.67,279.762,6.34639e+06,181.931,216.043,44850
2014-08-31,220.895,480.858,282.926,1488.32,321.027,6.34598e+06,208.766,163.464,44850
2014-09-07,253.466,551.749,324.651,1814.97,368.368,6.34551e+06,239.553,199.806,44850
2014-09-14,290.829,633.067,372.518,2189.78,422.676,6.34496e+06,274.869,236.892,44850
2014-09-21,333.685,726.336,427.426,2619.84,484.972,6.34434e+06,315.381,412.35,44850
2014-09-28,382.839,833.304,490.407,3113.28,556.424,6.34363e+06,361.846,294.067,44850
2014-07-13,80.8679,176.853,108.816,114.316,118.078,6.34797e+06,74.4192,86.4165,44900
2014-07-20,93.3345,203.38,120.983,237.494,135.346,6.34779e+06,85.3027,74.6405,44900
2014-07-27,106.968,232.436,137.632,376.458,155.613,6.3476e+06,98.0762,80.0322,44900
2014-08-03,122.285,265.553,157.186,534.962,178.058,6.34737e+06,112.222,72.6715,44900
2014-08-10,139.728,303.4,179.598,716.039,203.489,6.34711e+06,128.251,140.501,44900
2014-08-17,159.646,346.642,205.205,922.935,232.503,6.34682e+06,146.537,203.231,44900
2014-08-24,182.399,396.041,234.456,1159.33,265.643,6.34648e+06,167.423,150.2,44900
2014-08-31,208.389,452.466,267.87,1429.41,303.498,6.34609e+06,191.282,221.411,44900
2014-09-07,238.076,516.913,306.037,1737.98,346.739,6.34565e+06,218.535,256.298,44900
2014-09-14,271.982,590.519,349.632,2090.52,396.128,6.34515e+06,249.663,212.615,44900
2014-09-21,310.706,674.578,399.424,2493.26,452.536,6.34457e+06,285.214,212.388,44900
2014-09-28,354.927,770.565,456.287,2953.35,516.954,6.34391e+06,325.814,255.401,44900
2014-07-13,90.1745,195.494,122.227,128.745,132.526,6.34791e+06,88.9626,93.0795,44950
2014-07-20,102.594,221.734,134.402,266.377,149.807,6.34772e+06,100.563,110.286,44950
2014-07-27,115.996,250.052,150.909,419.735,169.865,6.34751e+06,114.028,131.114,44950
2014-08-03,130.844,281.89,170.065,592.349,191.77,6.34727e+06,128.732,143.978,44950
2014-08-10,147.523,317.791,191.734,786.93,216.25,6.34701e+06,145.166,167.78,44950
2014-08-17,166.315,358.266,216.164,1006.31,243.805,6.3467e+06,163.663,102.857,44950
2014-08-24,187.496,403.888,243.699,1253.63,274.858,6.34636e+06,184.508,124.545,44950
2014-08-31,211.37,455.307,274.735,1532.45,309.859,6.34598e+06,208.004,157.384,44950
2014-09-07,238.277,513.257,309.715,1846.78,349.308,6.34554e+06,234.486,147.884,44950
2014-09-14,268.6,578.561,349.138,2201.12,393.767,6.34505e+06,264.33,241.522,44950
2014-09-21,302.77,652.149,393.566,2600.57,443.87,6.3445e+06,297.963,162.248,44950
2014-09-28,341.274,735.064,443.631,3050.83,500.328,6.34388e+06,335.863,287.147,44950
2014-07-13,73.9769,164.06,98.3677,102.891,106.879,6.34801e+06,71.8156,68.2634,45000
2014-07-20,87.3811,192.913,111.359,215.21,125.31,6.34784e+06,84.2004,80.4275,45000
2014-07-27,102.363,225.282,129.4,344.507,147.338,6.34765e+06,99.0016,91.779,45000
2014-08-03,119.579,262.997,151.011,495.187,172.29,6.34742e+06,115.768,108.594,45000
2014-08-10,139.619,307.041,176.311,671.085,201.199,6.34716e+06,135.192,182.011,45000
2014-08-17,163.005,358.462,205.848,876.454,234.906,6.34685e+06,157.841,85.9852,45000
2014-08-24,190.303,418.486,240.326,1116.22,274.248,6.34648e+06,184.276,141.761,45000
2014-08-31,222.165,488.546,280.571,1396.15,320.17,6.34606e+06,215.133,237.956,45000
2014-09-07,259.355,570.314,327.546,1722.94,373.771,6.34557e+06,251.15,260.594,45000
2014-09-14,302.758,665.739,382.372,2104.45,436.33,6.34499e+06,293.185,326.695,45000
2014-09-21,353.408,777.092,446.357,2549.8,509.338,6.34432e+06,342.242,328.046,45000
2014-09-28,412.51,907.018,521.025,3069.67,594.532,6.34354e+06,399.487,541.011,45000
2014-07-13,97.2296,211.148,131.604,138.551,142.714,6.34787e+06,85.7696,82.0424,45050
2014-07-20,110.93,240.133,145.022,286.892,161.76,6.34767e+06,97.216,119.876,45050
2014-07-27,125.752,271.503,163.248,452.582,183.914,6.34744e+06,110.53,68.7474,45050
2014-08-03,142.217,306.866,184.447,639.556,208.174,6.34718e+06,125.11,134.464,45050
2014-08-10,160.762,346.845,208.489,850.872,235.358,6.34688e+06,141.448,132.434,45050
2014-08-17,181.71,392.034,235.663,1089.73,266.035,6.34655e+06,159.884,159.785,45050
2014-08-24,205.383,443.1,266.371,1359.72,300.697,6.34618e+06,180.716,159.162,45050
2014-08-31,232.133,500.802,301.072,1664.89,339.866,6.34575e+06,204.256,103.741,45050
2014-09-07,262.359,566,340.283,2009.8,384.126,6.34527e+06,230.856,305.345,45050
2014-09-14,296.509,639.661,384.588,2399.63,434.135,6.34473e+06,260.91,231.339,45050
2014-09-21,335.092,722.876,434.646,2840.21,490.636,6.34412e+06,294.867,307.919,45050
2014-09-28,378.677,816.877,491.199,3338.12,554.465,6.34343e+06,333.228,388.537,45050
2014-07-13,113.427,248.926,152.178,159.698,165.183,6.34778e+06,74.991,72.4344,45100
2014-07-20,131.67,287.854,169.952,332.33,190.407,6.34753e+06,86.4423,75.5193,45100
2014-07-27,151.728,330.747,194.361,528.065,220.143,6.34725e+06,99.9421,78.0208,45100
2014-08-03,174.388,379.9,223.17,752.515,253.259,6.34692e+06,114.976,134.705,45100
2014-08-10,200.332,436.372,256.36,1010.31,290.987,6.34655e+06,132.104,113.809,45100
2014-08-17,230.116,501.236,294.484,1306.45,334.259,6.34612e+06,151.749,144.491,45100
2014-08-24,264.319,575.723,338.264,1646.61,383.947,6.34563e+06,174.307,151.016,45100
2014-08-31,303.594,661.254,388.539,2037.35,441.006,6.34506e+06,200.211,126.044,45100
2014-09-07,348.689,759.455,446.267,2486.14,506.524,6.34441e+06,229.955,163.506,45100
2014-09-14,400.463,872.192,512.55,3001.61,581.747,6.34366e+06,264.106,193.517,45100
2014-09-21,459.898,1001.6,588.647,3593.61,668.107,6.34281e+06,303.312,266.545,45100
2014-09-28,528.118,1150.13,676.002,4273.5,767.239,6.34182e+06,348.316,369.731,45100
2014-07-13,135.878,295.28,183.812,193.475,199.342,6.34764e+06,91.4941,68.6077,45150
2014-07-20,155.197,336.173,202.727,400.749,226.19,6.34736e+06,103.817,104.57,45150
2014-07-27,176.118,380.48,228.436,632.485,257.445,6.34703e+06,118.162,127.777,45150
2014-08-03,199.382,430.474,258.366,894.26,291.705,6.34667e+06,133.887,135.336,45150
2014-08-10,225.61,487.049,292.341,1190.42,330.133,6.34625e+06,151.525,97.5599,45150
2014-08-17,255.265,551.055,330.78,1525.52,373.541,6.34579e+06,171.448,196.833,45150
2014-08-24,288.808,623.451,374.257,1904.67,422.632,6.34526e+06,193.98,168.76,45150
2014-08-31,326.745,705.329,423.433,2333.66,478.158,6.34466e+06,219.466,275.389,45150
2014-09-07,369.649,797.921,479.05,2819,540.956,6.34398e+06,248.289,298.258,45150
2014-09-14,418.165,902.619,541.948,3368.07,611.972,6.34322e+06,280.884,187.669,45150
2014-09-21,473.022,1020.99,613.071,3989.22,692.273,6.34235e+06,317.74,326.438,45150
2014-09-28,535.039,1154.8,693.487,4691.87,783.062,6.34137e+06,359.411,347.504,45150
2014-07-13,107.044,233.786,144.199,151.549,156.453,6.34781e+06,82.8384,90.4529,45200
2014-07-20,123.275,268.285,160.051,314.648,178.952,6.34758e+06,94.7507,95.7798,45200
2014-07-27,140.988,305.985,181.71,498.3,205.311,6.34732e+06,108.707,110.763,45200
2014-08-03,160.845,348.863,207.102,707.347,234.439,6.34703e+06,124.13,148.17,45200
2014-08-10,183.409,397.761,236.145,945.677,267.373,6.34669e+06,141.568,146.263,45200
2014-08-17,209.121,453.512,269.259,1217.43,304.865,6.3463e+06,161.419,150.038,45200
2014-08-24,238.43,517.064,307.005,1527.28,347.598,6.34586e+06,184.045,196.029,45200
2014-08-31,271.838,589.5,350.031,1880.56,396.309,6.34536e+06,209.836,240.978,45200
2014-09-07,309.915,672.056,399.072,2283.35,451.829,6.34479e+06,239.233,241.83,45200
2014-09-14,353.31,766.138,454.967,2742.56,515.106,6.34413e+06,272.737,239.181,45200
2014-09-21,402.761,873.343,518.667,3266.08,587.218,6.34339e+06,310.918,387.083,45200
2014-09-28,459.107,995.487,591.256,3862.88,669.389,6.34254e+06,354.426,377.142,45200
2014-07-13,104.065,227.219,140.219,147.378,152.131,6.34783e+06,85.0879,99.5069,45250
2014-07-20,119.791,260.636,155.58,305.949,173.932,6.34761e+06,97.2811,65.5293,45250
2014-07-27,136.945,297.138,176.561,484.433,199.465,6.34735e+06,111.562,120.633,45250
2014-08-03,156.167,338.634,201.149,687.513,227.668,6.34707e+06,127.336,121.356,45250
2014-08-10,178.002,385.938,229.262,918.943,259.542,6.34674e+06,145.164,139.116,45250
2014-08-17,202.871,439.849,261.301,1182.72,295.813,6.34636e+06,165.45,214.516,45250
2014-08-24,231.208,501.278,297.808,1483.35,337.137,6.34594e+06,188.563,248.971,45250
2014-08-31,263.494,571.266,339.403,1825.97,384.222,6.34545e+06,214.898,225.339,45250
2014-09-07,300.278,651,386.796,2216.45,437.868,6.3449e+06,244.903,304.979,45250
2014-09-14,342.183,741.829,440.789,2661.44,498.985,6.34426e+06,279.085,236.969,45250
2014-09-21,389.917,845.287,502.298,3168.54,568.606,6.34354e+06,318.025,241.124,45250
2014-09-28,444.285,963.116,572.361,3746.38,647.907,6.34272e+06,362.378,361.076,45250
2014-07-13,132.709,285.215,181.179,191.335,196.292,6.34766e+06,82.2232,3.37141,45300
2014-07-20,148.854,319.086,197.074,394.297,218.857,6.34739e+06,91.6752,104.281,45300
2014-07-27,166.046,355.101,218.431,617.701,244.762,6.34709e+06,102.527,109.509,45300
2014-08-03,184.828,395.043,242.922,865.872,272.662,6.34676e+06,114.213,101.673,45300
2014-08-10,205.644,439.486,270.267,1141.94,303.416,6.34639e+06,127.096,106.111,45300
2014-08-17,228.784,488.927,300.689,1449.09,337.569,6.34598e+06,141.402,142.685,45300
2014-08-24,254.519,543.915,334.522,1790.8,375.547,6.34553e+06,157.31,150.231,45300
2014-08-31,283.139,605.066,372.15,2170.96,417.785,6.34502e+06,175.003,202.211,45300
2014-09-07,314.967,673.065,413.996,2593.87,464.756,6.34445e+06,194.678,262.396,45300
2014-09-14,350.357,748.673,460.529,3064.33,516.988,6.34383e+06,216.557,273.385,45300
2014-09-21,389.706,832.732,512.271,3587.65,575.065,6.34313e+06,240.885,300.81,45300
2014-09-28,433.452,926.179,569.799,4169.76,639.634,6.34235e+06,267.932,221.937,45300
2014-07-13,114.108,249.636,153.498,161.24,166.569,6.34777e+06,80.1736,74.3963,45350
2014-07-20,131.775,287.238,170.739,335.035,191.036,6.34753e+06,91.9504,81.028,45350
2014-07-27,151.106,328.448,194.336,531.203,219.765,6.34724e+06,105.778,118.378,45350
2014-08-03,172.834,375.44,222.065,755.071,251.596,6.34692e+06,121.099,116.165,45350
2014-08-10,197.589,429.168,253.86,1010.96,287.681,6.34656e+06,138.468,131.167,45350
2014-08-17,225.871,490.584,290.205,1303.48,328.868,6.34614e+06,158.292,134.972,45350
2014-08-24,258.191,560.771,331.741,1637.88,375.933,6.34566e+06,180.946,163.572,45350
2014-08-31,295.125,640.975,379.209,2020.13,429.718,6.34511e+06,206.834,137.586,45350
2014-09-07,337.329,732.617,433.451,2457.06,491.18,6.34449e+06,236.417,328.304,45350
2014-09-14,385.55,837.318,495.431,2956.49,561.406,6.34378e+06,270.218,219.865,45350
2014-09-21,440.639,956.926,566.246,3527.32,641.641,6.34296e+06,308.837,260.951,45350
2014-09-28,503.568,1093.54,647.146,4179.72,733.299,6.34203e+06,352.954,310.396,45350
2014-07-13,107.5,232.139,146.188,154.165,158.449,6.34781e+06,91.1069,96.7494,45400
2014-07-20,121.52,261.664,159.958,318.391,177.996,6.34759e+06,102.346,118.143,45400
2014-07-27,136.557,293.314,178.551,500.369,200.571,6.34734e+06,115.326,139.493,45400
2014-08-03,153.111,328.679,200.012,703.977,225.069,6.34706e+06,129.413,90.6186,45400
2014-08-10,171.594,368.317,224.145,932.122,252.278,6.34675e+06,145.058,174.59,45400
2014-08-17,192.292,412.735,251.189,1187.8,282.717,6.34641e+06,162.56,114.567,45400
2014-08-24,215.48,462.499,281.486,1474.31,316.814,6.34602e+06,182.165,210.486,45400
2014-08-31,241.458,518.247,315.43,1795.38,355.014,6.34558e+06,204.13,194.331,45400
2014-09-07,270.558,580.695,353.455,2155.16,397.807,6.34509e+06,228.735,218.677,45400
2014-09-14,303.156,650.643,396.051,2558.31,445.743,6.34454e+06,256.298,221.28,45400
2014-09-21,339.666,728.984,443.764,3010.03,499.436,6.34393e+06,287.171,275.159,45400
2014-09-28,380.556,816.717,497.205,3516.16,559.573,6.34324e+06,321.749,258.86,45400
2014-07-13,140.736,309.436,188.517,197.718,204.664,6.34761e+06,85.4797,70.6708,45450
2014-07-20,163.877,358.893,211.043,411.821,236.63,6.3473e+06,98.8305,118.463,45450
2014-07-27,189.394,413.558,242.038,655.23,274.404,6.34695e+06,114.607,158.446,45450
2014-08-03,218.307,476.382,278.714,935.15,316.596,6.34654e+06,132.229,110.149,45450
2014-08-10,251.506,548.765,321.087,1257.58,364.805,6.34607e+06,152.364,202.82,45450
2014-08-17,289.725,632.138,369.895,1629.03,420.258,6.34553e+06,175.525,215.558,45450
2014-08-24,333.737,728.148,426.103,2056.93,484.11,6.34491e+06,202.193,116.103,45450
2014-08-31,384.418,838.697,490.829,2549.85,557.639,6.34419e+06,232.903,233.907,45450
2014-09-07,442.769,965.972,565.358,3117.62,642.302,6.34336e+06,268.263,236.756,45450
2014-09-14,509.946,1112.48,651.166,3771.59,739.776,6.3424e+06,308.974,280.483,45450
2014-09-21,587.271,1281.11,749.949,4524.79,851.982,6.34131e+06,355.838,395.051,45450
2014-09-28,676.263,1475.17,863.651,5392.22,981.129,6.34004e+06,409.778,290.417,45450
2014-07-13,76.4704,170.893,101.014,105.401,109.834,6.348e+06,67.3547,3.70681,45500
2014-07-20,91.4885,203.427,115.513,221.303,130.4,6.34782e+06,79.9669,104.098,45500
2014-07-27,108.478,240.411,135.815,356.229,155.229,6.34761e+06,95.1928,44.3975,45500
2014-08-03,128.246,284.027,160.401,515.35,183.707,6.34736e+06,112.657,38.139,45500
2014-08-10,151.537,335.574,189.523,703.335,217.108,6.34707e+06,133.14,188.5,45500
2014-08-17,179.043,396.478,223.931,925.45,256.523,6.34673e+06,157.311,248.976,45500
2014-08-24,211.535,468.422,264.577,1187.89,303.081,6.34632e+06,185.862,348.687,45500
2014-08-31,249.916,553.402,312.59,1497.95,358.078,6.34584e+06,219.589,120.159,45500
2014-09-07,295.25,653.772,369.304,1864.28,423.041,6.34527e+06,259.427,226.425,45500
2014-09-14,348.792,772.306,436.29,2297.06,499.767,6.3446e+06,306.479,114.732,45500
2014-09-21,412.02,912.278,515.402,2808.33,590.38,6.3438e+06,362.046,481.006,45500
2014-09-28,486.68,1077.54,608.824,3412.29,697.382,6.34286e+06,427.664,431.552,45500
2014-07-13,81.2039,175.313,110.45,116.485,119.711,6.34797e+06,97.4276,85.4986,45550
2014-07-20,91.759,197.538,120.818,240.546,134.429,6.3478e+06,109.405,84.8621,45550
2014-07-27,103.076,221.354,134.814,377.971,151.422,6.34761e+06,123.235,117.938,45550
2014-08-03,115.531,247.956,150.965,531.678,169.857,6.3474e+06,138.239,143.212,45550
2014-08-10,129.433,277.764,169.121,703.847,190.325,6.34717e+06,154.897,173.267,45550
2014-08-17,144.996,311.158,189.461,896.723,213.216,6.34691e+06,173.527,160.326,45550
2014-08-24,162.427,348.56,212.242,1112.79,238.851,6.34661e+06,194.39,220.083,45550
2014-08-31,181.95,390.45,237.757,1354.84,267.563,6.34629e+06,217.757,247.392,45550
2014-09-07,203.815,437.362,266.333,1625.98,299.718,6.34592e+06,243.927,240.952,45550
2014-09-14,228.3,489.897,298.336,1929.71,335.73,6.3455e+06,273.236,202.872,45550
2014-09-21,255.719,548.723,334.175,2269.93,376.057,6.34504e+06,306.056,382.328,45550
2014-09-28,286.422,614.591,374.307,2651.01,421.215,6.34452e+06,342.808,349.018,45550
2014-07-13,103.257,225.194,139.266,146.429,151.082,6.34784e+06,83.3741,71.5943,45600
2014-07-20,118.633,257.837,154.294,303.812,172.411,6.34762e+06,95.1444,84.1915,45600
2014-07-27,135.377,293.422,174.796,480.665,197.355,6.34737e+06,108.91,125.164,45600
2014-08-03,154.103,333.804,198.784,681.532,224.855,6.34708e+06,124.086,132.201,45600
2014-08-10,175.336,379.755,226.162,910.032,255.878,6.34676e+06,141.206,129.709,45600
2014-08-17,199.476,432.031,257.309,1170,291.118,6.34639e+06,160.652,215.636,45600
2014-08-24,226.934,491.492,292.735,1465.77,331.194,6.34597e+06,182.769,233.233,45600
2014-08-31,258.163,559.117,333.028,1802.26,376.777,6.3455e+06,207.923,243.613,45600
2014-09-07,293.679,636.021,378.855,2185.05,428.619,6.34496e+06,236.532,224.782,45600
2014-09-14,334.068,723.472,430.971,2620.51,487.575,6.34434e+06,269.067,261.506,45600
2014-09-21,379.993,822.904,490.236,3115.86,554.616,6.34364e+06,306.063,305.283,45600
2014-09-28,432.208,935.949,557.624,3679.31,630.844,6.34284e+06,348.129,438.669,45600
2014-07-13,116.538,250.927,158.86,167.673,172.139,6.34776e+06,103.337,98.664,45650
2014-07-20,131.113,281.549,173.195,345.827,192.489,6.34752e+06,115.553,127.537,45650
2014-07-27,146.677,314.213,192.494,542.435,215.907,6.34725e+06,129.611,126.672,45650
2014-08-03,163.731,350.545,214.681,761.451,241.203,6.34696e+06,144.796,118.672,45650
2014-08-10,182.686,391.087,239.523,1005.78,269.169,6.34663e+06,161.585,169.418,45650
2014-08-17,203.818,436.317,267.238,1278.38,300.316,6.34626e+06,180.282,162.552,45650
2014-08-24,227.389,486.766,298.151,1582.52,335.05,6.34586e+06,201.133,224.362,45650
2014-08-31,253.677,543.031,332.629,1921.83,373.791,6.3454e+06,224.39,226.884,45650
2014-09-07,282.996,605.778,371.082,2300.37,416.998,6.34489e+06,250.327,264.902,45650
2014-09-14,315.69,675.748,413.966,2722.67,465.183,6.34432e+06,279.253,313.007,45650
2014-09-21,352.147,753.766,461.788,3193.77,518.915,6.34369e+06,311.509,319.118,45650
2014-09-28,392.796,840.749,515.113,3719.27,578.828,6.34298e+06,347.475,314.349,45650
2014-07-13,89.2555,190.801,122.392,129.456,132.538,6.34792e+06,92.9144,128.72,45700
2014-07-20,99.2447,211.666,132.251,266.133,146.536,6.34774e+06,102.727,129.078,45700
2014-07-27,109.796,233.655,145.428,415.457,162.501,6.34755e+06,113.919,139.676,45700
2014-08-03,121.227,257.841,160.429,580.006,179.55,6.34733e+06,125.872,104.567,45700
2014-08-10,133.792,284.537,177.047,761.577,198.189,6.34709e+06,138.938,81.8799,45700
2014-08-17,147.648,314,195.388,961.958,218.721,6.34683e+06,153.331,148.558,45700
2014-08-24,162.935,346.507,215.622,1183.09,241.369,6.34654e+06,169.209,151.621,45700
2014-08-31,179.801,382.371,237.947,1427.12,266.358,6.34622e+06,186.727,235.152,45700
2014-09-07,198.409,421.937,262.578,1696.42,293.927,6.34587e+06,206.054,322.373,45700
2014-09-14,218.937,465.585,289.751,1993.59,324.342,6.34548e+06,227.376,319.315,45700
2014-09-21,241.583,513.732,319.728,2321.51,357.894,6.34505e+06,250.897,231.132,45700
2014-09-28,266.562,566.839,352.796,2683.34,394.906,6.34458e+06,276.844,343.25,45700
2014-07-13,89.7008,197.69,119.915,125.676,130.214,6.34792e+06,82.1868,66.186,45750
2014-07-20,104.859,230.15,134.653,262.065,151.127,6.34772e+06,95.3859,59.5013,45750
2014-07-27,121.636,266.176,154.983,417.65,175.916,6.34749e+06,111.032,126.413,45750
2014-08-03,140.72,307.738,179.12,597.225,203.712,6.34723e+06,128.576,135.961,45750
2014-08-10,162.716,355.804,207.11,804.83,235.595,6.34692e+06,148.699,181.396,45750
2014-08-17,188.135,411.377,239.471,1044.88,272.407,6.34657e+06,171.934,112.058,45750
2014-08-24,217.519,475.619,276.879,1322.42,314.957,6.34616e+06,198.79,159.464,45750
2014-08-31,251.483,549.875,320.121,1643.32,364.142,6.34569e+06,229.834,153.685,45750
2014-09-07,290.741,635.698,370.104,2014.33,420.994,6.34514e+06,265.717,243.405,45750
2014-09-14,336.113,734.882,427.875,2443.27,486.702,6.34451e+06,307.19,406.301,45750
2014-09-21,388.546,849.496,494.642,2939.14,562.641,6.34378e+06,355.119,323.038,45750
2014-09-28,449.132,981.924,571.799,3512.38,650.393,6.34293e+06,410.506,466.053,45750
2014-07-13,85.0545,184.065,115.459,121.681,125.167,6.34794e+06,81.503,71.1331,45800
2014-07-20,96.4866,208.183,126.675,251.552,141.087,6.34777e+06,91.87,107.317,45800
2014-07-27,108.789,234.133,141.854,395.899,159.526,6.34757e+06,103.876,104.879,45800
2014-08-03,122.379,263.226,159.426,557.931,179.604,6.34735e+06,116.95,76.6404,45800
2014-08-10,137.605,295.945,179.251,740.087,201.981,6.3471e+06,131.521,216.163,45800
2014-08-17,154.712,332.731,201.541,944.895,227.098,6.34682e+06,147.877,138.686,45800
2014-08-24,173.942,374.084,226.597,1175.17,255.329,6.3465e+06,166.259,68.0165,45800
2014-08-31,195.558,420.565,254.762,1434.07,287.062,6.34615e+06,186.922,61.6251,45800
2014-09-07,219.855,472.809,286.42,1725.14,322.731,6.34575e+06,210.148,188.292,45800
2014-09-14,247.163,531.525,322.003,2052.38,362.822,6.3453e+06,236.254,198.3,45800
2014-09-21,277.853,597.512,361.996,2420.27,407.881,6.34479e+06,265.594,316.271,45800
2014-09-28,312.342,671.663,406.942,2833.84,458.519,6.34423e+06,298.567,407.454,45800
2014-07-13,148.215,324.303,199.351,209.394,216.329,6.34757e+06,85.8643,105.745,45850
2014-07-20,171.208,373.246,221.788,435.128,248.171,6.34725e+06,98.5026,113.766,45850
2014-07-27,196.371,426.897,252.5,689.979,285.563,6.34688e+06,113.344,93.0648,45850
2014-08-03,224.66,488.085,288.597,980.885,327.003,6.34647e+06,129.792,180.27,45850
2014-08-10,256.897,558.058,329.995,1313.48,373.989,6.34599e+06,148.442,88.1209,45850
2014-08-17,293.73,638.053,377.325,1693.77,427.627,6.34545e+06,169.732,159.26,45850
2014-08-24,335.831,729.486,431.423,2128.6,488.93,6.34482e+06,194.063,157.738,45850
2014-08-31,383.947,833.979,493.255,2625.77,558.994,6.34411e+06,221.873,279.763,45850
2014-09-07,438.933,953.384,563.921,3194.17,639.067,6.3433e+06,253.655,364.623,45850
2014-09-14,501.763,1089.81,644.673,3843.98,730.568,6.34237e+06,289.973,312.617,45850
2014-09-21,573.546,1245.66,736.943,4586.83,835.113,6.34131e+06,331.469,498.629,45850
2014-09-28,655.544,1423.68,842.356,5435.96,954.546,6.34009e+06,378.873,412.046,45850
2014-07-13,75.3181,165.431,100.978,105.94,109.616,6.348e+06,73.095,83.5821,45900
2014-07-20,87.5537,191.56,112.894,220.55,126.526,6.34784e+06,84.3711,76.9154,45900
2014-07-27,101.025,220.392,129.273,350.654,146.484,6.34765e+06,97.6794,54.1915,45900
2014-08-03,116.266,253.479,148.628,500.04,168.741,6.34743e+06,112.521,85.1263,45900
2014-08-10,133.74,291.545,170.958,671.844,194.134,6.34718e+06,129.454,207.937,45900
2014-08-17,153.828,335.33,196.642,869.461,223.3,6.34689e+06,148.903,155.353,45900
2014-08-24,176.929,385.683,226.177,1096.76,256.837,6.34656e+06,171.266,211.538,45900
2014-08-31,203.494,443.585,260.142,1358.2,295.404,6.34618e+06,196.983,125.566,45900
2014-09-07,234.041,510.164,299.2,1658.9,339.753,6.34575e+06,226.557,281.446,45900
2014-09-14,269.165,586.713,344.112,2004.73,390.748,6.34525e+06,260.561,185.646,45900
2014-09-21,309.548,674.721,395.751,2402.47,449.38,6.34467e+06,299.659,438.327,45900
2014-09-28,355.973,775.893,455.121,2859.89,516.789,6.344e+06,344.609,277.758,45900
2014-07-13,100.217,220.474,134.175,140.699,145.675,6.34785e+06,77.6577,104.543,45950
2014-07-20,116.807,255.949,150.32,293.139,168.585,6.34763e+06,89.8708,80.838,45950
2014-07-27,135.119,295.201,172.549,466.59,195.68,6.34738e+06,104.314,102.082,45950
2014-08-03,155.888,340.357,198.875,666.237,225.973,6.34709e+06,120.463,128.172,45950
2014-08-10,179.76,392.435,229.319,896.415,260.622,6.34675e+06,138.934,177.245,45950
2014-08-17,207.269,452.48,264.422,1161.83,300.515,6.34636e+06,160.201,185.625,45950
2014-08-24,238.98,521.699,304.886,1467.86,346.499,6.34592e+06,184.714,179.881,45950
2014-08-31,275.534,601.484,351.531,1820.72,399.505,6.3454e+06,212.971,214.014,45950
2014-09-07,317.667,693.441,405.297,2227.56,460.604,6.34481e+06,245.542,229.343,45950
2014-09-14,366.225,799.416,467.267,2696.61,531.023,6.34412e+06,283.082,318.257,45950
2014-09-21,422.184,921.534,538.687,3237.37,612.179,6.34333e+06,326.345,290.137,45950
2014-09-28,486.662,1062.24,620.989,3860.77,705.696,6.34242e+06,376.198,381.335,45950
2014-07-13,97.9556,213.006,132.44,139.376,143.638,6.34787e+06,90.4788,107.456,46000
2014-07-20,112.001,242.753,146.188,288.779,163.151,6.34766e+06,102.77,132.058,46000
2014-07-27,127.227,275.021,164.886,455.967,185.886,6.34743e+06,117.091,95.131,46000
2014-08-03,144.177,311.471,186.675,645.012,210.834,6.34716e+06,132.806,78.4273,46000
2014-08-10,163.307,352.762,211.434,859.102,238.848,6.34686e+06,150.452,144.21,46000
2014-08-17,184.961,399.528,239.476,1101.59,270.527,6.34652e+06,170.407,203.373,46000
2014-08-24,209.48,452.483,271.228,1376.23,306.392,6.34614e+06,192.999,260.798,46000
2014-08-31,237.242,512.442,307.181,1687.28,347.004,6.34571e+06,218.58,260.199,46000
2014-09-07,268.675,580.325,347.89,2039.55,392.986,6.34521e+06,247.545,116.414,46000
2014-09-14,304.262,657.174,393.98,2438.51,445.046,6.34466e+06,280.338,368.818,46000
2014-09-21,344.547,744.167,446.16,2890.31,503.982,6.34402e+06,317.462,294.349,46000
2014-09-28,390.148,842.631,505.228,3401.94,570.697,6.34331e+06,359.486,270.588,46000
2014-07-13,103.817,227.654,139.378,146.302,151.279,6.34783e+06,84.5926,98.9751,46050
2014-07-20,120.356,262.924,155.499,304.338,174.156,6.34761e+06,97.385,117,46050
2014-07-27,138.518,301.732,177.618,483.317,201.098,6.34735e+06,112.45,111.833,46050
2014-08-03,159.01,346.149,203.695,688.304,231.064,6.34705e+06,129.207,172.228,46050
2014-08-10,182.444,397.119,233.704,923.456,265.161,6.34671e+06,148.273,151.361,46050
2014-08-17,209.313,455.594,268.13,1193.25,304.222,6.34632e+06,170.115,230.3,46050
2014-08-24,240.131,522.664,307.617,1502.78,349.019,6.34588e+06,195.165,251.726,46050
2014-08-31,275.477,599.585,352.908,1857.89,400.401,6.34536e+06,223.897,280.797,46050
2014-09-07,316.014,687.798,404.852,2265.28,459.33,6.34478e+06,256.849,175.184,46050
2014-09-14,362.5,788.951,464.422,2732.62,526.909,6.3441e+06,294.638,296.752,46050
2014-09-21,415.802,904.929,532.733,3268.71,604.402,6.34333e+06,337.97,332.938,46050
2014-09-28,476.913,1037.89,611.059,3883.64,693.252,6.34244e+06,387.654,404.771,46050
2014-07-13,112.617,244.416,152.509,160.589,165.375,6.34778e+06,91.1751,99.5225,46100
2014-07-20,128.358,277.699,167.93,332.432,187.264,6.34754e+06,103.243,140.951,46100
2014-07-27,145.37,313.684,188.862,524.205,212.704,6.34728e+06,117.269,71.1934,46100
2014-08-03,164.249,354.208,213.188,740.413,240.535,6.34698e+06,132.612,129.939,46100
2014-08-10,185.493,399.978,240.75,984.541,271.689,6.34664e+06,149.789,154.038,46100
2014-08-17,209.466,451.661,271.874,1260.23,306.813,6.34626e+06,169.153,219.584,46100
2014-08-24,236.53,510.009,307.01,1571.55,346.46,6.34582e+06,191.012,271.195,46100
2014-08-31,267.083,575.876,346.676,1923.11,391.219,6.34534e+06,215.688,241.344,46100
2014-09-07,301.571,650.223,391.453,2320.07,441.745,6.34479e+06,243.544,259.446,46100
2014-09-14,340.498,734.136,441.998,2768.31,498.776,6.34417e+06,274.987,324.321,46100
2014-09-21,384.432,828.836,499.047,3274.4,563.146,6.34346e+06,310.476,270.689,46100
2014-09-28,434.012,935.699,563.433,3845.81,635.792,6.34267e+06,350.527,316.853,46100
2014-07-13,108.842,238.684,146.119,153.375,158.596,6.3478e+06,85.0556,88.7077,46150
2014-07-20,126.191,275.683,163.029,319.058,182.593,6.34757e+06,97.9253,111.142,46150
2014-07-27,145.244,316.397,186.232,506.711,210.856,6.3473e+06,113.083,94.1144,46150
2014-08-03,166.743,362.998,213.589,721.647,242.293,6.34699e+06,129.942,118.535,46150
2014-08-10,191.329,416.477,245.072,968.23,278.066,6.34663e+06,149.128,111.027,46150
2014-08-17,219.522,477.834,281.193,1251.16,319.05,6.34622e+06,171.108,147.853,46150
2014-08-24,251.86,548.214,322.625,1575.78,366.055,6.34575e+06,196.317,228.015,46150
2014-08-31,288.952,628.936,370.15,1948.23,419.972,6.34521e+06,225.233,249.156,46150
2014-09-07,331.492,721.512,424.658,2375.53,481.812,6.3446e+06,258.398,274.745,46150
2014-09-14,380.278,827.671,487.174,2865.75,552.733,6.34389e+06,296.433,278.21,46150
2014-09-21,436.219,949.394,558.864,3428.12,634.061,6.34308e+06,340.049,335.195,46150
2014-09-28,500.358,1088.95,641.068,4073.23,727.313,6.34215e+06,390.061,346.623,46150
2014-07-13,98.8612,215.5,133.392,140.274,144.703,6.34786e+06,80.1487,62.3189,46200
2014-07-20,113.491,246.546,147.694,290.973,165.001,6.34765e+06,91.3919,123.609,46200
2014-07-27,129.41,280.363,167.196,460.197,188.726,6.34741e+06,104.532,89.1304,46200
2014-08-03,147.2,318.708,189.998,652.256,214.861,6.34714e+06,119.009,119.198,46200
2014-08-10,167.355,362.31,216.003,870.573,244.322,6.34683e+06,135.326,141.252,46200
2014-08-17,190.255,411.877,245.567,1118.77,277.762,6.34648e+06,153.848,164.121,46200
2014-08-24,216.282,468.213,279.167,1400.93,315.763,6.34609e+06,174.897,169.814,46200
2014-08-31,245.861,532.239,317.355,1721.7,358.954,6.34563e+06,198.82,124.384,46200
2014-09-07,279.477,604.997,360.756,2086.34,408.04,6.34512e+06,226.007,161.854,46200
2014-09-14,317.677,687.672,410.078,2500.84,463.821,6.34453e+06,256.904,259.85,46200
2014-09-21,361.081,781.607,466.124,2972,527.205,6.34387e+06,292.011,364.667,46200
2014-09-28,410.396,888.326,529.806,3507.54,599.222,6.34311e+06,331.901,264.936,46200
2014-07-13,77.815,172.091,103.719,108.584,112.663,6.34799e+06,71.3326,87.9937,46250
2014-07-20,91.4895,201.458,116.991,226.806,131.494,6.34781e+06,83.2553,105.127,46250
2014-07-27,106.707,234.246,135.367,362.347,153.917,6.34761e+06,97.4524,90.3592,46250
2014-08-03,124.114,272.28,157.291,519.625,179.202,6.34738e+06,113.462,142.874,46250
2014-08-10,144.288,316.505,182.85,702.432,208.366,6.3471e+06,131.927,80.4955,46250
2014-08-17,167.728,367.914,212.56,914.944,242.222,6.34679e+06,153.363,141.862,46250
2014-08-24,194.97,427.664,247.09,1161.98,281.568,6.34642e+06,178.274,199.687,46250
2014-08-31,226.63,497.102,287.22,1449.15,327.295,6.34599e+06,207.226,167.332,46250
2014-09-07,263.423,577.794,333.859,1782.94,380.437,6.34549e+06,240.873,249.97,46250
2014-09-14,306.178,671.554,388.057,2170.94,442.192,6.34491e+06,279.973,354.295,46250
2014-09-21,355.855,780.491,451.035,2621.91,513.949,6.34424e+06,325.406,353.2,46250
2014-09-28,413.571,907.048,524.209,3146.06,597.321,6.34346e+06,378.193,349.888,46250
2014-07-13,111.389,243.309,150.035,157.676,162.787,6.34779e+06,94.8141,92.1944,46300
2014-07-20,128.307,279.273,166.558,327.39,186.237,6.34755e+06,108.472,95.5975,46300
2014-07-27,146.774,318.583,189.136,518.528,213.716,6.34728e+06,124.477,147.214,46300
2014-08-03,167.481,363.3,215.61,736.14,244.087,6.34697e+06,142.166,131.825,46300
2014-08-10,191.016,414.307,245.897,984.287,278.433,6.34661e+06,162.171,169.375,46300
2014-08-17,217.838,472.473,280.435,1267.29,317.542,6.34621e+06,184.949,153.514,46300
2014-08-24,248.419,538.791,319.813,1590.04,362.125,6.34575e+06,210.917,207.091,46300
2014-08-31,283.284,614.394,364.708,1958.1,412.955,6.34523e+06,240.522,231.094,46300
2014-09-07,323.028,700.576,415.889,2377.82,470.902,6.34463e+06,274.273,242.636,46300
2014-09-14,368.332,798.807,474.234,2856.43,536.957,6.34395e+06,312.746,277.114,46300
2014-09-21,419.968,910.761,540.739,3402.17,612.248,6.34318e+06,356.599,257.5,46300
2014-09-28,478.815,1038.34,616.537,4024.43,698.057,6.34229e+06,406.578,310.758,46300
2014-07-13,77.4738,170.468,103.711,108.749,112.602,6.34799e+06,73.8226,86.3747,46350
2014-07-20,90.3243,197.95,116.216,226.59,130.346,6.34782e+06,85.4553,94.9826,46350
2014-07-27,104.512,228.368,133.435,360.706,151.335,6.34762e+06,99.216,124.432,46350
2014-08-03,120.609,263.371,153.834,515.117,174.81,6.3474e+06,114.606,129.297,46350
2014-08-10,139.115,303.753,177.43,693.188,201.668,6.34714e+06,132.214,215.473,46350
2014-08-17,160.449,350.328,204.646,898.574,232.601,6.34684e+06,152.494,142.636,46350
2014-08-24,185.05,404.036,236.028,1135.46,268.267,6.34649e+06,175.877,173.577,46350
2014-08-31,213.417,465.965,272.216,1408.67,309.395,6.34609e+06,202.841,242.182,46350
2014-09-07,246.125,537.368,313.943,1723.76,356.818,6.34563e+06,233.932,254.889,46350
2014-09-14,283.836,619.688,362.055,2087.14,411.497,6.3451e+06,269.779,321.859,46350
2014-09-21,327.311,714.586,417.525,2506.21,474.535,6.34448e+06,311.107,396.239,46350
2014-09-28,377.427,823.975,481.472,2989.47,547.207,6.34378e+06,358.751,405.296,46350
2014-07-13,98.5265,215.286,132.673,139.415,143.954,6.34786e+06,69.991,98.333,46400
2014-07-20,113.554,247.241,147.347,289.521,164.779,6.34765e+06,80.1165,86.9431,46400
2014-07-27,129.967,282.189,167.406,458.656,189.194,6.34741e+06,91.9871,101.942,46400
2014-08-03,148.38,321.967,190.938,651.318,216.194,6.34714e+06,105.115,82.9887,46400
2014-08-10,169.32,367.365,217.873,871.128,246.745,6.34682e+06,119.969,123.43,46400
2014-08-17,193.198,419.163,248.606,1121.95,281.551,6.34647e+06,136.891,155.544,46400
2014-08-24,220.438,478.254,283.665,1408.14,321.252,6.34606e+06,156.194,179.659,46400
2014-08-31,251.51,545.656,323.658,1734.69,366.54,6.34559e+06,178.214,172.677,46400
2014-09-07,286.952,622.534,369.277,2107.27,418.199,6.34506e+06,203.33,248.744,46400
2014-09-14,327.375,710.213,421.311,2532.35,477.121,6.34446e+06,231.978,320.443,46400
2014-09-21,373.475,810.199,480.656,3017.33,544.32,6.34377e+06,264.651,288.099,46400
2014-09-28,426.044,924.209,548.335,3570.6,620.954,6.34298e+06,301.91,115.799,46400
2014-07-13,107.977,234.082,146.361,154.168,158.693,6.34781e+06,105.384,128.065,46450
2014-07-20,122.842,265.487,160.933,318.973,179.377,6.34758e+06,119.119,117.357,46450
2014-07-27,138.881,299.376,180.69,502.6,203.383,6.34733e+06,135.061,205.515,46450
2014-08-03,156.649,337.474,203.615,709.273,229.598,6.34704e+06,152.47,153.722,46450
2014-08-10,176.607,380.431,229.546,942.234,258.893,6.34672e+06,171.924,151.607,46450
2014-08-17,199.092,428.855,258.778,1204.86,291.862,6.34636e+06,193.818,151.982,46450
2014-08-24,224.432,483.431,291.723,1500.93,329.015,6.34595e+06,218.49,264.329,46450
2014-08-31,252.99,544.935,328.852,1834.69,370.886,6.34549e+06,246.296,271.167,46450
2014-09-07,285.172,614.241,370.694,2210.92,418.073,6.34497e+06,277.631,258.461,46450
2014-09-14,321.435,692.333,417.846,2635.02,471.245,6.34438e+06,312.941,453.65,46450
2014-09-21,362.294,780.315,470.976,3113.04,531.158,6.34372e+06,352.728,498.592,46450
2014-09-28,408.326,879.432,530.838,3651.84,598.66,6.34298e+06,397.554,289.434,46450
2014-07-13,99.5677,216.208,134.777,141.895,146.154,6.34786e+06,95.0363,106.464,46500
2014-07-20,113.583,245.857,148.505,293.807,165.639,6.34765e+06,107.706,116.791,46500
2014-07-27,128.743,277.941,167.147,463.464,188.3,6.34741e+06,122.441,157.922,46500
2014-08-03,145.582,314.104,188.83,654.894,213.112,6.34715e+06,138.575,128.94,46500
2014-08-10,164.545,354.982,213.417,871.218,240.912,6.34685e+06,156.652,122.047,46500
2014-08-17,185.964,401.181,241.204,1115.71,272.279,6.34651e+06,177.048,203.867,46500
2014-08-24,210.164,453.382,272.601,1392.03,307.716,6.34612e+06,200.091,233.205,46500
2014-08-31,237.508,512.36,308.075,1704.31,347.757,6.34569e+06,226.127,256.659,46500
2014-09-07,268.4,578.989,348.154,2057.23,392.995,6.3452e+06,255.543,279.253,46500
2014-09-14,303.299,654.258,393.435,2456.05,444.103,6.34464e+06,288.776,226.467,46500
2014-09-21,342.721,739.277,444.588,2906.73,501.837,6.34402e+06,326.317,319.675,46500
2014-09-28,387.249,835.303,502.371,3416,567.052,6.34331e+06,368.723,466.534,46500
2014-07-13,107.44,236.824,143.609,150.501,155.946,6.34781e+06,75.7971,111.168,46550
2014-07-20,125.629,275.78,161.293,313.855,181.038,6.34757e+06,87.9933,102.066,46550
2014-07-27,145.766,319.027,185.69,500.246,210.788,6.3473e+06,102.453,92.1774,46550
2014-08-03,168.677,368.929,214.663,715.427,244.155,6.34698e+06,118.671,135.219,46550
2014-08-10,195.09,426.654,248.267,964.259,282.436,6.34662e+06,137.277,160.213,46550
2014-08-17,225.62,493.408,287.128,1252.04,326.645,6.34619e+06,158.765,161.878,46550
2014-08-24,260.917,570.589,332.058,1584.87,377.754,6.3457e+06,183.606,189.721,46550
2014-08-31,301.726,659.816,384.006,1969.76,436.844,6.34513e+06,212.327,230.62,46550
2014-09-07,348.902,762.959,444.062,2414.86,505.157,6.34448e+06,245.531,277.968,46550
2014-09-14,403.433,882.177,513.487,2929.56,584.126,6.34372e+06,283.913,315.859,46550
2014-09-21,466.46,1019.96,593.735,3524.72,675.401,6.34285e+06,328.277,323.894,46550
2014-09-28,539.296,1179.17,686.481,4212.86,780.89,6.34183e+06,379.55,525.971,46550
2014-07-13,105.01,228.704,141.793,149.148,153.804,6.34783e+06,84.2459,68.3732,46600
2014-07-20,120.376,261.289,156.822,309.253,175.134,6.3476e+06,95.9292,109.403,46600
2014-07-27,137.073,296.728,177.294,488.816,200.035,6.34735e+06,109.569,54.8119,46600
2014-08-03,155.707,336.858,201.203,692.336,227.429,6.34706e+06,124.574,137.409,46600
2014-08-10,176.789,382.426,228.434,923.369,258.264,6.34674e+06,141.464,123.728,46600
2014-08-17,200.708,434.158,259.349,1185.67,293.216,6.34637e+06,160.609,167.86,46600
2014-08-24,227.857,492.876,294.438,1483.46,332.883,6.34595e+06,182.336,187.467,46600
2014-08-31,258.67,559.517,334.263,1821.54,377.905,6.34548e+06,206.997,179.387,46600
2014-09-07,293.639,635.143,379.463,2205.34,429.001,6.34494e+06,234.985,348.216,46600
2014-09-14,333.322,720.959,430.759,2641.04,486.987,6.34432e+06,266.746,278.529,46600
2014-09-21,378.351,818.328,488.968,3135.61,552.787,6.34363e+06,302.788,296.781,46600
2014-09-28,429.439,928.795,555.016,3697.01,627.446,6.34284e+06,343.682,249.361,46600
2014-07-13,90.4922,195.716,122.901,129.547,133.228,6.34791e+06,85.808,90.5817,46650
2014-07-20,102.555,221.152,134.739,267.741,150.032,6.34772e+06,96.6311,138.192,46650
2014-07-27,115.524,248.491,150.75,421.208,169.478,6.34751e+06,109.156,124.004,46650
2014-08-03,129.837,279.114,169.27,593.322,190.634,6.34728e+06,122.782,125.503,46650
2014-08-10,145.857,313.52,190.146,786.636,214.189,6.34701e+06,137.953,135.383,46650
2014-08-17,163.84,352.169,213.595,1003.79,240.605,6.34672e+06,154.967,133.909,46650
2014-08-24,184.036,395.574,239.93,1247.72,270.267,6.34638e+06,174.071,213.412,46650
2014-08-31,206.717,444.318,269.505,1521.73,303.578,6.34601e+06,195.526,226.678,46650
2014-09-07,232.186,499.053,302.717,1829.5,340.986,6.34559e+06,219.619,194.608,46650
2014-09-14,260.785,560.512,340.012,2175.2,382.993,6.34511e+06,246.674,283.605,46650
2014-09-21,292.897,629.516,381.89,2563.48,430.159,6.34458e+06,277.053,324.812,46650
2014-09-28,328.949,706.984,428.911,2999.58,483.117,6.34399e+06,311.162,306.37,46650
2014-07-13,135.205,292.013,183.84,193.863,199.262,6.34765e+06,96.6761,124.726,46700
2014-07-20,152.877,329.233,201.196,400.406,223.899,6.34737e+06,108.629,119.9,46700
2014-07-27,171.835,369.14,224.634,629.325,252.357,6.34706e+06,122.436,144.182,46700
2014-08-03,192.71,413.739,251.692,885.514,283.247,6.34671e+06,137.423,135.753,46700
2014-08-10,216.02,463.737,282.124,1172.64,317.56,6.34632e+06,154.071,152.263,46700
2014-08-17,242.129,519.772,316.233,1494.49,355.953,6.34588e+06,172.698,182.309,46700
2014-08-24,271.384,582.562,354.453,1855.23,398.968,6.34539e+06,193.567,137.705,46700
2014-08-31,304.163,652.91,397.277,2259.57,447.165,6.34484e+06,216.951,212.182,46700
2014-09-07,340.887,731.722,445.258,2712.76,501.164,6.34422e+06,243.15,157.335,46700
2014-09-14,382.027,820.007,499.013,3220.66,561.661,6.34353e+06,272.501,144.556,46700
2014-09-21,428.11,918.893,559.232,3789.87,629.429,6.34275e+06,305.381,287.531,46700
2014-09-28,479.724,1029.64,626.684,4427.76,705.336,6.34189e+06,342.208,434.97,46700
2014-07-13,104.407,230.123,139.563,146.264,151.552,6.34783e+06,80.8877,79.0381,46750
2014-07-20,122.069,267.948,156.735,305.009,175.918,6.3476e+06,93.8926,115.088,46750
2014-07-27,141.621,309.934,180.425,486.124,204.804,6.34733e+06,109.31,122.396,46750
2014-08-03,163.863,358.378,208.554,695.192,237.198,6.34702e+06,126.6,153.396,46750
2014-08-10,189.503,414.409,241.177,936.93,274.36,6.34667e+06,146.434,171.832,46750
2014-08-17,219.135,479.198,278.899,1216.48,317.272,6.34626e+06,169.338,170.604,46750
2014-08-24,253.392,554.101,322.509,1539.75,366.877,6.34578e+06,195.814,195.223,46750
2014-08-31,292.995,640.686,372.924,1913.56,424.224,6.34523e+06,226.421,227.067,46750
2014-09-07,338.772,740.766,431.205,2345.79,490.515,6.34459e+06,261.803,290.188,46750
2014-09-14,391.682,856.433,498.57,2845.56,567.138,6.34386e+06,302.699,262.758,46750
2014-09-21,452.83,990.099,576.431,3423.4,655.696,6.34301e+06,349.965,413.225,46750
2014-09-28,523.488,1144.55,666.411,4091.45,758.035,6.34202e+06,404.587,375.228,46750
2014-07-13,114.351,248.709,154.581,162.666,167.654,6.34777e+06,87.987,103.361,46800
2014-07-20,130.792,283.534,170.671,337.068,190.492,6.34753e+06,99.9724,124.34,46800
2014-07-27,148.619,321.322,192.56,532.287,217.107,6.34726e+06,113.941,144.877,46800
2014-08-03,168.471,364.019,218.073,753.096,246.323,6.34695e+06,129.273,144.493,46800
2014-08-10,190.883,412.402,247.073,1003.23,279.138,6.3466e+06,146.495,185.702,46800
2014-08-17,216.257,467.213,279.926,1286.64,316.255,6.3462e+06,165.974,133.399,46800
2014-08-24,244.998,529.295,317.137,1607.72,358.29,6.34575e+06,188.035,136.974,46800
2014-08-31,277.548,599.604,359.282,1971.47,405.899,6.34524e+06,213.021,187.381,46800
2014-09-07,314.411,679.225,407.013,2383.56,459.818,6.34467e+06,241.318,166.579,46800
2014-09-14,356.154,769.383,461.067,2850.38,520.878,6.34401e+06,273.363,240.811,46800
2014-09-21,403.42,871.461,522.276,3379.19,590.019,6.34327e+06,309.649,300.921,46800
2014-09-28,456.933,987.023,591.582,3978.19,668.303,6.34244e+06,350.733,254.306,46800
2014-07-13,132.993,292.009,178.352,187.137,193.604,6.34766e+06,85.7952,83.3361,46850
2014-07-20,154.509,337.942,199.312,389.525,223.347,6.34737e+06,98.9756,41.209,46850
2014-07-27,178.184,388.593,228.108,619.16,258.432,6.34704e+06,114.523,100.186,46850
2014-08-03,204.951,446.679,262.118,882.684,297.534,6.34665e+06,131.851,173.291,46850
2014-08-10,235.619,513.462,301.329,1185.59,342.116,6.34621e+06,151.608,128.591,46850
2014-08-17,270.852,590.225,346.401,1533.8,393.287,6.34571e+06,174.284,169.63,46850
2014-08-24,311.34,678.438,398.196,1934.09,452.086,6.34513e+06,200.341,275.608,46850
2014-08-31,357.865,779.797,457.717,2394.23,519.655,6.34446e+06,230.284,245.957,46850
2014-09-07,411.32,896.25,526.11,2923.13,597.293,6.34369e+06,264.689,221.179,46850
2014-09-14,472.733,1030.03,604.69,3531.04,686.494,6.34281e+06,304.218,266.833,46850
2014-09-21,543.278,1183.69,694.964,4229.73,788.965,6.3418e+06,349.628,354.763,46850
2014-09-28,624.302,1360.15,798.659,5032.7,906.665,6.34063e+06,401.786,393.588,46850
2014-07-13,123.789,267.626,168.177,177.292,182.301,6.34771e+06,98.6212,84.3966,46900
2014-07-20,140.2,302.219,184.286,366.352,205.168,6.34746e+06,110.992,101.616,46900
2014-07-27,157.833,339.374,206.064,576.19,231.616,6.34717e+06,125.3,161.991,46900
2014-08-03,177.28,380.964,231.24,811.384,260.371,6.34685e+06,140.855,150.98,46900
2014-08-10,199.031,427.661,259.6,1075.39,292.363,6.34649e+06,158.163,142.192,46900
2014-08-17,223.431,480.079,291.435,1371.77,328.217,6.34608e+06,177.559,174.595,46900
2014-08-24,250.815,538.907,327.163,1704.49,368.449,6.34563e+06,199.323,167.833,46900
2014-08-31,281.546,604.922,367.258,2078,413.599,6.34512e+06,223.749,183.431,46900
2014-09-07,316.029,678.997,412.252,2497.27,464.265,6.34455e+06,251.158,238.277,46900
2014-09-14,354.721,762.106,462.741,2967.9,521.117,6.3439e+06,281.914,370.082,46900
2014-09-21,398.131,855.345,519.391,3496.15,584.905,6.34318e+06,316.421,389.268,46900
2014-09-28,446.829,959.935,582.946,4089.06,656.466,6.34237e+06,355.134,473.581,46900
2014-07-13,102.96,223.591,139.361,146.718,151.126,6.34784e+06,81.8876,111.23,46950
2014-07-20,117.467,254.282,153.569,303.802,171.293,6.34762e+06,92.8152,115.316,46950
2014-07-27,133.16,287.497,172.867,479.255,194.751,6.34738e+06,105.526,107.864,46950
2014-08-03,150.594,324.939,195.313,677.246,220.437,6.3471e+06,119.444,131.977,46950
2014-08-10,170.229,367.268,220.769,901.01,249.22,6.34679e+06,135.04,140.572,46950
2014-08-17,192.408,415.111,249.541,1153.94,281.7,6.34644e+06,152.639,142.299,46950
2014-08-24,217.471,469.176,282.053,1439.82,318.398,6.34604e+06,172.524,211.162,46950
2014-08-31,245.792,530.265,318.792,1762.95,359.868,6.34559e+06,194.994,174.542,46950
2014-09-07,277.791,599.286,360.304,2128.17,406.725,6.34508e+06,220.384,239.11,46950
2014-09-14,313.944,677.264,407.209,2540.93,459.667,6.34451e+06,249.071,198.223,46950
2014-09-21,354.787,765.352,460.201,3007.41,519.479,6.34386e+06,281.48,273.702,46950
2014-09-28,400.923,864.851,520.066,3534.6,587.046,6.34313e+06,318.091,382.724,46950
2014-07-13,70.5803,156.033,94.1053,98.5309,102.217,6.34803e+06,80.8393,101.289,47000
2014-07-20,82.9324,182.552,106.096,205.771,119.231,6.34787e+06,94.2942,81.6091,47000
2014-07-27,96.6703,212.142,122.692,328.655,139.48,6.34769e+06,110.308,113.783,47000
2014-08-03,112.376,246.448,142.482,471.164,162.299,6.34748e+06,128.355,166.538,47000
2014-08-10,130.568,286.314,165.54,636.711,188.605,6.34723e+06,149.159,131.623,47000
2014-08-17,151.693,332.631,192.328,829.049,219.126,6.34694e+06,173.297,185.694,47000
2014-08-24,176.231,386.433,223.444,1052.51,254.576,6.34661e+06,201.333,151.288,47000
2014-08-31,204.734,448.925,259.588,1312.12,295.753,6.34622e+06,233.898,234.023,47000
2014-09-07,237.839,521.506,301.571,1613.72,343.581,6.34578e+06,271.723,350.966,47000
2014-09-14,276.287,605.798,350.332,1964.09,399.131,6.34525e+06,315.655,348.97,47000
2014-09-21,320.938,703.683,406.962,2371.1,463.644,6.34465e+06,366.675,248.066,47000
2014-09-28,372.788,817.342,472.726,2843.89,538.561,6.34394e+06,425.924,523.851,47000
2014-07-13,99.477,218.441,133.395,139.961,144.803,6.34786e+06,93.0936,79.3574,47050
2014-07-20,115.589,252.84,149.089,291.342,167.075,6.34764e+06,107.412,103.122,47050
2014-07-27,133.322,290.782,170.655,463.126,193.35,6.34739e+06,124.304,167.054,47050
2014-08-03,153.374,334.303,196.129,660.293,222.641,6.34711e+06,143.135,138.268,47050
2014-08-10,176.355,384.352,225.506,886.959,256.043,6.34678e+06,164.609,149.445,47050
2014-08-17,202.762,441.894,259.281,1147.58,294.392,6.3464e+06,189.263,265.152,47050
2014-08-24,233.115,508.036,298.103,1447.22,338.467,6.34596e+06,217.599,205.195,47050
2014-08-31,268.003,584.058,342.727,1791.73,389.129,6.34546e+06,250.17,190.466,47050
2014-09-07,308.102,671.427,394.018,2187.79,447.359,6.34489e+06,287.605,132.014,47050
2014-09-14,354.183,771.829,452.966,2643.13,514.28,6.34423e+06,330.629,439.036,47050
2014-09-21,407.137,887.195,520.709,3166.57,591.184,6.34347e+06,380.07,308.351,47050
2014-09-28,467.979,1019.74,598.552,3768.28,679.551,6.3426e+06,436.881,427.662,47050
2014-07-13,87.2494,191.687,116.948,122.686,126.956,6.34793e+06,80.3541,60.1088,47100
2014-07-20,101.466,222.052,130.792,255.443,146.601,6.34774e+06,92.7884,100.24,47100
2014-07-27,117.125,255.574,149.826,406.204,169.795,6.34752e+06,107.468,101.378,47100
2014-08-03,134.847,294.057,172.326,579.375,195.671,6.34727e+06,123.846,156.864,47100
2014-08-10,155.174,338.347,198.293,778.613,225.205,6.34698e+06,142.539,158.658,47100
2014-08-17,178.55,389.31,228.172,1007.87,259.139,6.34665e+06,164.016,172.848,47100
2014-08-24,205.442,447.938,262.544,1271.67,298.172,6.34626e+06,188.722,161.931,47100
2014-08-31,236.378,515.379,302.086,1575.21,343.076,6.34582e+06,217.143,194.33,47100
2014-09-07,271.962,592.952,347.572,1924.45,394.73,6.34531e+06,249.836,243.399,47100
2014-09-14,312.891,682.172,399.892,2326.27,454.144,6.34473e+06,287.441,208.624,47100
2014-09-21,359.964,784.778,460.07,2788.58,522.479,6.34406e+06,330.692,242.871,47100
2014-09-28,414.097,902.767,529.279,3320.43,601.067,6.34328e+06,380.433,469.491,47100
2014-07-13,113.424,243.007,155.251,164.104,168.154,6.34777e+06,94.8705,113.874,47150
2014-07-20,126.576,270.526,168.217,337.701,186.563,6.34755e+06,105.257,71.9078,47150
2014-07-27,140.513,299.635,185.585,527.948,207.615,6.3473e+06,117.134,127.914,47150
2014-08-03,155.666,331.762,205.417,738.293,230.177,6.34702e+06,129.863,135.559,47150
2014-08-10,172.377,367.342,227.459,971.178,254.927,6.34671e+06,143.827,104.694,47150
2014-08-17,190.868,406.737,251.864,1229.05,282.28,6.34637e+06,159.259,171.619,47150
2014-08-24,211.336,450.347,278.88,1514.59,312.555,6.34599e+06,176.34,124.036,47150
2014-08-31,233.992,498.618,308.785,1830.76,346.068,6.34558e+06,195.248,221.759,47150
2014-09-07,259.07,552.046,341.888,2180.82,383.163,6.34512e+06,216.176,215.288,47150
2014-09-14,286.825,611.176,378.526,2568.4,424.22,6.34461e+06,239.34,305.598,47150
2014-09-21,317.543,676.613,419.077,2997.51,469.66,6.34404e+06,264.977,207.623,47150
2014-09-28,351.535,749.023,463.954,3472.58,519.947,6.34341e+06,293.348,247.954,47150
2014-07-13,100.879,216.368,137.954,145.773,149.434,6.34785e+06,97.9216,115.817,47200
2014-07-20,112.779,241.293,149.68,300.129,166.082,6.34765e+06,108.831,110.897,47200
2014-07-27,125.413,267.707,165.405,469.551,185.148,6.34742e+06,121.324,112.594,47200
2014-08-03,139.171,296.91,183.389,657.185,205.617,6.34717e+06,134.738,138.451,47200
2014-08-10,154.372,329.308,203.409,865.275,228.11,6.3469e+06,149.477,136.854,47200
2014-08-17,171.221,365.241,225.615,1096.08,253.013,6.34659e+06,165.796,182.946,47200
2014-08-24,189.903,405.088,250.238,1352.08,280.623,6.34625e+06,183.888,140.072,47200
2014-08-31,210.618,449.27,277.541,1636.02,311.239,6.34588e+06,203.95,219.125,47200
2014-09-07,233.587,498.255,307.815,1950.93,345.186,6.34546e+06,226.195,227.869,47200
2014-09-14,259.053,552.565,341.382,2300.19,382.824,6.345e+06,250.858,271.057,47200
2014-09-21,287.285,612.771,378.597,2687.52,424.552,6.34448e+06,278.202,246.207,47200
2014-09-28,318.582,679.51,419.855,3117.08,470.812,6.34391e+06,308.515,300.577,47200
2014-07-13,125.268,272.04,169.552,178.502,183.866,6.3477e+06,88.5281,83.2425,47250
2014-07-20,142.922,309.389,186.843,369.619,208.409,6.34744e+06,100.345,59.6427,47250
2014-07-27,162.02,349.811,210.328,583.091,236.956,6.34714e+06,114.09,99.1282,47250
2014-08-03,183.236,395.376,237.644,823.99,268.216,6.34681e+06,129.141,140.565,47250
2014-08-10,207.13,446.886,268.622,1096.25,303.242,6.34643e+06,146.005,121.135,47250
2014-08-17,234.12,505.105,303.635,1404.01,342.767,6.346e+06,165.036,124.481,47250
2014-08-24,264.618,570.891,343.198,1751.87,387.424,6.34552e+06,186.538,191.352,47250
2014-08-31,299.078,645.22,387.903,2145.05,437.885,6.34497e+06,210.833,162.586,47250
2014-09-07,338.011,729.195,438.414,2589.44,494.898,6.34435e+06,238.284,238.481,47250
2014-09-14,381.995,824.058,495.482,3091.68,559.31,6.34366e+06,269.297,251.377,47250
2014-09-21,431.68,931.208,559.951,3659.28,632.074,6.34287e+06,304.332,254.642,47250
2014-09-28,487.797,1052.22,632.774,4300.72,714.264,6.34198e+06,343.905,327.183,47250
2014-07-13,131.512,283.173,179.27,189.214,194.255,6.34767e+06,92.3902,108.724,47300
2014-07-20,147.964,317.737,195.45,390.258,217.225,6.3474e+06,103.315,49.2153,47300
2014-07-27,165.53,354.606,217.234,612.132,243.658,6.3471e+06,115.887,127.737,47300
2014-08-03,184.78,395.615,242.277,859.299,272.21,6.34677e+06,129.467,220.08,47300
2014-08-10,206.175,441.375,270.317,1135.04,303.776,6.3464e+06,144.48,92.8302,47300
2014-08-17,230.027,492.425,301.599,1442.68,338.931,6.34598e+06,161.2,195.472,47300
2014-08-24,256.63,549.365,336.49,1785.93,378.135,6.34552e+06,179.846,173.096,47300
2014-08-31,286.301,612.867,375.404,2168.87,421.86,6.34501e+06,200.642,134.128,47300
2014-09-07,319.389,683.681,418.803,2596.1,470.625,6.34443e+06,223.835,163.488,47300
2014-09-14,356.286,762.642,467.202,3072.71,525.005,6.34379e+06,249.699,245.448,47300
2014-09-21,397.427,850.68,521.17,3604.38,585.642,6.34308e+06,278.539,320.564,47300
2014-09-28,443.295,948.827,581.345,4197.45,653.249,6.34228e+06,310.694,281.737,47300
2014-07-13,93.4424,203.604,126.124,132.648,136.813,6.34789e+06,86.7724,81.1291,47350
2014-07-20,107.197,232.784,139.574,275.1,155.902,6.3477e+06,98.8794,131.457,47350
2014-07-27,122.155,264.546,157.905,434.97,178.201,6.34747e+06,113.022,132.975,47350
2014-08-03,138.86,300.538,179.327,616.299,202.75,6.34721e+06,128.592,128.326,47350
2014-08-10,157.774,341.439,203.743,822.287,230.405,6.34692e+06,146.132,198.006,47350
2014-08-17,179.25,387.907,231.483,1056.32,261.775,6.3466e+06,166.028,114.394,47350
2014-08-24,203.643,440.689,262.991,1322.22,297.403,6.34622e+06,188.625,174.383,47350
2014-08-31,231.35,500.638,298.779,1624.3,337.871,6.34579e+06,214.291,193.608,47350
2014-09-07,262.818,568.723,339.427,1967.49,383.834,6.34531e+06,243.442,306.305,47350
2014-09-14,298.555,646.041,385.593,2357.35,436.034,6.34476e+06,276.55,281.605,47350
2014-09-21,339.137,733.837,438.021,2800.24,495.314,6.34414e+06,314.148,330.366,47350
2014-09-28,385.217,833.522,497.556,3303.33,562.628,6.34343e+06,356.841,379.369,47350
2014-07-13,104.521,227.55,141.179,148.519,153.132,6.34783e+06,83.2818,97.5236,47400
2014-07-20,119.739,259.811,156.065,307.893,174.261,6.34761e+06,94.7727,80.7792,47400
2014-07-27,136.266,294.875,176.337,486.537,198.915,6.34736e+06,108.181,110.473,47400
2014-08-03,154.697,334.556,199.997,688.896,226.02,6.34707e+06,122.922,143.579,47400
2014-08-10,175.539,379.587,226.93,918.475,256.512,6.34675e+06,139.506,158.746,47400
2014-08-17,199.17,430.68,257.489,1178.97,291.054,6.34638e+06,158.292,139.881,47400
2014-08-24,225.977,488.637,292.152,1474.54,330.232,6.34597e+06,179.599,169.404,47400
2014-08-31,256.384,554.376,331.472,1809.89,374.673,6.3455e+06,203.768,214.832,47400
2014-09-07,290.871,628.934,376.071,2190.37,425.08,6.34496e+06,231.182,290.115,47400
2014-09-14,329.985,713.488,426.656,2622.04,482.25,6.34436e+06,262.275,239.767,47400
2014-09-21,374.341,809.37,484.024,3111.76,547.086,6.34367e+06,297.536,343.931,47400
2014-09-28,424.637,918.086,549.079,3667.31,620.608,6.34289e+06,337.522,318.396,47400
2014-07-13,92.2534,198.947,125.595,132.501,136.112,6.3479e+06,92.6546,110.647,47450
2014-07-20,104.055,223.774,137.193,273.48,152.577,6.34771e+06,103.863,150.755,47450
2014-07-27,116.687,250.327,152.834,429.401,171.561,6.3475e+06,116.786,113.356,47450
2014-08-03,130.565,279.936,170.853,603.501,192.12,6.34727e+06,130.78,121.529,47450
2014-08-10,146.027,313.055,191.076,798.183,214.905,6.347e+06,146.291,133.036,47450
2014-08-17,163.307,350.095,213.693,1015.91,240.343,6.34671e+06,163.607,196.04,47450
2014-08-24,182.628,391.509,238.98,1259.4,268.781,6.34638e+06,182.965,142.426,47450
2014-08-31,204.23,437.811,267.253,1531.71,300.577,6.34601e+06,204.609,200.251,47450
2014-09-07,228.38,489.575,298.863,1836.22,336.125,6.3456e+06,228.808,232.481,47450
2014-09-14,255.379,547.44,334.202,2176.75,375.867,6.34514e+06,255.861,305.31,47450
2014-09-21,285.559,612.123,373.709,2557.54,420.294,6.34462e+06,286.104,282.075,47450
2014-09-28,319.294,684.421,417.87,2983.33,469.955,6.34405e+06,319.909,280.744,47450
2014-07-13,98.2661,212.744,133.347,140.516,144.565,6.34787e+06,89.2324,102.78,47500
2014-07-20,111.549,240.776,146.377,290.546,163.059,6.34766e+06,100.648,103.052,47500
2014-07-27,125.852,270.957,164.017,457.395,184.489,6.34743e+06,113.876,122.916,47500
2014-08-03,141.662,304.815,184.45,644.802,207.84,6.34717e+06,128.289,119.332,47500
2014-08-10,159.386,342.915,207.516,855.617,233.88,6.34688e+06,144.363,162.709,47500
2014-08-17,179.312,385.777,233.465,1092.79,263.128,6.34656e+06,162.415,227.971,47500
2014-08-24,201.723,433.988,262.652,1359.63,296.019,6.34619e+06,182.717,216.933,47500
2014-08-31,226.93,488.209,295.479,1659.81,333.013,6.34578e+06,205.552,215.645,47500
2014-09-07,255.278,549.187,332.399,1997.51,374.619,6.34532e+06,231.234,226.778,47500
2014-09-14,287.158,617.757,373.921,2377.4,421.41,6.34479e+06,260.115,195.099,47500
2014-09-21,323.007,694.86,420.614,2804.74,474.028,6.34421e+06,292.594,228.292,47500
2014-09-28,363.315,781.55,473.119,3285.42,533.194,6.34355e+06,329.114,274.573,47500
2014-07-13,100.953,219.765,136.367,143.46,147.912,6.34785e+06,85.6921,101.471,47550
2014-07-20,115.637,250.894,150.732,297.395,168.3,6.34764e+06,97.5044,132.067,47550
2014-07-27,131.583,284.723,170.292,469.924,192.09,6.34739e+06,111.287,118.682,47550
2014-08-03,149.365,323.002,193.121,665.336,218.24,6.34712e+06,126.437,135.156,47550
2014-08-10,169.469,366.439,219.104,887.009,247.656,6.34681e+06,143.479,173.647,47550
2014-08-17,192.263,415.717,248.581,1138.51,280.975,6.34645e+06,162.782,148.676,47550
2014-08-24,218.117,471.611,282.015,1423.83,318.762,6.34605e+06,184.674,169.011,47550
2014-08-31,247.44,535.003,319.937,1747.53,361.621,6.3456e+06,209.504,286.818,47550
2014-09-07,280.695,606.893,362.946,2114.75,410.229,6.34508e+06,237.665,226.614,47550
2014-09-14,318.407,688.414,411.722,2531.33,465.354,6.3445e+06,269.602,308.856,47550
2014-09-21,361.17,780.848,467.034,3003.88,527.864,6.34384e+06,305.817,270.689,47550
2014-09-28,409.656,885.645,529.752,3539.91,598.743,6.34309e+06,346.88,286.328,47550
2014-07-13,84.8457,184.363,114.785,120.823,124.482,6.34795e+06,93.6693,131.499,47600
2014-07-20,96.8948,209.867,126.583,250.253,141.228,6.34777e+06,106.27,81.3163,47600
2014-07-27,109.942,237.498,142.617,394.94,160.72,6.34757e+06,120.937,154.558,47600
2014-08-03,124.45,268.675,161.283,558.36,182.086,6.34734e+06,137.014,131.576,47600
2014-08-10,140.806,303.955,182.47,743.223,206.05,6.34708e+06,155.047,146.546,47600
2014-08-17,159.299,343.869,206.441,952.372,233.119,6.34679e+06,175.415,166.886,47600
2014-08-24,180.216,389.017,233.554,1188.99,263.733,6.34646e+06,198.451,226.864,47600
2014-08-31,203.875,440.081,264.221,1456.69,298.36,6.34609e+06,224.507,191.657,47600
2014-09-07,230.634,497.833,298.907,1759.52,337.525,6.34566e+06,253.978,254.724,47600
2014-09-14,260.897,563.145,338.136,2102.11,381.819,6.34519e+06,287.308,224.268,47600
2014-09-21,295.12,637,382.502,2489.66,431.912,6.34465e+06,325.001,291.962,47600
2014-09-28,333.818,720.509,432.673,2928.05,488.557,6.34403e+06,367.625,405.139,47600
2014-07-13,89.4051,197.196,119.438,125.145,129.707,6.34792e+06,72.6916,58.1518,47650
2014-07-20,104.652,229.866,134.256,261.06,150.732,6.34772e+06,84.4749,109.286,47650
2014-07-27,121.547,266.176,154.714,416.283,175.681,6.34749e+06,98.457,145.581,47650
2014-08-03,140.791,308.117,179.03,595.659,203.692,6.34723e+06,114.155,120.173,47650
2014-08-10,162.999,356.681,207.261,803.291,235.863,6.34692e+06,132.185,128.551,47650
2014-08-17,188.695,412.901,239.942,1043.66,273.054,6.34656e+06,153.028,129.95,47650
2014-08-24,218.435,477.97,277.766,1321.93,316.094,6.34615e+06,177.149,163.403,47650
2014-08-31,252.855,553.274,321.542,1644.06,365.907,6.34568e+06,205.066,162.12,47650
2014-09-07,292.687,640.416,372.206,2016.96,423.556,6.34513e+06,237.374,264.944,47650
2014-09-14,338.779,741.249,430.836,2448.6,490.269,6.34449e+06,274.762,240.636,47650
2014-09-21,392.111,857.912,498.679,2948.21,567.462,6.34375e+06,318.024,304.712,47650
2014-09-28,453.812,992.873,577.175,3526.49,656.775,6.3429e+06,368.078,381.132,47650
2014-07-13,98.1956,216.126,131.419,137.789,142.689,6.34787e+06,74.7837,58.2397,47700
2014-07-20,114.538,251.083,147.318,287.139,165.25,6.34765e+06,86.6084,81.9901,47700
2014-07-27,132.588,289.793,169.22,457.186,191.948,6.3474e+06,100.601,72.3219,47700
2014-08-03,153.076,334.356,195.175,653.052,221.821,6.34711e+06,116.257,101.192,47700
2014-08-10,176.642,385.788,225.212,879.028,256.013,6.34678e+06,134.178,100.061,47700
2014-08-17,203.817,445.13,259.868,1139.78,295.409,6.3464e+06,154.825,168.041,47700
2014-08-24,235.166,513.586,299.847,1440.65,340.851,6.34596e+06,178.642,161.187,47700
2014-08-31,271.328,592.549,345.965,1787.81,393.271,6.34545e+06,206.115,219.699,47700
2014-09-07,313.039,683.622,399.161,2188.35,453.737,6.34487e+06,237.805,234.102,47700
2014-09-14,361.145,788.654,460.518,2650.47,523.476,6.34419e+06,274.356,226.195,47700
2014-09-21,416.621,909.772,531.282,3183.61,603.905,6.34341e+06,316.509,349.058,47700
2014-09-28,480.591,1049.42,612.886,3798.65,696.651,6.34251e+06,365.118,321.317,47700
2014-07-13,92.3951,202.037,124.339,130.629,134.921,6.3479e+06,83.234,97.3688,47750
2014-07-20,106.617,232.297,138.221,271.369,154.622,6.3477e+06,95.3879,94.7006,47750
2014-07-27,122.168,265.433,157.212,430.119,177.741,6.34748e+06,109.65,86.4638,47750
2014-08-03,139.634,303.192,179.515,611.154,203.338,6.34722e+06,125.441,110.9,47750
2014-08-10,159.52,346.335,205.071,817.934,232.335,6.34692e+06,143.33,108.986,47750
2014-08-17,182.223,395.618,234.263,1054.15,265.41,6.34658e+06,163.734,185.589,47750
2014-08-24,208.152,451.903,267.603,1323.99,303.179,6.3462e+06,187.034,175.039,47750
2014-08-31,237.763,516.18,305.679,1632.23,346.313,6.34576e+06,213.644,290.999,47750
2014-09-07,271.577,589.578,349.162,1984.31,395.572,6.34526e+06,244.032,189.899,47750
2014-09-14,310.189,673.385,398.816,2386.48,451.821,6.34468e+06,278.732,315.115,47750
2014-09-21,354.274,769.068,455.514,2845.83,516.047,6.34403e+06,318.354,313.829,47750
2014-09-28,404.605,878.299,520.248,3370.47,589.375,6.34328e+06,363.591,329.831,47750
2014-07-13,68.7162,150.905,92.1399,96.6734,100.021,6.34804e+06,72.4414,93.0268,47800
2014-07-20,79.8564,174.691,102.991,201.241,115.418,6.34789e+06,83.5933,78.2049,47800
2014-07-27,92.1188,200.931,117.902,319.917,133.587,6.34772e+06,96.7523,87.4953,47800
2014-08-03,105.988,231.036,135.519,456.144,153.844,6.34752e+06,111.423,103.537,47800
2014-08-10,121.885,265.662,155.838,612.774,176.949,6.34729e+06,128.157,150.929,47800
2014-08-17,140.156,305.48,179.203,792.888,203.48,6.34703e+06,147.373,107.688,47800
2014-08-24,161.163,351.261,206.066,1000,233.979,6.34673e+06,169.463,137.593,47800
2014-08-31,185.313,403.892,236.95,1238.17,269.045,6.34639e+06,194.859,204.761,47800
2014-09-07,213.077,464.396,272.456,1512.02,309.357,6.34599e+06,224.056,286.821,47800
2014-09-14,244.993,533.946,313.274,1826.9,355.701,6.34553e+06,257.621,338.876,47800
2014-09-21,281.68,613.889,360.196,2188.95,408.972,6.34501e+06,296.204,332.853,47800
2014-09-28,323.847,705.769,414.13,2605.22,470.205,6.3444e+06,340.552,367.015,47800
2014-07-13,127.821,275.985,173.841,183.334,188.419,6.34769e+06,94.1608,100.171,47850
2014-07-20,144.46,311.021,190.184,378.61,211.619,6.34743e+06,105.755,82.3664,47850
2014-07-27,162.302,348.57,212.249,594.953,238.408,6.34713e+06,119.142,153.967,47850
2014-08-03,181.939,390.515,237.712,836.964,267.473,6.3468e+06,133.667,127.189,47850
2014-08-10,203.859,437.517,266.338,1108.08,299.746,6.34643e+06,149.795,166.3,47850
2014-08-17,228.399,490.173,298.41,1411.85,335.84,6.34602e+06,167.833,185.676,47850
2014-08-24,255.886,549.151,334.331,1752.19,376.262,6.34556e+06,188.034,241.81,47850
2014-08-31,286.67,615.204,374.563,2133.5,421.536,6.34504e+06,210.659,195.092,47850
2014-09-07,321.145,689.173,419.622,2560.68,472.24,6.34446e+06,235.998,225.384,47850
2014-09-14,359.751,771.999,470.083,3039.24,529.021,6.34381e+06,264.373,244.519,47850
2014-09-21,402.979,864.735,526.589,3575.33,592.602,6.34308e+06,296.147,331.743,47850
2014-09-28,451.376,968.554,589.857,4175.85,663.79,6.34226e+06,331.723,307.469,47850
2014-07-13,110.903,236.36,152.452,161.392,165.046,6.34779e+06,112.911,103.637,47900
2014-07-20,122.71,260.962,164.123,331.338,181.617,6.34757e+06,124.247,107.372,47900
2014-07-27,135.124,286.756,179.672,516.233,200.444,6.34733e+06,137.127,172.776,47900
2014-08-03,148.509,314.993,197.302,719.058,220.455,6.34707e+06,150.817,150.072,47900
2014-08-10,163.152,346.017,216.745,941.843,242.227,6.34678e+06,165.712,152.447,47900
2014-08-17,179.225,380.097,238.104,1186.58,266.098,6.34647e+06,182.042,117.622,47900
2014-08-24,196.876,417.526,261.56,1455.43,292.308,6.34612e+06,199.973,238.849,47900
2014-08-31,216.26,458.628,287.319,1750.77,321.093,6.34574e+06,219.665,228.231,47900
2014-09-07,237.546,503.761,315.607,2075.18,352.703,6.34532e+06,241.29,254.767,47900
2014-09-14,260.92,553.318,346.67,2431.53,387.413,6.34486e+06,265.035,328.638,47900
2014-09-21,286.584,607.729,380.778,2822.95,425.525,6.34435e+06,291.109,216.776,47900
2014-09-28,314.76,667.464,418.229,3252.87,467.371,6.3438e+06,319.736,319.642,47900
2014-07-13,74.998,164.473,100.68,105.679,109.278,6.348e+06,74.7332,67.239,47950
2014-07-20,86.9585,189.982,112.338,219.842,125.821,6.34784e+06,86.0469,82.3584,47950
2014-07-27,100.095,218.056,128.335,349.152,145.307,6.34765e+06,99.3729,95.2921,47950
2014-08-03,114.921,250.194,147.198,497.272,166.984,6.34744e+06,114.197,96.456,47950
2014-08-10,131.877,287.08,168.909,667.216,191.654,6.34719e+06,131.069,140.117,47950
2014-08-17,151.324,329.407,193.821,862.225,219.922,6.34691e+06,150.401,114.626,47950
2014-08-24,173.634,377.968,222.401,1085.99,252.348,6.34659e+06,172.577,149.992,47950
2014-08-31,199.229,433.675,255.19,1342.75,289.549,6.34622e+06,198.018,132.853,47950
2014-09-07,228.589,497.578,292.804,1637.36,332.225,6.34579e+06,227.203,120.516,47950
2014-09-14,262.269,570.877,335.954,1975.39,381.18,6.34531e+06,260.683,254.812,47950
2014-09-21,300.899,654.947,385.448,2363.23,437.333,6.34475e+06,299.085,270.768,47950
2014-09-28,345.204,751.362,442.218,2808.2,501.737,6.3441e+06,343.13,411.8,47950
2014-07-13,143.625,310.149,195.314,205.972,211.696,6.34759e+06,91.4689,87.5036,48000
2014-07-20,162.356,349.594,213.711,425.385,237.811,6.3473e+06,102.753,89.7224,48000
2014-07-27,182.445,391.875,238.551,668.515,267.97,6.34697e+06,115.784,102.274,48000
2014-08-03,204.559,439.115,267.221,940.543,300.698,6.3466e+06,129.925,143.602,48000
2014-08-10,229.247,492.058,299.459,1245.35,337.044,6.34618e+06,145.629,151.041,48000
2014-08-17,256.891,551.38,335.582,1586.93,377.701,6.34572e+06,163.196,202.414,48000
2014-08-24,287.859,617.834,376.048,1969.7,423.239,6.3452e+06,182.872,190.218,48000
2014-08-31,322.547,692.269,421.377,2398.62,474.25,6.34462e+06,204.913,195.247,48000
2014-09-07,361.399,775.636,472.151,2879.23,531.387,6.34396e+06,229.601,230.803,48000
2014-09-14,404.912,868.996,529.019,3417.75,595.381,6.34323e+06,257.251,240.801,48000
2014-09-21,453.639,973.537,592.707,4021.11,667.048,6.34241e+06,288.216,340.67,48000
2014-09-28,508.199,1090.58,664.026,4697.09,747.297,6.34149e+06,322.89,336.532,48000
2014-07-13,96.4004,210.697,129.78,136.365,140.819,6.34788e+06,90.78,105.949,48050
2014-07-20,111.153,242.073,144.184,283.222,161.261,6.34767e+06,103.958,108.109,48050
2014-07-27,127.272,276.406,163.879,448.76,185.233,6.34743e+06,119.412,171.503,48050
2014-08-03,145.364,315.498,186.992,637.403,211.756,6.34716e+06,136.51,64.0352,48050
2014-08-10,165.946,360.133,213.459,852.716,241.779,6.34686e+06,155.865,104.419,48050
2014-08-17,189.427,411.082,243.67,1098.5,275.999,6.34651e+06,177.925,146.665,48050
2014-08-24,216.224,469.227,278.147,1379.07,315.048,6.34611e+06,203.098,215.164,48050
2014-08-31,246.805,535.58,317.494,1699.34,359.61,6.34565e+06,231.825,361.205,48050
2014-09-07,281.701,611.293,362.395,2064.9,410.463,6.34513e+06,264.608,315.075,48050
2014-09-14,321.518,697.679,413.631,2482.15,468.489,6.34454e+06,302.015,406.524,48050
2014-09-21,366.946,796.233,472.091,2958.39,534.696,6.34386e+06,344.696,268.531,48050
2014-09-28,418.771,908.658,538.789,3501.92,610.229,6.34308e+06,393.389,287.279,48050
2014-07-13,120.905,263.083,163.379,171.901,177.204,6.34773e+06,82.2354,73.0887,48100
2014-07-20,138.391,300.135,180.489,356.279,201.488,6.34747e+06,93.5047,100.793,48100
2014-07-27,157.364,340.37,203.774,562.798,229.804,6.34719e+06,106.646,126.507,48100
2014-08-03,178.507,385.863,230.932,796.549,260.909,6.34686e+06,121.08,105.522,48100
2014-08-10,202.393,437.449,261.822,1061.53,295.871,6.34649e+06,137.305,97.9977,48100
2014-08-17,229.455,495.929,296.84,1361.95,335.443,6.34607e+06,155.67,108.451,48100
2014-08-24,260.127,562.21,336.53,1702.55,380.289,6.34559e+06,176.481,216.671,48100
2014-08-31,294.889,637.325,381.512,2088.69,431.116,6.34505e+06,200.069,157.656,48100
2014-09-07,334.282,722.444,432.491,2526.42,488.717,6.34443e+06,226.8,230.606,48100
2014-09-14,378.92,818.89,490.262,3022.64,553.989,6.34374e+06,257.091,162.317,48100
2014-09-21,429.495,928.159,555.722,3585.13,627.949,6.34295e+06,291.413,254.604,48100
2014-09-28,486.792,1051.94,629.889,4222.71,711.742,6.34206e+06,330.299,492.755,48100
2014-07-13,96.8265,210.966,130.698,137.46,141.774,6.34787e+06,81.7804,84.702,48150
2014-07-20,111.069,241.18,144.625,285.074,161.541,6.34767e+06,93.1826,120.094,48150
2014-07-27,126.556,274.064,163.606,450.723,184.63,6.34744e+06,106.501,125.609,48150
2014-08-03,143.851,311.325,185.786,638.59,210.047,6.34717e+06,121.163,149.232,48150
2014-08-10,163.431,353.663,211.063,851.988,238.676,6.34687e+06,137.677,119.123,48150
2014-08-17,185.66,401.759,239.778,1094.42,271.148,6.34653e+06,156.408,130.578,48150
2014-08-24,210.907,456.385,272.392,1369.83,308.025,6.34614e+06,177.68,174.324,48150
2014-08-31,239.581,518.423,309.432,1682.7,349.907,6.3457e+06,201.839,169.215,48150
2014-09-07,272.144,588.872,351.498,2038.1,397.471,6.3452e+06,229.276,219.008,48150
2014-09-14,309.12,668.867,399.269,2441.82,451.485,6.34463e+06,260.433,280.881,48150
2014-09-21,351.106,759.694,453.515,2900.39,512.819,6.34399e+06,295.812,257.962,48150
2014-09-28,398.775,862.808,515.108,3421.26,582.457,6.34325e+06,335.982,340.406,48150
2014-07-13,104.687,226.516,142.128,149.795,154.077,6.34783e+06,91.0109,98.0938,48200
2014-07-20,118.727,256.131,155.904,309.65,173.63,6.34761e+06,102.561,118.879,48200
2014-07-27,133.831,287.984,174.543,487.281,196.271,6.34737e+06,115.935,104.928,48200
2014-08-03,150.512,323.687,196.116,686.627,220.919,6.34709e+06,130.494,110.467,48200
2014-08-10,169.194,363.826,220.447,910.675,248.379,6.34679e+06,146.714,140.508,48200
2014-08-17,190.179,408.942,247.796,1162.52,279.194,6.34644e+06,164.916,157.042,48200
2014-08-24,213.76,459.642,278.53,1445.61,313.818,6.34605e+06,185.368,131.522,48200
2014-08-31,240.259,516.613,313.065,1763.79,352.726,6.34562e+06,208.35,238.846,48200
2014-09-07,270.034,580.624,351.873,2121.43,396.445,6.34513e+06,234.175,171.999,48200
2014-09-14,303.488,652.542,395.477,2523.4,445.568,6.34458e+06,263.191,311.513,48200
2014-09-21,341.073,733.334,444.469,2975.16,500.758,6.34396e+06,295.791,362.771,48200
2014-09-28,383.294,824.089,499.508,3482.88,562.76,6.34326e+06,332.415,435.77,48200
2014-07-13,110.103,236.361,150.46,158.948,162.993,6.34779e+06,99.2098,137.632,48250
2014-07-20,123.268,263.952,163.427,327.383,181.402,6.34757e+06,110.415,82.3317,48250
2014-07-27,137.262,293.235,180.83,512.486,202.507,6.34733e+06,123.261,133.829,48250
2014-08-03,152.523,325.655,200.757,717.756,225.196,6.34705e+06,137.071,117.753,48250
2014-08-10,169.407,361.667,222.969,945.707,250.163,6.34675e+06,152.267,151.152,48250
2014-08-17,188.144,401.662,247.638,1198.88,277.841,6.34641e+06,169.114,237.596,48250
2014-08-24,208.948,446.069,275.027,1480.06,308.568,6.34604e+06,187.817,187.361,48250
2014-08-31,232.047,495.372,305.438,1792.33,342.683,6.34562e+06,208.582,253.362,48250
2014-09-07,257.691,550.106,339.201,2139.13,380.56,6.34516e+06,231.637,142.762,48250
2014-09-14,286.16,610.866,376.685,2524.25,422.61,6.34465e+06,257.231,296.041,48250
2014-09-21,317.761,678.31,418.297,2951.93,469.289,6.34408e+06,285.643,162.338,48250
2014-09-28,352.838,753.166,464.487,3426.84,521.103,6.34345e+06,317.181,356.413,48250
2014-07-13,85.8341,189.931,114.353,119.696,124.221,6.34794e+06,70.5554,68.2503,48300
2014-07-20,101.011,222.538,129.079,250.084,145.115,6.34775e+06,82.4225,67.562,48300
2014-07-27,117.914,258.979,149.48,399.695,170.011,6.34752e+06,96.5634,93.4577,48300
2014-08-03,137.267,301.287,173.839,573.446,198.111,6.34726e+06,112.523,127.169,48300
2014-08-10,159.716,350.522,202.259,775.575,230.549,6.34696e+06,130.948,107.189,48300
2014-08-17,185.82,407.803,235.324,1010.75,268.238,6.34661e+06,152.355,132.26,48300
2014-08-24,216.184,474.433,273.785,1284.36,312.075,6.3462e+06,177.253,168.951,48300
2014-08-31,251.502,551.93,318.522,1602.69,363.064,6.34573e+06,206.214,246.651,48300
2014-09-07,292.579,642.06,370.556,1973.03,422.371,6.34517e+06,239.899,307.115,48300
2014-09-14,340.351,746.873,431.074,2403.85,491.345,6.34453e+06,279.075,287.162,48300
2014-09-21,395.902,868.748,501.452,2905.03,571.555,6.34378e+06,324.633,283.73,48300
2014-09-28,460.493,1010.45,583.291,3488.02,664.824,6.34291e+06,377.608,377.365,48300
2014-07-13,94.985,207.546,127.905,134.405,138.78,6.34789e+06,81.2425,53.5826,48350
2014-07-20,109.471,238.349,142.05,279.115,158.855,6.34768e+06,92.9946,88.6979,48350
2014-07-27,125.293,272.038,161.386,442.169,182.39,6.34745e+06,106.772,115.459,48350
2014-08-03,143.042,310.382,184.07,627.903,208.417,6.34718e+06,122.008,114.74,48350
2014-08-10,163.227,354.143,210.034,839.805,237.867,6.34688e+06,139.248,116.729,48350
2014-08-17,186.244,404.074,239.659,1081.6,271.418,6.34654e+06,158.889,181.186,48350
2014-08-24,212.502,461.034,273.454,1357.49,309.688,6.34615e+06,181.292,173.879,48350
2014-08-31,242.454,526.007,312.005,1672.28,353.343,6.3457e+06,206.848,175.052,48350
2014-09-07,276.618,600.114,355.98,2031.45,403.14,6.34519e+06,236,221.078,48350
2014-09-14,315.584,684.633,406.138,2441.23,459.938,6.3446e+06,269.249,328.565,48350
2014-09-21,360.023,781.017,463.345,2908.74,524.716,6.34394e+06,307.171,254.409,48350
2014-09-28,410.699,890.922,528.586,3442.08,598.589,6.34318e+06,350.416,334.541,48350
2014-07-13,122.264,263.744,166.411,175.546,180.351,6.34772e+06,93.6732,106.732,48400
2014-07-20,137.972,296.796,181.846,362.373,202.262,6.34747e+06,105.054,60.2934,48400
2014-07-27,154.792,332.162,202.666,569.088,227.535,6.34719e+06,118.181,109.784,48400
2014-08-03,173.278,371.613,226.662,800.008,254.915,6.34688e+06,132.402,152.44,48400
2014-08-10,193.883,415.758,253.603,1058.34,285.273,6.34653e+06,148.169,153.571,48400
2014-08-17,216.92,465.147,283.744,1347.38,319.179,6.34614e+06,165.78,154.141,48400
2014-08-24,242.686,520.388,317.456,1670.76,357.097,6.3457e+06,185.474,187.792,48400
2014-08-31,271.504,582.17,355.163,2032.56,399.507,6.34521e+06,207.502,227.228,48400
2014-09-07,303.732,651.262,397.334,2437.33,446.939,6.34466e+06,232.138,233.779,48400
2014-09-14,339.773,728.522,444.496,2890.15,499.983,6.34405e+06,259.688,307.427,48400
2014-09-21,380.073,814.907,497.236,3396.71,559.297,6.34336e+06,290.496,266.247,48400
2014-09-28,425.131,911.485,556.207,3963.36,625.619,6.34259e+06,324.943,383.274,48400
2014-07-13,107.755,236.107,144.759,151.987,157.109,6.34781e+06,72.1999,88.2905,48450
2014-07-20,124.762,272.352,161.343,316.046,180.643,6.34758e+06,83.0151,41.5699,48450
2014-07-27,143.416,312.18,184.078,501.641,208.331,6.34731e+06,95.7393,87.4004,48450
2014-08-03,164.436,357.71,210.853,713.955,239.088,6.347e+06,109.874,177.764,48450
2014-08-10,188.445,409.894,241.628,957.222,274.043,6.34665e+06,125.937,142.044,48450
2014-08-17,215.94,469.689,276.892,1236,314.037,6.34625e+06,144.317,111.274,48450
2014-08-24,247.439,538.191,317.291,1555.45,359.851,6.34579e+06,165.371,164.576,48450
2014-08-31,283.523,616.662,363.572,1921.5,412.335,6.34526e+06,189.49,148.623,48450
2014-09-07,324.856,706.543,416.588,2340.94,472.456,6.34466e+06,217.119,370.644,48450
2014-09-14,372.197,809.483,477.315,2821.54,541.32,6.34397e+06,248.766,230.936,48450
2014-09-21,426.414,927.368,546.868,3372.17,620.19,6.34318e+06,285.011,347.441,48450
2014-09-28,488.5,1062.35,626.521,4003.03,710.51,6.34227e+06,326.518,219.769,48450
2014-07-13,86.066,187.97,115.94,121.85,125.793,6.34794e+06,81.9732,94.5847,48500
2014-07-20,99.1155,215.707,128.685,252.987,143.882,6.34775e+06,93.7604,81.6504,48500
2014-07-27,113.357,246.019,146.099,400.648,165.075,6.34754e+06,107.571,129.215,48500
2014-08-03,129.323,280.494,166.515,568.726,188.494,6.3473e+06,122.832,129.526,48500
2014-08-10,147.466,319.813,189.867,760.349,214.974,6.34703e+06,140.088,125.986,48500
2014-08-17,168.141,364.644,216.492,978.845,245.122,6.34672e+06,159.734,142.83,48500
2014-08-24,191.71,415.751,246.844,1227.98,279.484,6.34637e+06,182.126,216.076,48500
2014-08-31,218.577,474.007,281.444,1512.03,318.656,6.34596e+06,207.652,230.886,48500
2014-09-07,249.201,540.409,320.885,1835.9,363.308,6.3455e+06,236.75,203.065,48500
2014-09-14,284.106,616.089,365.84,2205.15,414.203,6.34498e+06,269.915,331.316,48500
2014-09-21,323.887,702.337,417.079,2626.12,472.21,6.34438e+06,307.716,207.647,48500
2014-09-28,369.222,800.62,475.475,3106.04,538.317,6.3437e+06,350.795,357.342,48500
2014-07-13,89.4991,195.274,120.666,126.855,130.908,6.34792e+06,81.7333,84.104,48550
2014-07-20,102.901,223.736,133.761,263.253,149.494,6.34773e+06,93.3376,77.7367,48550
2014-07-27,117.505,254.789,151.635,416.622,171.243,6.34751e+06,106.917,58.2436,48550
2014-08-03,133.85,290.051,172.562,590.934,195.238,6.34726e+06,121.898,112.093,48550
2014-08-10,152.396,330.205,196.462,789.361,222.327,6.34698e+06,138.811,105.005,48550
2014-08-17,173.497,375.919,223.671,1015.27,253.119,6.34666e+06,158.036,158.529,48550
2014-08-24,197.515,427.953,254.641,1272.46,288.162,6.3463e+06,179.916,169.865,48550
2014-08-31,224.852,487.175,289.891,1565.26,328.05,6.34588e+06,204.82,174.07,48550
2014-09-07,255.964,554.573,330.01,1898.59,373.447,6.34541e+06,233.164,260.076,48550
2014-09-14,291.371,631.271,375.671,2278.04,425.112,6.34487e+06,265.421,176.109,48550
2014-09-21,331.662,718.544,427.632,2709.99,483.907,6.34426e+06,302.13,415.602,48550
2014-09-28,377.507,817.842,486.761,3201.67,550.809,6.34357e+06,343.901,262.907,48550
2014-07-13,96.2183,211.768,128.775,135.019,139.818,6.34788e+06,83.1496,81.4749,48600
2014-07-20,112.226,246.009,144.35,281.363,161.919,6.34767e+06,96.2926,96.4076,48600
2014-07-27,129.906,283.924,165.803,447.98,188.07,6.34742e+06,111.845,109.167,48600
2014-08-03,149.974,327.571,191.226,639.887,217.33,6.34714e+06,129.245,102.221,48600
2014-08-10,173.054,377.943,220.645,861.286,250.819,6.34682e+06,149.161,142.42,48600
2014-08-17,199.669,436.06,254.588,1116.75,289.403,6.34644e+06,172.107,156.729,48600
2014-08-24,230.371,503.1,293.742,1411.5,333.907,6.34601e+06,198.574,167.762,48600
2014-08-31,265.784,580.427,338.907,1751.58,385.243,6.34551e+06,229.103,177.429,48600
2014-09-07,306.63,669.611,391.002,2143.94,444.456,6.34494e+06,264.317,276.329,48600
2014-09-14,353.737,772.46,451.087,2596.6,512.749,6.34428e+06,304.93,270.76,48600
2014-09-21,408.06,891.057,520.381,3118.81,591.506,6.34351e+06,351.767,366.401,48600
2014-09-28,470.698,1027.8,600.288,3721.23,682.323,6.34263e+06,405.775,465.786,48600
2014-07-13,75.3734,164.032,101.84,107.147,110.459,6.348e+06,84.0435,86.6655,48650
2014-07-20,86.2948,187.178,112.525,222.086,125.625,6.34784e+06,95.5828,77.3138,48650
2014-07-27,98.1491,212.321,127.071,350.855,143.314,6.34766e+06,109.042,136.011,48650
2014-08-03,111.363,240.759,144.04,496.636,162.751,6.34746e+06,123.83,110.71,48650
2014-08-10,126.296,273.016,163.347,661.934,184.605,6.34723e+06,140.458,162.568,48650
2014-08-17,143.221,309.597,185.241,849.389,209.349,6.34696e+06,159.285,117.536,48650
2014-08-24,162.41,351.074,210.065,1061.97,237.401,6.34666e+06,180.629,210.17,48650
2014-08-31,184.166,398.097,238.209,1303.03,269.206,6.34633e+06,204.828,166.427,48650
2014-09-07,208.832,451.407,270.118,1576.38,305.264,6.34594e+06,232.263,202.726,48650
2014-09-14,236.794,511.839,306.293,1886.35,346.143,6.34551e+06,263.366,207.153,48650
2014-09-21,268.491,580.342,347.302,2237.83,392.484,6.34502e+06,298.625,425.395,48650
2014-09-28,304.419,657.985,393.789,2636.35,445.013,6.34446e+06,338.593,311.185,48650
2014-07-13,73.2472,159.858,98.7318,103.788,107.115,6.34801e+06,75.6496,83.6875,48700
2014-07-20,84.253,183.237,109.485,215.411,122.376,6.34786e+06,86.4276,65.5376,48700
2014-07-27,96.2512,208.756,124.166,340.971,140.241,6.34768e+06,99.0442,75.4193,48700
2014-08-03,109.686,237.748,141.36,483.735,159.959,6.34748e+06,112.971,183.755,48700
2014-08-10,124.938,270.778,161.007,646.319,182.23,6.34725e+06,128.699,123.39,48700
2014-08-17,142.298,308.398,183.384,831.499,207.558,6.34698e+06,146.586,120.815,48700
2014-08-24,162.067,351.239,208.865,1042.41,236.396,6.34669e+06,166.953,183.532,48700
2014-08-31,184.579,400.021,237.882,1282.63,269.235,6.34634e+06,190.146,216.507,48700
2014-09-07,210.212,455.566,270.923,1556.22,306.628,6.34596e+06,216.555,239.469,48700
2014-09-14,239.398,518.807,308.545,1867.8,349.206,6.34552e+06,246.625,233.715,48700
2014-09-21,272.627,590.806,351.382,2222.65,397.683,6.34501e+06,280.861,229.655,48700
2014-09-28,310.456,672.769,400.151,2626.75,452.873,6.34444e+06,319.839,478.454,48700
2014-07-13,76.7053,169.624,102.246,107.044,111.063,6.34799e+06,75.7424,88.4807,48750
2014-07-20,90.1738,198.547,115.318,223.582,129.611,6.34782e+06,88.3917,92.0483,48750
2014-07-27,105.16,230.836,133.417,357.179,151.695,6.34762e+06,103.453,104.114,48750
2014-08-03,122.301,268.286,155.008,512.182,176.595,6.34739e+06,120.434,137.861,48750
2014-08-10,142.165,311.827,180.175,692.326,205.311,6.34712e+06,140.018,133.76,48750
2014-08-17,165.241,362.436,209.428,901.718,238.644,6.34681e+06,162.75,177.705,48750
2014-08-24,192.058,421.249,243.421,1145.1,277.377,6.34645e+06,189.165,157.764,48750
2014-08-31,223.221,489.591,282.925,1427.99,322.388,6.34603e+06,219.862,181.246,48750
2014-09-07,259.431,569,328.829,1756.77,374.692,6.34554e+06,255.532,274.226,48750
2014-09-14,301.504,661.262,382.168,2138.9,435.466,6.34497e+06,296.978,349.476,48750
2014-09-21,350.385,768.445,444.142,2583,506.076,6.3443e+06,345.133,399.72,48750
2014-09-28,407.169,892.952,516.141,3099.11,588.107,6.34353e+06,401.076,371.561,48750
2014-07-13,91.9161,199.682,124.374,130.925,134.878,6.3479e+06,88.7608,67.4133,48800
2014-07-20,104.931,227.225,137.118,271.148,152.968,6.34771e+06,100.665,104.164,48800
2014-07-27,119.019,257.054,154.435,427.85,174.019,6.34749e+06,114.519,116.73,48800
2014-08-03,134.678,290.698,174.589,604.782,197.085,6.34725e+06,129.698,152.601,48800
2014-08-10,152.327,328.757,197.456,804.861,222.947,6.34697e+06,146.717,133.069,48800
2014-08-17,172.273,371.799,223.319,1031.15,252.149,6.34665e+06,165.935,151.567,48800
2014-08-24,194.827,420.468,252.561,1287.07,285.163,6.3463e+06,187.661,180.669,48800
2014-08-31,220.327,475.494,285.625,1576.5,322.492,6.34589e+06,212.226,197.57,48800
2014-09-07,249.158,537.704,323.008,1903.81,364.696,6.34544e+06,240,206.066,48800
2014-09-14,281.751,608.03,365.272,2273.96,412.411,6.34492e+06,271.4,234.682,48800
2014-09-21,318.596,687.525,413.051,2692.53,466.351,6.34434e+06,306.897,410.739,48800
2014-09-28,360.243,777.377,467.062,3165.84,527.324,6.34368e+06,347.023,341.502,48800
2014-07-13,97.151,211.187,131.388,138.283,142.493,6.34787e+06,87.6158,93.3114,48850
2014-07-20,111.021,240.555,144.967,286.47,161.766,6.34767e+06,99.4658,95.3417,48850
2014-07-27,126.049,272.393,163.428,452.22,184.211,6.34744e+06,113.267,146.252,48850
2014-08-03,142.77,308.339,184.931,639.546,208.829,6.34717e+06,128.404,140.895,48850
2014-08-10,161.632,349.039,209.353,851.58,236.457,6.34688e+06,145.392,125.072,48850
2014-08-17,182.972,395.113,236.999,1091.62,267.683,6.34654e+06,164.592,202.924,48850
2014-08-24,207.123,447.258,268.288,1363.35,303.019,6.34616e+06,186.32,163.709,48850
2014-08-31,234.455,506.27,303.699,1670.95,343.011,6.34573e+06,210.91,164.92,48850
2014-09-07,265.385,573.047,343.774,2019.14,388.269,6.34525e+06,238.738,254.56,48850
2014-09-14,300.385,648.608,389.123,2413.28,439.483,6.3447e+06,270.228,296.818,48850
2014-09-21,339.987,734.098,440.439,2859.39,497.433,6.34408e+06,305.86,226.353,48850
2014-09-28,384.791,830.814,498.5,3364.33,563,6.34337e+06,346.175,292.574,48850
2014-07-13,101.84,220.316,138.283,145.749,149.905,6.34784e+06,92.9987,81.4636,48900
2014-07-20,115.464,249.05,151.652,301.263,168.882,6.34763e+06,104.772,132.839,48900
2014-07-27,130.117,279.948,169.738,474.027,190.85,6.3474e+06,118.4,137.666,48900
2014-08-03,146.296,314.57,190.666,667.858,214.759,6.34713e+06,133.233,150.107,48900
2014-08-10,164.411,353.484,214.264,885.65,241.39,6.34683e+06,149.754,192.514,48900
2014-08-17,184.753,397.213,240.781,1130.4,271.265,6.3465e+06,168.288,194.82,48900
2014-08-24,207.607,446.34,270.572,1405.43,304.824,6.34612e+06,189.108,267.822,48900
2014-08-31,233.281,501.53,304.041,1714.49,342.526,6.3457e+06,212.497,161.072,48900
2014-09-07,262.122,563.524,341.639,2061.77,384.879,6.34522e+06,238.773,382.04,48900
2014-09-14,294.519,633.157,383.874,2451.99,432.455,6.34469e+06,268.288,286.921,48900
2014-09-21,330.906,711.363,431.315,2890.44,485.894,6.34409e+06,301.44,295.339,48900
2014-09-28,371.771,799.192,484.598,3383.07,545.912,6.34341e+06,338.675,357.317,48900
2014-07-13,57.8723,126.95,77.6725,81.5221,84.3073,6.34811e+06,65.4775,102.768,48950
2014-07-20,67.1313,146.702,86.6958,169.611,97.1122,6.34798e+06,75.4225,88.0387,48950
2014-07-27,77.3056,168.45,99.0817,269.425,112.2,6.34784e+06,87.1406,40.8825,48950
2014-08-03,88.7927,193.359,113.692,383.807,128.992,6.34767e+06,100.182,128.308,48950
2014-08-10,101.937,221.96,130.516,515.095,148.112,6.34748e+06,115.032,122.006,48950
2014-08-17,117.019,254.795,149.829,665.812,170.03,6.34726e+06,132.054,62.7524,48950
2014-08-24,134.329,292.484,171.996,838.828,195.184,6.34701e+06,151.59,135.618,48950
2014-08-31,154.198,335.741,197.439,1037.44,224.055,6.34673e+06,174.013,129.776,48950
2014-09-07,177.001,385.385,226.641,1265.43,257.192,6.3464e+06,199.749,136.612,48950
2014-09-14,203.171,442.359,260.156,1527.14,295.222,6.34602e+06,229.285,159.735,48950
2014-09-21,233.204,507.739,298.619,1827.54,338.867,6.34558e+06,263.182,352.702,48950
2014-09-28,267.667,582.761,342.758,2172.35,388.951,6.34508e+06,302.08,441.868,48950
2014-07-13,130.83,284.633,176.814,186.046,191.773,6.34767e+06,82.0237,88.03,49000
2014-07-20,149.711,324.637,195.291,385.567,217.997,6.34739e+06,93.2399,98.6951,49000
2014-07-27,170.193,368.064,220.432,608.996,248.57,6.34708e+06,106.316,122.602,49000
2014-08-03,193.011,417.153,249.748,861.823,282.143,6.34673e+06,120.676,178.864,49000
2014-08-10,218.783,472.801,283.083,1148.36,319.87,6.34633e+06,136.812,180.779,49000
2014-08-17,247.973,535.869,320.864,1473.14,362.56,6.34587e+06,155.071,234.79,49000
2014-08-24,281.048,607.331,363.672,1841.25,410.925,6.34536e+06,175.757,199.718,49000
2014-08-31,318.521,688.293,412.176,2258.47,465.725,6.34477e+06,199.196,206.763,49000
2014-09-07,360.976,780.011,467.131,2731.33,527.812,6.34411e+06,225.751,179.676,49000
2014-09-14,409.069,883.904,529.388,3267.22,598.147,6.34336e+06,255.834,373.981,49000
2014-09-21,463.542,1001.57,599.911,3874.52,677.818,6.34251e+06,289.911,321.869,49000
2014-09-28,525.236,1134.83,679.789,4562.69,768.055,6.34155e+06,328.506,431.539,49000
2014-07-13,90.4085,197.58,121.725,127.904,132.077,6.34791e+06,86.7864,89.7459,49050
2014-07-20,104.226,226.965,135.216,265.637,151.224,6.34772e+06,99.3676,113.484,49050
2014-07-27,119.321,259.113,153.661,420.867,173.675,6.3475e+06,114.12,105.821,49050
2014-08-03,136.261,295.714,175.305,597.734,198.511,6.34724e+06,130.44,136.039,49050
2014-08-10,155.53,337.496,200.086,799.573,226.621,6.34696e+06,148.91,165.259,49050
2014-08-17,177.509,385.182,228.369,1029.95,258.654,6.34663e+06,169.959,130.951,49050
2014-08-24,202.589,439.597,260.641,1292.88,295.203,6.34625e+06,193.975,204.86,49050
2014-08-31,231.206,501.684,297.465,1592.96,336.906,6.34583e+06,221.378,291.041,49050
2014-09-07,263.856,572.519,339.481,1935.43,384.49,6.34534e+06,252.645,264.377,49050
2014-09-14,301.106,653.33,387.419,2326.27,438.779,6.34478e+06,288.318,326.451,49050
2014-09-21,343.601,745.513,442.11,2772.3,500.714,6.34415e+06,329.014,241.817,49050
2014-09-28,392.073,850.657,504.499,3281.27,571.364,6.34342e+06,375.438,277.262,49050
2014-07-13,98.1421,213.825,132.477,139.333,143.704,6.34787e+06,84.9593,110.946,49100
2014-07-20,112.572,244.435,146.588,288.954,163.731,6.34766e+06,96.7993,118.803,49100
2014-07-27,128.261,277.748,165.818,456.846,187.122,6.34742e+06,110.629,79.6862,49100
2014-08-03,145.781,315.492,188.287,647.248,212.871,6.34715e+06,125.851,101.382,49100
2014-08-10,165.615,358.377,213.893,863.513,241.872,6.34685e+06,142.997,162.113,49100
2014-08-17,188.131,407.092,242.98,1109.19,274.764,6.3465e+06,162.443,140.015,49100
2014-08-24,213.702,462.418,276.014,1388.27,312.115,6.34611e+06,184.526,177.621,49100
2014-08-31,242.742,525.246,313.529,1705.29,354.534,6.34566e+06,209.604,180.782,49100
2014-09-07,275.719,596.589,356.133,2065.39,402.705,6.34516e+06,238.083,290.231,49100
2014-09-14,313.164,677.594,404.511,2474.42,457.404,6.34458e+06,270.422,303.795,49100
2014-09-21,355.679,769.562,459.443,2939,519.512,6.34393e+06,307.141,322.994,49100
2014-09-28,403.945,873.965,521.811,3466.65,590.026,6.34318e+06,348.829,382.287,49100
2014-07-13,88.4449,192.195,119.649,125.94,129.757,6.34792e+06,86.3365,88.8319,49150
2014-07-20,101.015,218.803,131.956,260.859,147.226,6.34774e+06,97.9596,58.7209,49150
2014-07-27,114.627,247.632,148.683,411.693,167.562,6.34753e+06,111.491,89.8165,49150
2014-08-03,129.765,280.164,168.158,582.073,189.855,6.34729e+06,126.323,114.683,49150
2014-08-10,146.832,316.98,190.266,774.826,214.86,6.34702e+06,142.961,130.205,49150
2014-08-17,166.131,358.636,215.279,992.92,243.108,6.34672e+06,161.756,144.657,49150
2014-08-24,187.962,405.757,243.574,1239.68,275.057,6.34637e+06,183.014,233.091,49150
2014-08-31,212.656,459.057,275.58,1518.87,311.197,6.34598e+06,207.061,212.71,49150
2014-09-07,240.587,519.343,311.784,1834.75,352.077,6.34554e+06,234.261,290.434,49150
2014-09-14,272.178,587.524,352.733,2192.11,398.314,6.34505e+06,265.026,202.385,49150
2014-09-21,307.906,664.629,399.047,2596.4,450.607,6.34448e+06,299.82,264.003,49150
2014-09-28,348.308,751.819,451.424,3053.77,509.745,6.34384e+06,339.169,353.098,49150
2014-07-13,98.45,210.782,134.829,142.546,146.026,6.34786e+06,94.0861,85.9271,49200
2014-07-20,109.744,234.404,145.968,293.248,161.841,6.34767e+06,104.276,136.158,49200
2014-07-27,121.702,259.361,160.879,458.25,179.912,6.34745e+06,115.919,86.688,49200
2014-08-03,134.688,286.878,177.889,640.498,199.259,6.34721e+06,128.384,155.413,49200
2014-08-10,148.997,317.322,196.776,842.07,220.459,6.34694e+06,142.044,144.811,49200
2014-08-17,164.812,350.998,217.669,1065.04,243.867,6.34665e+06,157.126,253.96,49200
2014-08-24,182.302,388.241,240.773,1311.69,269.749,6.34633e+06,173.802,92.5937,49200
2014-08-31,201.643,429.424,266.323,1584.51,298.371,6.34597e+06,192.243,99.2002,49200
2014-09-07,223.03,474.964,294.577,1886.28,330.023,6.34557e+06,212.636,174.3,49200
2014-09-14,246.679,525.316,325.82,2220.06,365.021,6.34513e+06,235.186,252.558,49200
2014-09-21,272.826,580.986,360.366,2589.23,403.719,6.34465e+06,260.12,381.356,49200
2014-09-28,301.734,642.531,398.561,2997.54,446.504,6.34411e+06,287.686,279.672,49200
2014-07-13,147.513,315.679,202.1,213.696,218.875,6.34757e+06,102.974,77.7274,49250
2014-07-20,164.31,350.793,218.67,439.527,242.4,6.34728e+06,114.042,106.075,49250
2014-07-27,182.079,387.861,240.838,686.624,269.265,6.34695e+06,126.681,135.298,49250
2014-08-03,201.361,428.696,266.111,959.352,298.001,6.34659e+06,140.2,144.69,49250
2014-08-10,222.587,473.838,294.15,1260.78,329.466,6.3462e+06,155.003,166.706,49250
2014-08-17,246.03,523.728,325.14,1593.97,364.177,6.34576e+06,171.334,156.034,49250
2014-08-24,271.932,578.855,359.382,1962.25,402.524,6.34528e+06,189.375,142.328,49250
2014-08-31,300.551,639.761,397.216,2369.31,444.894,6.34474e+06,209.309,240.24,49250
2014-09-07,332.168,707.046,439.017,2819.21,491.706,6.34415e+06,231.333,266.633,49250
2014-09-14,367.096,781.371,485.198,3316.45,543.422,6.3435e+06,255.663,224.187,49250
2014-09-21,405.677,863.465,536.212,3865.99,600.549,6.34278e+06,282.54,200.962,49250
2014-09-28,448.289,954.131,592.561,4473.29,663.648,6.34198e+06,312.226,326.24,49250
2014-07-13,120.408,263.291,162.039,170.236,175.829,6.34773e+06,90.2639,98.7867,49300
2014-07-20,138.94,302.719,180.128,353.647,201.501,6.34747e+06,103.443,135.307,49300
2014-07-27,159.202,345.893,204.874,560.526,231.624,6.34718e+06,118.907,96.8509,49300
2014-08-03,181.959,395.087,233.932,796.442,264.976,6.34684e+06,136.029,125.529,49300
2014-08-10,207.867,451.292,267.229,1065.9,302.755,6.34646e+06,155.423,72.1742,49300
2014-08-17,237.442,515.488,305.26,1373.71,345.842,6.34602e+06,177.543,100.409,49300
2014-08-24,271.215,588.798,348.691,1725.32,395.041,6.34552e+06,202.799,155.708,49300
2014-08-31,309.781,672.506,398.286,2126.95,451.223,6.34494e+06,231.641,223.692,49300
2014-09-07,353.814,768.079,454.916,2585.69,515.373,6.34429e+06,264.573,265.219,49300
2014-09-14,404.087,877.186,519.575,3109.65,588.616,6.34354e+06,302.174,323.572,49300
2014-09-21,461.477,1001.73,593.394,3708.06,672.232,6.34269e+06,345.099,350.636,49300
2014-09-28,526.982,1143.88,677.66,4391.48,767.679,6.34171e+06,394.098,512.067,49300
2014-07-13,78.3323,171.683,105.209,110.453,114.187,6.34798e+06,71.3668,88.9905,49350
2014-07-20,90.7351,198.122,117.302,229.708,131.348,6.34781e+06,82.0919,41.5625,49350
2014-07-27,104.345,227.19,133.885,364.67,151.545,6.34762e+06,94.7151,68.9167,49350
2014-08-03,119.69,260.434,153.422,519.123,173.991,6.3474e+06,108.744,4.59353,49350
2014-08-10,137.223,298.555,175.889,696.169,199.513,6.34714e+06,124.695,149.635,49350
2014-08-17,157.313,342.258,201.645,899.142,228.729,6.34685e+06,142.955,19.8234,49350
2014-08-24,180.34,392.351,231.166,1131.83,262.212,6.34651e+06,163.882,212.187,49350
2014-08-31,206.732,449.763,265.002,1398.59,300.589,6.34613e+06,187.868,88.839,49350
2014-09-07,236.979,515.559,303.782,1704.38,344.574,6.34569e+06,215.358,225.678,49350
2014-09-14,271.643,590.959,348.227,2054.92,394.983,6.34518e+06,246.864,173.353,49350
2014-09-21,311.365,677.357,399.16,2456.74,452.75,6.34461e+06,282.968,410.241,49350
2014-09-28,356.88,776.35,457.525,2917.32,518.944,6.34394e+06,324.338,222.567,49350
2014-07-13,126.901,271.38,173.958,183.977,188.386,6.34769e+06,102.177,128.058,49400
2014-07-20,141.192,301.241,188.061,378.283,208.409,6.34744e+06,113.037,114.87,49400
2014-07-27,156.296,332.727,206.916,590.682,231.254,6.34716e+06,125.428,120.295,49400
2014-08-03,172.667,367.377,228.392,824.873,255.667,6.34686e+06,138.669,140.09,49400
2014-08-10,190.672,405.644,252.195,1083.44,282.369,6.34652e+06,153.151,161.244,49400
2014-08-17,210.536,447.895,278.477,1368.95,311.796,6.34614e+06,169.112,152.537,49400
2014-08-24,232.464,494.535,307.489,1684.22,344.275,6.34573e+06,186.728,226.063,49400
2014-08-31,256.667,546.014,339.512,2032.32,380.125,6.34528e+06,206.172,204.293,49400
2014-09-07,283.381,602.83,374.859,2416.67,419.696,6.34477e+06,227.635,182.173,49400
2014-09-14,312.864,665.533,413.872,2841.02,463.369,6.34422e+06,251.322,315.124,49400
2014-09-21,345.4,734.726,456.928,3309.53,511.567,6.3436e+06,277.464,227.451,49400
2014-09-28,381.302,811.073,504.442,3826.77,564.755,6.34293e+06,306.312,192.954,49400
2014-07-13,79.304,174.253,106.287,111.497,115.383,6.34798e+06,64.9979,50.6019,49450
2014-07-20,92.2458,201.899,118.888,232.161,133.266,6.3478e+06,75.0715,91.5464,49450
2014-07-27,106.503,232.425,136.217,369.214,154.382,6.34761e+06,86.9665,60.5911,49450
2014-08-03,122.643,267.476,156.704,526.672,177.945,6.34738e+06,100.24,131.413,49450
2014-08-10,141.159,307.826,180.354,707.866,204.844,6.34711e+06,115.393,74.5852,49450
2014-08-17,162.457,354.264,207.572,916.407,235.759,6.34681e+06,132.808,70.8923,49450
2014-08-24,186.964,407.7,238.89,1156.42,271.327,6.34646e+06,152.844,128.018,49450
2014-08-31,215.163,469.183,274.926,1432.63,312.253,6.34606e+06,175.899,199.281,49450
2014-09-07,247.607,539.919,316.389,1750.51,359.342,6.3456e+06,202.425,146.562,49450
2014-09-14,284.932,621.295,364.094,2116.33,413.519,6.34506e+06,232.944,203.862,49450
2014-09-21,327.871,714.905,418.976,2537.29,475.845,6.34445e+06,268.054,356.201,49450
2014-09-28,377.263,822.576,482.11,3021.7,547.541,6.34375e+06,308.442,325.664,49450
2014-07-13,102.517,223.312,138.405,145.577,150.132,6.34784e+06,82.0383,68.632,49500
2014-07-20,117.552,255.2,153.109,301.874,171,6.34762e+06,93.4418,77.9683,49500
2014-07-27,133.894,289.892,173.143,477.208,195.369,6.34738e+06,106.758,117.427,49500
2014-08-03,152.136,329.186,196.545,675.99,222.184,6.3471e+06,121.411,125.836,49500
2014-08-10,172.782,373.818,223.206,901.705,252.376,6.34678e+06,137.909,99.2417,49500
2014-08-17,196.212,424.501,253.482,1158.04,286.61,6.34642e+06,156.616,59.6459,49500
2014-08-24,222.813,482.044,287.855,1449.14,325.471,6.34601e+06,177.851,156.531,49500
2014-08-31,253.013,547.369,326.879,1779.7,369.591,6.34554e+06,201.96,187.971,49500
2014-09-07,287.296,621.524,371.182,2155.08,419.677,6.34501e+06,229.329,250.377,49500
2014-09-14,326.212,705.694,421.473,2581.32,476.534,6.34442e+06,260.398,254.048,49500
2014-09-21,370.381,801.223,478.559,3065.3,541.07,6.34373e+06,295.664,403.882,49500
2014-09-28,420.51,909.633,543.351,3614.83,614.316,6.34296e+06,335.688,266.639,49500
2014-07-13,102.837,224.913,138.37,145.361,150.148,6.34784e+06,81.0791,75.4526,49550
2014-07-20,118.703,258.674,153.855,302,172.124,6.34762e+06,92.9461,98.7821,49550
2014-07-27,136.055,295.657,175.043,478.73,197.918,6.34736e+06,106.875,138.988,49550
2014-08-03,155.551,337.81,199.931,680.328,226.486,6.34708e+06,122.301,134.933,49550
2014-08-10,177.754,385.987,228.458,910.657,258.857,6.34675e+06,139.781,164.315,49550
2014-08-17,203.109,441.033,261.053,1173.85,295.789,6.34637e+06,159.724,183.429,49550
2014-08-24,232.073,503.917,298.289,1474.59,337.975,6.34594e+06,182.504,214.187,49550
2014-08-31,265.158,575.747,340.824,1818.22,386.165,6.34545e+06,208.527,167.934,49550
2014-09-07,302.95,657.789,389.411,2210.84,441.211,6.34489e+06,238.251,187.544,49550
2014-09-14,346.112,751.487,444.907,2659.43,504.083,6.34425e+06,272.202,210.812,49550
2014-09-21,395.405,858.486,508.29,3171.94,575.888,6.34352e+06,310.976,398.597,49550
2014-09-28,451.693,980.66,580.674,3757.44,657.886,6.34268e+06,355.255,343.833,49550
2014-07-13,138.994,298.963,189.635,200.217,205.467,6.34762e+06,96.5179,67.0894,49600
2014-07-20,156.109,334.89,206.477,412.752,229.377,6.34734e+06,107.749,116.936,49600
2014-07-27,174.354,373.143,229.126,646.956,256.853,6.34703e+06,120.656,153.398,49600
2014-08-03,194.313,415.619,255.126,907.439,286.483,6.34668e+06,134.575,160.302,49600
2014-08-10,216.46,462.94,284.19,1197.56,319.184,6.34629e+06,149.936,150.571,49600
2014-08-17,241.109,515.644,316.563,1520.73,355.543,6.34586e+06,167.016,154.621,49600
2014-08-24,268.556,574.332,352.61,1880.71,396.024,6.34537e+06,186.032,139.515,49600
2014-08-31,299.117,639.675,392.748,2281.67,441.098,6.34484e+06,207.205,187.075,49600
2014-09-07,333.143,712.422,437.439,2728.26,491.284,6.34424e+06,230.78,304.357,49600
2014-09-14,371.022,793.405,487.195,3225.66,547.157,6.34357e+06,257.026,238.486,49600
2014-09-21,413.189,883.547,542.587,3779.62,609.356,6.34283e+06,286.244,321.382,49600
2014-09-28,460.122,983.873,604.245,4396.56,678.59,6.34201e+06,318.767,310.784,49600
2014-07-13,102.94,223.525,139.346,146.707,151.108,6.34784e+06,88.0779,82.9196,49650
2014-07-20,117.424,254.166,153.533,303.765,171.245,6.34762e+06,99.8152,94.7221,49650
2014-07-27,133.091,287.321,172.799,479.163,194.665,6.34738e+06,113.466,109.337,49650
2014-08-03,150.492,324.689,195.207,677.061,220.305,6.3471e+06,128.411,143.797,49650
2014-08-10,170.087,366.928,220.614,900.685,249.031,6.34679e+06,145.155,174.707,49650
2014-08-17,192.218,414.661,249.326,1153.42,281.443,6.34644e+06,164.047,162.08,49650
2014-08-24,217.222,468.594,281.766,1439.03,318.058,6.34604e+06,185.389,171.484,49650
2014-08-31,245.471,529.524,318.417,1761.81,359.426,6.34559e+06,209.502,262.302,49650
2014-09-07,277.385,598.355,359.825,2126.56,406.162,6.34509e+06,236.743,280.557,49650
2014-09-14,313.436,676.105,406.603,2538.74,458.959,6.34452e+06,267.517,282.71,49650
2014-09-21,354.158,763.923,459.445,3004.5,518.597,6.34387e+06,302.279,275.315,49650
2014-09-28,400.15,863.102,519.13,3530.77,585.958,6.34314e+06,341.543,420.926,49650
2014-07-13,78.476,170.398,106.232,111.845,115.199,6.34798e+06,85.8343,100.264,49700
2014-07-20,89.5137,193.748,117.044,231.578,130.545,6.34782e+06,97.268,86.5628,49700
2014-07-27,101.453,219.014,131.726,365.288,148.392,6.34763e+06,110.566,166.663,49700
2014-08-03,114.713,247.49,148.801,516.143,167.931,6.34742e+06,125.124,180.342,49700
2014-08-10,129.645,279.678,168.162,686.603,189.821,6.34719e+06,141.435,179.723,49700
2014-08-17,146.51,316.055,190.043,879.243,214.521,6.34692e+06,159.838,116.425,49700
2014-08-24,165.566,357.157,214.765,1096.95,242.424,6.34662e+06,180.629,129.403,49700
2014-08-31,187.095,403.595,242.697,1342.97,273.951,6.34627e+06,204.12,147.435,49700
2014-09-07,211.419,456.058,274.255,1620.98,309.571,6.34589e+06,230.66,274.452,49700
2014-09-14,238.898,515.325,309.908,1935.14,349.813,6.34545e+06,260.643,268.609,49700
2014-09-21,269.94,582.273,350.186,2290.13,395.273,6.34496e+06,294.516,361.933,49700
2014-09-28,305.004,657.891,395.686,2691.26,446.625,6.3444e+06,332.778,434.744,49700
2014-07-13,96.7365,211.458,130.219,136.821,141.297,6.34787e+06,75.0195,23.14,49750
2014-07-20,111.563,242.995,144.694,284.186,161.84,6.34767e+06,85.9263,99.566,49750
2014-07-27,127.766,277.51,164.489,450.326,185.935,6.34743e+06,98.7194,98.7479,49750
2014-08-03,145.956,316.819,187.724,639.69,212.599,6.34716e+06,112.876,75.2466,49750
2014-08-10,166.654,361.708,214.335,855.867,242.788,6.34685e+06,128.904,108.111,49750
2014-08-17,190.271,412.958,244.717,1102.69,277.203,6.3465e+06,147.176,201.13,49750
2014-08-24,217.228,471.459,279.395,1384.49,316.481,6.3461e+06,168.031,184.623,49750
2014-08-31,247.997,538.228,318.978,1706.22,361.315,6.34564e+06,191.834,255.995,49750
2014-09-07,283.115,614.431,364.158,2073.53,412.486,6.34511e+06,219.003,202.894,49750
2014-09-14,323.193,701.392,415.721,2492.85,470.887,6.34452e+06,250.01,247.275,49750
2014-09-21,368.927,800.621,474.567,2971.54,537.534,6.34383e+06,285.395,296.23,49750
2014-09-28,421.112,913.838,541.716,3517.98,613.583,6.34306e+06,325.772,353.699,49750
2014-07-13,94.1389,205.461,126.888,133.384,137.663,6.34789e+06,82.1787,65.6574,49800
2014-07-20,108.291,235.525,140.715,276.843,157.286,6.34769e+06,93.893,66.0108,49800
2014-07-27,123.72,268.34,159.592,438.223,180.258,6.34746e+06,107.606,126.675,49800
2014-08-03,140.997,305.623,181.703,621.726,205.615,6.3472e+06,122.743,124.783,49800
2014-08-10,160.609,348.098,206.968,830.716,234.254,6.3469e+06,139.839,131.484,49800
2014-08-17,182.934,396.477,235.744,1068.76,266.824,6.34657e+06,159.283,154.248,49800
2014-08-24,208.357,451.569,268.513,1339.9,303.909,6.34618e+06,181.421,178.314,49800
2014-08-31,237.306,514.3,305.827,1648.73,346.139,6.34574e+06,206.63,180.638,49800
2014-09-07,270.268,585.725,348.316,2000.47,394.225,6.34525e+06,235.335,246.494,49800
2014-09-14,307.797,667.042,396.695,2401.06,448.975,6.34468e+06,268.019,303.375,49800
2014-09-21,350.522,759.612,451.775,2857.29,511.308,6.34403e+06,305.229,274.625,49800
2014-09-28,399.157,864.983,514.48,3376.85,582.267,6.34329e+06,347.588,352.196,49800
2014-07-13,120.806,262.052,163.668,172.366,177.467,6.34773e+06,86.81,72.8514,49850
2014-07-20,137.574,297.493,180.1,356.726,200.792,6.34748e+06,98.2192,105.118,49850
2014-07-27,155.682,335.777,202.392,562.316,227.883,6.34719e+06,111.471,92.8313,49850
2014-08-03,175.761,378.854,228.281,793.921,257.494,6.34687e+06,125.956,115.37,49850
2014-08-10,198.336,427.469,257.59,1055.23,290.614,6.34651e+06,142.157,129.579,49850
2014-08-17,223.791,482.32,290.659,1350.08,327.923,6.3461e+06,160.407,179.503,49850
2014-08-24,252.504,544.194,327.962,1682.78,370.003,6.34564e+06,180.991,172.971,49850
2014-08-31,284.892,613.983,370.04,2058.17,417.47,6.34512e+06,204.21,192.591,49850
2014-09-07,321.422,692.693,417.5,2481.72,471.008,6.34454e+06,230.399,222.525,49850
2014-09-14,362.62,781.456,471.03,2959.58,531.391,6.34388e+06,259.935,283.531,49850
2014-09-21,409.078,881.546,531.398,3498.7,599.486,6.34313e+06,293.245,314.748,49850
2014-09-28,461.462,994.395,599.473,4106.9,676.272,6.34229e+06,330.805,367.712,49850
2014-07-13,90.7239,200.396,121.05,126.776,131.474,6.34791e+06,84.0957,107.431,49900
2014-07-20,106.452,234.14,136.325,264.649,153.148,6.34771e+06,97.9587,97.1492,49900
2014-07-27,123.922,271.736,157.446,422.441,178.914,6.34747e+06,114.44,91.4303,49900
2014-08-03,143.866,315.263,182.603,605.196,207.912,6.3472e+06,132.988,192.948,49900
2014-08-10,166.935,365.777,211.875,817.217,241.292,6.34689e+06,154.339,104.02,49900
2014-08-17,193.687,424.386,245.836,1063.22,279.969,6.34652e+06,179.079,92.6833,49900
2014-08-24,224.72,492.372,285.232,1348.66,324.831,6.3461e+06,207.774,152.235,49900
2014-08-31,260.716,571.23,330.93,1679.83,376.869,6.34561e+06,241.059,372.579,49900
2014-09-07,302.466,662.689,383.936,2064.05,437.229,6.34504e+06,279.667,147.594,49900
2014-09-14,350.887,768.755,445.414,2509.81,507.234,6.34438e+06,324.445,364.12,49900
2014-09-21,407.038,891.746,516.713,3026.93,588.42,6.34361e+06,376.375,271.875,49900
2014-09-28,472.146,1034.35,599.393,3626.81,682.562,6.34272e+06,436.591,417.148,49900
2014-07-13,84.266,183.127,113.989,119.98,123.62,6.34795e+06,86.2239,86.9315,49950
2014-07-20,96.253,208.502,125.725,248.522,140.278,6.34777e+06,97.8426,79.4438,49950
2014-07-27,109.236,236,141.677,392.242,159.672,6.34757e+06,111.37,120.566,49950
2014-08-03,123.674,267.032,160.252,554.602,180.935,6.34734e+06,126.2,98.2614,49950
2014-08-10,139.956,302.156,181.339,738.302,204.787,6.34709e+06,142.837,176.746,49950
2014-08-17,158.369,341.901,205.202,946.176,231.736,6.3468e+06,161.634,156.486,49950
2014-08-24,179.199,386.867,232.198,1181.4,262.22,6.34647e+06,182.896,166.829,49950
2014-08-31,202.765,437.735,262.738,1447.57,296.706,6.3461e+06,206.95,158.059,49950
2014-09-07,229.423,495.276,297.288,1748.74,335.72,6.34568e+06,234.162,223.706,49950
2014-09-14,259.578,560.363,336.371,2089.5,379.852,6.3452e+06,264.943,299.139,49950
2014-09-21,293.685,633.978,380.58,2475.07,429.771,6.34467e+06,299.761,304.32,49950
2014-09-28,332.261,717.233,430.584,2911.29,486.232,6.34406e+06,339.142,365.544,49950
2014-07-13,73.5971,161.962,98.5094,103.289,106.956,6.34801e+06,74.2669,80.0162,50000
2014-07-20,85.8256,188.117,110.408,215.23,123.839,6.34785e+06,85.9902,56.7838,50000
2014-07-27,99.3297,217.074,126.795,342.658,143.815,6.34766e+06,99.8608,113.117,50000
2014-08-03,114.655,250.404,146.212,489.402,166.162,6.34745e+06,115.378,130.299,50000
2014-08-10,132.279,288.864,168.679,658.671,191.735,6.3472e+06,133.135,134.897,50000
2014-08-17,152.599,333.234,194.596,853.948,221.196,6.34692e+06,153.592,136.676,50000
2014-08-24,176.038,384.412,224.49,1079.23,255.173,6.34659e+06,177.184,183.077,50000
2014-08-31,203.071,443.437,258.97,1339.11,294.362,6.34621e+06,204.396,172.825,50000
2014-09-07,234.249,511.509,298.736,1638.91,339.561,6.34577e+06,235.781,222.333,50000
2014-09-14,270.204,590.009,344.599,1984.73,391.688,6.34526e+06,271.976,305.68,50000
2014-09-21,311.666,680.526,397.489,2383.64,451.8,6.34468e+06,313.716,354.582,50000
2014-09-28,359.473,784.893,458.478,2843.77,521.115,6.344e+06,361.847,457.423,50000
2014-07-13,136.221,294.546,185.044,195.065,200.588,6.34764e+06,101.988,124.565,50050
2014-07-20,154.317,332.695,202.806,403.104,225.801,6.34736e+06,114.808,153.81,50050
2014-07-27,173.764,373.678,226.822,634.056,254.967,6.34704e+06,129.637,83.8173,50050
2014-08-03,195.216,419.562,254.589,892.971,286.683,6.34669e+06,145.763,217.239,50050
2014-08-10,219.215,471.091,285.875,1183.67,321.979,6.34629e+06,163.709,211.877,50050
2014-08-17,246.142,528.943,321.001,1510.08,361.541,6.34584e+06,183.825,197.557,50050
2014-08-24,276.367,593.882,360.429,1876.6,405.943,6.34534e+06,206.401,269.248,50050
2014-08-31,310.292,666.767,404.685,2288.12,455.783,6.34478e+06,231.741,134.154,50050
2014-09-07,348.366,748.563,454.358,2750.17,511.72,6.34415e+06,260.183,288.077,50050
2014-09-14,391.094,840.351,510.106,3268.92,574.498,6.34344e+06,292.102,485.406,50050
2014-09-21,439.04,943.34,572.666,3851.3,644.944,6.34264e+06,327.92,222.129,50050
2014-09-28,492.833,1058.88,642.864,4505.09,723.988,6.34175e+06,368.11,481.982,50050
2014-07-13,118.65,259.242,159.779,167.903,173.364,6.34774e+06,82.4792,75.7537,50100
2014-07-20,136.733,297.69,177.437,348.669,198.425,6.34749e+06,94.4018,90.8952,50100
2014-07-27,156.48,339.734,201.573,552.335,227.801,6.3472e+06,108.378,103.892,50100
2014-08-03,178.631,387.581,229.884,784.307,260.283,6.34687e+06,123.831,136.96,50100
2014-08-10,203.817,442.181,262.285,1048.94,297.032,6.34649e+06,141.315,170.681,50100
2014-08-17,232.533,504.469,299.25,1350.87,338.894,6.34606e+06,161.231,153.262,50100
2014-08-24,265.286,575.514,341.411,1695.34,386.635,6.34557e+06,183.944,205.928,50100
2014-08-31,302.642,656.538,389.498,2088.34,441.086,6.34501e+06,209.849,241.373,50100
2014-09-07,345.243,748.934,444.34,2536.68,503.185,6.34437e+06,239.394,304.284,50100
2014-09-14,393.821,854.289,506.882,3048.14,574.002,6.34365e+06,273.085,312.232,50100
2014-09-21,449.21,974.405,578.198,3631.58,654.75,6.34282e+06,311.501,341.287,50100
2014-09-28,512.356,1111.33,659.509,4297.08,746.813,6.34187e+06,355.301,357.36,50100
2014-07-13,92.3946,202.84,123.923,130.033,134.518,6.3479e+06,79.9965,90.0688,50150
2014-07-20,107.317,234.694,138.46,270.643,155.148,6.3477e+06,92.2646,77.5117,50150
2014-07-27,123.735,269.814,158.431,430.151,179.479,6.34747e+06,106.734,85.9459,50150
2014-08-03,142.293,310.083,182.014,613.16,206.592,6.3472e+06,122.858,111.81,50150
2014-08-10,163.554,356.377,209.2,823.474,237.5,6.3469e+06,141.239,130.008,50150
2014-08-17,187.976,409.582,240.445,1065.2,272.972,6.34655e+06,162.334,200.181,50150
2014-08-24,216.038,470.72,276.347,1343.03,313.727,6.34614e+06,186.57,92.0923,50150
2014-08-31,248.282,540.965,317.6,1662.33,360.557,6.34568e+06,214.419,241.235,50150
2014-09-07,285.328,621.668,365,2029.29,414.363,6.34515e+06,246.417,276.954,50150
2014-09-14,327.888,714.38,419.458,2451.02,476.181,6.34454e+06,283.18,249.997,50150
2014-09-21,376.779,820.875,482.021,2935.65,547.196,6.34383e+06,325.412,300.675,50150
2014-09-28,432.937,943.191,553.889,3492.55,628.771,6.34303e+06,373.924,326.349,50150
2014-07-13,123.793,268.354,167.809,176.763,181.946,6.34771e+06,83.1426,91.7341,50200
2014-07-20,140.822,304.327,184.502,365.711,205.641,6.34745e+06,93.9702,27.5256,50200
2014-07-27,159.193,343.14,207.132,576.22,233.14,6.34716e+06,106.536,67.5296,50200
2014-08-03,179.541,386.768,233.39,813.126,263.164,6.34684e+06,120.256,150.223,50200
2014-08-10,202.395,435.953,263.086,1080.14,296.711,6.34647e+06,135.585,157.014,50200
2014-08-17,228.139,491.391,296.559,1381.13,334.461,6.34605e+06,152.836,196.795,50200
2014-08-24,257.147,553.863,334.277,1720.41,376.996,6.34558e+06,172.273,259.962,50200
2014-08-31,289.835,624.254,376.78,2102.83,424.925,6.34506e+06,194.174,248.692,50200
2014-09-07,326.664,703.561,424.672,2533.87,478.93,6.34446e+06,218.853,256.917,50200
2014-09-14,368.158,792.905,478.632,3019.68,539.776,6.34379e+06,246.657,324.481,50200
2014-09-21,414.9,893.547,539.422,3567.22,608.324,6.34303e+06,277.981,161.032,50200
2014-09-28,467.551,1006.9,607.903,4184.28,685.539,6.34218e+06,313.265,398.052,50200
2014-07-13,108.846,238.778,146.08,153.318,158.559,6.3478e+06,79.4724,75.8311,50250
2014-07-20,126.27,275.948,163.06,318.993,182.656,6.34757e+06,91.5501,72.7288,50250
2014-07-27,145.416,316.875,186.369,506.733,211.049,6.34729e+06,105.781,58.1314,50250
2014-08-03,167.033,363.747,213.863,721.887,242.648,6.34698e+06,121.62,139.445,50250
2014-08-10,191.768,417.567,245.522,968.856,278.628,6.34663e+06,139.653,129.459,50250
2014-08-17,220.146,479.348,281.864,1252.38,319.87,6.34622e+06,160.325,120.741,50250
2014-08-24,252.715,550.254,323.574,1577.87,367.199,6.34575e+06,184.046,194.984,50250
2014-08-31,290.092,631.623,371.442,1951.52,421.516,6.34521e+06,211.271,145.72,50250
2014-09-07,332.983,724.993,426.376,2380.44,483.849,6.34459e+06,242.514,105.475,50250
2014-09-14,382.198,832.122,489.413,2872.78,555.376,6.34387e+06,278.364,263.566,50250
2014-09-21,438.663,955.024,561.741,3437.89,637.443,6.34306e+06,319.497,426.466,50250
2014-09-28,503.438,1096,644.723,4086.5,731.594,6.34212e+06,366.687,350.968,50250
2014-07-13,73.0871,161.233,97.624,102.283,106.018,6.34802e+06,70.9587,70.2819,50300
2014-07-20,85.5764,188,109.761,213.386,123.24,6.34785e+06,82.4849,98.496,50300
2014-07-27,99.4209,217.757,126.521,340.306,143.68,6.34767e+06,96.1656,91.9848,50300
2014-08-03,115.194,252.142,146.447,487.016,166.636,6.34745e+06,111.53,107.327,50300
2014-08-10,133.404,291.969,169.589,656.884,193.01,6.3472e+06,129.182,104.526,50300
2014-08-17,154.479,338.088,196.386,853.596,223.509,6.34691e+06,149.595,124.638,50300
2014-08-24,178.88,391.485,227.411,1081.39,258.816,6.34657e+06,173.227,159.523,50300
2014-08-31,207.129,453.303,263.33,1345.16,299.693,6.34618e+06,200.586,173.979,50300
2014-09-07,239.833,524.865,304.915,1650.59,347.017,6.34573e+06,232.26,285.054,50300
2014-09-14,277.69,607.701,353.055,2004.25,401.8,6.34521e+06,268.926,232.777,50300
2014-09-21,321.51,703.579,408.781,2413.74,465.214,6.3446e+06,311.37,344.817,50300
2014-09-28,372.227,814.542,473.283,2887.85,538.613,6.3439e+06,360.496,267.214,50300
2014-07-13,83.3018,180.542,112.939,118.972,122.452,6.34795e+06,83.5142,109.13,50350
2014-07-20,94.7297,204.68,124.143,246.123,138.355,6.34778e+06,94.3603,114.124,50350
2014-07-27,107.056,230.718,139.329,387.744,156.807,6.34759e+06,106.945,94.593,50350
2014-08-03,120.705,259.978,156.945,547.077,176.949,6.34737e+06,120.682,131.113,50350
2014-08-10,136.031,292.959,176.864,726.606,199.449,6.34712e+06,136.027,117.158,50350
2014-08-17,153.292,330.126,199.311,928.922,224.763,6.34684e+06,153.292,92.8155,50350
2014-08-24,172.739,372.001,224.6,1156.91,253.279,6.34652e+06,172.741,224.931,50350
2014-08-31,194.648,419.178,253.093,1413.83,285.407,6.34617e+06,194.653,236.326,50350
2014-09-07,219.331,472.324,285.193,1703.33,321.603,6.34577e+06,219.338,227.591,50350
2014-09-14,247.136,532.191,321.355,2029.54,362.378,6.34532e+06,247.148,275.193,50350
2014-09-21,278.456,599.625,362.091,2397.12,408.31,6.34481e+06,278.475,336.167,50350
2014-09-28,313.734,675.575,407.977,2811.28,460.048,6.34424e+06,313.761,174.075,50350
2014-07-13,91.6005,198.553,124.177,130.806,134.638,6.3479e+06,66.5216,76.4842,50400
2014-07-20,104.189,225.144,136.518,270.62,152.154,6.34771e+06,75.176,78.1829,50400
2014-07-27,117.768,253.834,153.246,426.372,172.481,6.3475e+06,85.2192,94.7168,50400
2014-08-03,132.809,286.08,172.655,601.637,194.674,6.34726e+06,96.1842,52.9197,50400
2014-08-10,149.7,322.433,194.605,799.157,219.47,6.34698e+06,108.435,78.9441,50400
2014-08-17,168.727,363.407,219.345,1021.79,247.371,6.34668e+06,122.221,74.529,50400
2014-08-24,190.167,409.579,247.223,1272.72,278.808,6.34633e+06,137.753,170.148,50400
2014-08-31,214.326,461.605,278.637,1555.54,314.232,6.34594e+06,155.255,219.133,50400
2014-09-07,241.548,520.223,314.033,1874.29,354.148,6.3455e+06,174.976,127.682,50400
2014-09-14,272.217,586.264,353.916,2233.53,399.121,6.345e+06,197.197,29.7541,50400
2014-09-21,306.77,660.663,398.85,2638.38,449.789,6.34445e+06,222.231,254.055,50400
2014-09-28,345.693,744.469,449.473,3094.63,506.87,6.34382e+06,250.433,108.758,50400
2014-07-13,161.187,339.018,223.949,237.974,242.172,6.34749e+06,104.353,146.104,50450
2014-07-20,174.58,366.632,237.27,485.744,261.091,6.34719e+06,112.506,114.381,50450
2014-07-27,188.386,394.942,254.787,750.47,282.243,6.34686e+06,121.62,137.03,50450
2014-08-03,202.963,425.304,274.299,1035.22,304.26,6.34651e+06,131.107,207.485,50450
2014-08-10,218.588,458.002,295.403,1341.84,327.726,6.34614e+06,141.219,116.536,50450
2014-08-17,235.397,493.21,318.128,1672.05,352.938,6.34573e+06,152.083,153.483,50450
2014-08-24,253.49,531.11,342.591,2027.66,380.072,6.3453e+06,163.775,127.862,50450
2014-08-31,272.966,571.905,368.922,2410.61,409.28,6.34483e+06,176.361,146.647,50450
2014-09-07,293.929,615.812,397.265,2822.99,440.718,6.34432e+06,189.908,229.364,50450
2014-09-14,316.49,663.065,427.771,3267.04,474.555,6.34378e+06,204.488,200.531,50450
2014-09-21,340.77,713.915,460.603,3745.18,510.971,6.34319e+06,220.18,241.862,50450
2014-09-28,366.897,768.632,495.935,4260,550.159,6.34256e+06,237.066,291.495,50450
2014-07-13,83.377,181.827,112.458,118.244,121.999,6.34795e+06,81.2375,62.9346,50500
2014-07-20,95.7843,208.167,124.585,245.327,139.21,6.34778e+06,92.6982,109.508,50500
2014-07-27,109.294,236.88,141.128,388.121,159.337,6.34757e+06,106.101,97.354,50500
2014-08-03,124.404,269.46,160.484,550.292,181.527,6.34735e+06,120.877,142.5,50500
2014-08-10,141.534,306.534,182.573,734.759,206.557,6.34708e+06,137.544,117.308,50500
2014-08-17,161.011,348.709,207.703,944.618,234.988,6.34679e+06,156.476,165.102,50500
2014-08-24,183.163,396.68,236.284,1183.36,267.322,6.34645e+06,178.006,155.872,50500
2014-08-31,208.358,451.238,268.792,1454.95,304.096,6.34607e+06,202.494,206.73,50500
2014-09-07,237.012,513.283,305.764,1763.9,345.921,6.34563e+06,230.345,240.981,50500
2014-09-14,269.597,583.839,347.81,2115.34,393.486,6.34513e+06,262.018,179.962,50500
2014-09-21,306.65,664.066,395.626,2515.1,447.575,6.34457e+06,298.036,322.966,50500
2014-09-28,348.781,755.282,449.997,2969.8,509.079,6.34393e+06,338.99,336.662,50500
2014-07-13,88.5253,191.722,120.094,126.538,130.201,6.34792e+06,82.2714,99.8531,50550
2014-07-20,100.549,217.103,131.886,261.685,146.939,6.34774e+06,92.8479,79.2199,50550
2014-07-27,113.502,244.447,147.857,412.056,166.342,6.34753e+06,105.108,84.3032,50550
2014-08-03,127.83,275.139,166.365,581.044,187.497,6.3473e+06,118.476,142.729,50550
2014-08-10,143.899,309.696,187.269,771.241,211.101,6.34704e+06,133.39,109.019,50550
2014-08-17,161.976,348.594,210.8,985.337,237.627,6.34674e+06,150.152,131.05,50550
2014-08-24,182.319,392.37,237.281,1226.33,267.474,6.34641e+06,169.012,233.61,50550
2014-08-31,205.213,441.631,267.081,1497.59,301.064,6.34604e+06,190.236,189.743,50550
2014-09-07,230.974,497.063,300.616,1802.92,338.863,6.34562e+06,214.121,258.696,50550
2014-09-14,259.962,559.433,338.352,2146.58,381.396,6.34515e+06,240.997,227.102,50550
2014-09-21,292.576,629.606,380.812,2533.37,429.253,6.34461e+06,271.237,274.596,50550
2014-09-28,329.27,708.55,428.586,2968.7,483.098,6.34401e+06,305.26,315.253,50550
2014-07-13,103.757,226.591,139.781,146.91,151.659,6.34783e+06,83.4405,96.7061,50600
2014-07-20,119.474,259.994,155.132,305.005,173.446,6.34761e+06,95.427,101.106,50600
2014-07-27,136.624,296.494,176.104,483.002,198.969,6.34736e+06,109.469,126.688,50600
2014-08-03,155.848,337.999,200.688,685.587,227.169,6.34707e+06,124.985,107.726,50600
2014-08-10,177.69,385.328,228.804,916.521,259.05,6.34674e+06,142.525,142.479,50600
2014-08-17,202.575,439.284,260.856,1179.81,295.339,6.34637e+06,162.491,189.182,50600
2014-08-24,230.939,500.782,297.388,1479.97,336.697,6.34594e+06,185.245,205.629,50600
2014-08-31,263.266,570.87,339.026,1822.17,383.833,6.34545e+06,211.179,231.89,50600
2014-09-07,300.106,650.741,386.48,2212.27,437.554,6.3449e+06,240.735,142.891,50600
2014-09-14,342.088,741.753,440.559,2656.96,498.774,6.34427e+06,274.417,254.405,50600
2014-09-21,389.924,845.45,502.184,3163.87,568.534,6.34355e+06,312.798,221.652,50600
2014-09-28,444.424,963.586,572.4,3741.67,648.016,6.34273e+06,356.528,338.543,50600
2014-07-13,97.8516,212.317,132.54,139.572,143.718,6.34787e+06,89.7062,76.6663,50650
2014-07-20,111.483,241.136,145.897,288.892,162.677,6.34766e+06,101.54,131.089,50650
2014-07-27,126.211,272.282,164.022,455.473,184.706,6.34743e+06,115.29,138.095,50650
2014-08-03,142.549,307.345,185.08,643.209,208.795,6.34717e+06,130.326,116.871,50650
2014-08-10,160.928,346.933,208.931,855.11,235.752,6.34688e+06,147.152,144.434,50650
2014-08-17,181.66,391.621,235.855,1094.32,266.132,6.34655e+06,166.115,178.276,50650
2014-08-24,205.058,442.056,266.24,1364.35,300.414,6.34617e+06,187.513,219.574,50650
2014-08-31,231.464,498.971,300.531,1669.16,339.104,6.34575e+06,211.662,243.601,50650
2014-09-07,261.261,563.194,339.229,2013.23,382.764,6.34527e+06,238.914,207.846,50650
2014-09-14,294.884,635.659,382.897,2401.59,432.031,6.34473e+06,269.666,298.742,50650
2014-09-21,332.82,717.417,432.17,2839.94,487.621,6.34413e+06,304.364,311.508,50650
2014-09-28,375.62,809.651,487.763,3334.69,550.34,6.34344e+06,343.512,351.92,50650
2014-07-13,100.882,223.566,134.227,140.432,145.831,6.34785e+06,70.61,76.8043,50700
2014-07-20,119.018,262.581,151.811,293.627,170.779,6.34762e+06,82.6895,99.3312,50700
2014-07-27,139.265,306.294,176.211,469.792,200.565,6.34736e+06,97.1117,129.668,50700
2014-08-03,162.503,357.164,205.406,674.861,234.264,6.34705e+06,113.429,101.57,50700
2014-08-10,189.52,416.5,239.547,913.98,273.26,6.34669e+06,132.31,99.1093,50700
2014-08-17,221.01,485.692,279.359,1192.84,318.675,6.34627e+06,154.299,163.741,50700
2014-08-24,257.723,566.361,325.774,1518.04,371.617,6.34578e+06,179.934,206.478,50700
2014-08-31,300.523,660.402,379.887,1897.27,433.34,6.34521e+06,209.819,180.481,50700
2014-09-07,350.415,770.019,442.971,2339.48,505.294,6.34455e+06,244.659,301.359,50700
2014-09-14,408.569,897.779,516.507,2855.11,589.167,6.34377e+06,285.269,320.407,50700
2014-09-21,476.345,1046.67,602.217,3456.33,686.922,6.34287e+06,332.601,323.632,50700
2014-09-28,555.324,1220.15,702.106,4157.28,800.845,6.34182e+06,387.762,391.894,50700
2014-07-13,90.4955,199.225,121.089,126.949,131.476,6.34791e+06,85.439,109.408,50750
2014-07-20,105.598,231.536,135.781,264.581,152.323,6.34771e+06,98.9863,99.4214,50750
2014-07-27,122.285,267.331,156.023,421.338,177,6.34748e+06,115.023,89.5639,50750
2014-08-03,141.233,308.555,180.02,601.963,204.622,6.34722e+06,132.972,173.623,50750
2014-08-10,163.035,356.149,207.801,810.432,236.25,6.34691e+06,153.526,255.719,50750
2014-08-17,188.188,411.086,239.867,1051.07,272.707,6.34656e+06,177.217,220.222,50750
2014-08-24,217.214,474.485,276.873,1328.84,314.774,6.34615e+06,204.554,231.637,50750
2014-08-31,250.711,547.644,319.577,1649.46,363.32,6.34568e+06,236.102,272.768,50750
2014-09-07,289.361,632.057,368.855,2019.52,419.339,6.34514e+06,272.505,188.893,50750
2014-09-14,333.957,729.448,425.716,2446.63,483.977,6.34451e+06,314.51,265.477,50750
2014-09-21,385.406,841.801,491.321,2939.58,558.552,6.34379e+06,362.972,364.892,50750
2014-09-28,444.757,971.401,567.007,3508.48,644.585,6.34296e+06,418.88,417.524,50750
2014-07-13,79.8814,178.406,105.576,110.184,114.788,6.34798e+06,74.0864,67.0904,50800
2014-07-20,95.4706,212.16,120.631,231.272,136.143,6.34779e+06,87.8699,80.4353,50800
2014-07-27,113.089,250.488,141.698,372.108,161.903,6.34757e+06,104.496,125.227,50800
2014-08-03,133.568,295.647,167.187,538.04,191.42,6.34732e+06,123.547,127.673,50800
2014-08-10,157.672,348.965,197.35,733.88,226.004,6.34701e+06,145.868,185.743,50800
2014-08-17,186.111,411.898,232.954,965.053,266.776,6.34665e+06,172.183,145.941,50800
2014-08-24,219.673,486.169,274.97,1237.93,314.89,6.34623e+06,203.237,219.441,50800
2014-08-31,259.279,573.81,324.554,1560.01,371.668,6.34573e+06,239.883,139.829,50800
2014-09-07,306.013,677.221,383.066,1940.17,438.669,6.34514e+06,283.127,172.835,50800
2014-09-14,361.154,799.226,452.108,2388.85,517.726,6.34445e+06,334.152,270.747,50800
2014-09-21,426.207,943.154,533.567,2918.39,610.999,6.34363e+06,394.352,349.804,50800
2014-09-28,502.945,1112.92,629.667,3543.32,721.032,6.34266e+06,465.37,421.829,50800
2014-07-13,81.437,176.451,110.436,116.346,119.735,6.34797e+06,88.0135,93.5505,50850
2014-07-20,92.5668,199.954,121.349,240.658,135.226,6.3478e+06,99.4,112.382,50850
2014-07-27,104.566,225.295,136.137,379.063,153.193,6.3476e+06,112.607,124.478,50850
2014-08-03,117.848,253.76,153.285,534.712,172.796,6.34739e+06,127.017,96.6619,50850
2014-08-10,132.755,285.831,172.666,710.017,194.686,6.34715e+06,143.107,125.816,50850
2014-08-17,149.537,321.958,194.497,907.487,219.302,6.34688e+06,161.202,141.419,50850
2014-08-24,168.436,362.644,219.083,1129.92,247.021,6.34657e+06,181.577,134.565,50850
2014-08-31,189.72,408.461,246.772,1380.47,278.238,6.34622e+06,204.524,201.232,50850
2014-09-07,213.687,460.055,277.952,1662.68,313.392,6.34584e+06,230.364,178.877,50850
2014-09-14,240.675,518.149,313.064,1980.55,352.978,6.3454e+06,259.463,189.502,50850
2014-09-21,271.063,583.559,352.601,2338.56,397.552,6.3449e+06,292.227,273.293,50850
2014-09-28,305.276,657.199,397.118,2741.79,447.738,6.34435e+06,329.118,302.203,50850
2014-07-13,105.861,232.377,141.997,149.003,154.136,6.34782e+06,71.0243,42.1811,50900
2014-07-20,122.936,268.821,158.632,310.11,177.742,6.34759e+06,81.9018,126.51,50900
2014-07-27,141.717,308.994,181.482,492.841,205.581,6.34732e+06,94.7293,129.921,50900
2014-08-03,162.944,355.048,208.459,702.458,236.595,6.34702e+06,109.02,113.455,50900
2014-08-10,187.256,407.98,239.553,943.308,271.943,6.34667e+06,125.308,91.2443,50900
2014-08-17,215.178,468.803,275.281,1220.08,312.502,6.34627e+06,143.998,148.198,50900
2014-08-24,247.255,538.677,316.327,1538.13,359.093,6.34581e+06,165.466,204.987,50900
2014-08-31,284.103,618.943,363.48,1903.59,412.616,6.34528e+06,190.129,187.729,50900
2014-09-07,326.43,711.138,417.647,2323.53,474.099,6.34467e+06,218.46,187.644,50900
2014-09-14,375.046,817.023,479.865,2806.03,544.72,6.34397e+06,251.001,174.063,50900
2014-09-21,430.878,938.62,551.325,3360.4,625.828,6.34317e+06,288.375,406.904,50900
2014-09-28,494.991,1078.24,633.391,3997.3,718.972,6.34225e+06,331.294,254.546,50900
2014-07-13,92.7569,200.797,125.881,132.653,136.47,6.3479e+06,80.0201,68.3219,50950
2014-07-20,105.279,227.22,138.165,274.275,153.905,6.34771e+06,90.2436,58.674,50950
2014-07-27,118.76,255.665,154.793,431.751,174.105,6.34749e+06,102.088,121.917,50950
2014-08-03,133.66,287.571,174.051,608.606,196.113,6.34725e+06,114.993,114.96,50950
2014-08-10,150.36,323.468,195.788,807.521,220.652,6.34697e+06,129.381,103.253,50950
2014-08-17,169.133,363.848,220.24,1031.28,248.209,6.34667e+06,145.539,65.809,50950
2014-08-24,190.246,409.26,247.737,1282.98,279.195,6.34632e+06,163.709,158.411,50950
2014-08-31,213.988,460.328,278.661,1566.1,314.043,6.34593e+06,184.142,231.154,50950
2014-09-07,240.686,517.752,313.436,1884.55,353.23,6.34549e+06,207.119,221.324,50950
2014-09-14,270.707,582.319,352.54,2242.74,397.294,6.345e+06,232.957,160.732,50950
2014-09-21,304.461,654.912,396.509,2645.61,446.841,6.34445e+06,262.009,224.074,50950
2014-09-28,342.409,736.522,445.945,3098.72,502.546,6.34383e+06,294.672,359.9,50950
2014-07-13,99.2602,216.391,133.919,140.824,145.276,6.34786e+06,82.0536,85.1625,51000
2014-07-20,113.967,247.605,148.296,292.128,165.681,6.34765e+06,93.5788,138.513,51000
2014-07-27,129.973,281.609,167.902,462.055,189.533,6.34741e+06,107.051,102.818,51000
2014-08-03,147.863,320.173,190.83,654.941,215.813,6.34714e+06,121.894,160.075,51000
2014-08-10,168.135,364.03,216.982,874.23,245.442,6.34683e+06,138.629,95.9453,51000
2014-08-17,191.17,413.895,246.717,1123.57,279.077,6.34647e+06,157.626,198.248,51000
2014-08-24,217.355,470.579,280.517,1407.08,317.307,6.34607e+06,179.219,173.728,51000
2014-08-31,247.119,535.008,318.938,1729.42,360.763,6.34562e+06,203.764,237.52,51000
2014-09-07,280.949,608.236,362.61,2095.91,410.158,6.3451e+06,231.662,168.872,51000
2014-09-14,319.397,691.458,412.248,2512.57,466.298,6.34451e+06,263.371,245.974,51000
2014-09-21,363.092,786.029,468.661,2986.26,530.101,6.34385e+06,299.408,251.748,51000
2014-09-28,412.742,893.485,532.769,3524.75,602.605,6.34309e+06,340.359,344.549,51000
2014-07-13,89.2202,197.687,118.728,124.223,128.99,6.34792e+06,75.7885,84.4297,51050
2014-07-20,105.229,232.121,134.251,259.714,151.014,6.34772e+06,88.7285,90.8574,51050
2014-07-27,123.097,270.69,155.787,415.481,177.303,6.34748e+06,104.175,104.347,51050
2014-08-03,143.598,315.564,181.55,596.756,207.038,6.34721e+06,121.646,131.427,51050
2014-08-10,167.428,367.892,211.669,808.075,241.437,6.34689e+06,141.857,117.808,51050
2014-08-17,195.196,428.898,246.782,1054.45,281.489,6.34652e+06,165.39,181.232,51050
2014-08-24,227.562,500.007,287.71,1341.69,328.169,6.34609e+06,192.816,145.915,51050
2014-08-31,265.286,582.884,335.415,1676.56,382.578,6.34559e+06,224.785,190.093,51050
2014-09-07,309.252,679.469,391.015,2066.95,445.991,6.345e+06,262.043,261.09,51050
2014-09-14,360.488,792.017,455.814,2522.05,519.894,6.34432e+06,305.465,306.427,51050
2014-09-21,420.19,923.155,531.325,3052.55,606.011,6.34352e+06,356.064,257.067,51050
2014-09-28,489.748,1075.93,619.311,3670.92,706.353,6.34259e+06,415.019,245.391,51050
2014-07-13,110.323,240.108,149.053,156.818,161.669,6.34779e+06,84.8441,125.99,51100
2014-07-20,126.322,274.016,164.706,325.051,183.886,6.34756e+06,96.5034,92.6388,51100
2014-07-27,143.689,310.851,186.015,513.542,209.799,6.3473e+06,110.103,107.498,51100
2014-08-03,163.047,352.515,210.875,726.956,238.275,6.347e+06,125.047,95.8364,51100
2014-08-10,184.926,399.775,239.16,968.964,270.292,6.34666e+06,141.85,146.499,51100
2014-08-17,209.723,453.369,271.237,1243.43,306.545,6.34627e+06,160.875,131.277,51100
2014-08-24,237.836,514.135,307.606,1554.71,347.644,6.34584e+06,182.444,151.791,51100
2014-08-31,269.71,583.026,348.84,1907.71,394.24,6.34534e+06,206.898,195.65,51100
2014-09-07,305.844,661.12,395.587,2308.03,447.066,6.34478e+06,234.621,273.216,51100
2014-09-14,346.804,749.64,448.581,2761.99,506.95,6.34414e+06,266.048,276.905,51100
2014-09-21,393.231,849.969,508.653,3276.75,574.83,6.34342e+06,301.671,295.192,51100
2014-09-28,445.849,963.668,576.74,3860.42,651.764,6.3426e+06,342.047,399.065,51100
2014-07-13,85.996,189.857,114.791,120.24,124.671,6.34794e+06,72.2017,29.5402,51150
2014-07-20,100.82,221.649,129.192,250.943,145.104,6.34775e+06,84.0352,108.262,51150
2014-07-27,117.273,257.039,149.093,400.421,169.38,6.34753e+06,98.0946,85.7761,51150
2014-08-03,136.041,297.98,172.781,573.411,196.678,6.34727e+06,113.904,134.312,51150
2014-08-10,157.733,345.457,200.322,773.948,228.078,6.34697e+06,132.089,100.374,51150
2014-08-17,182.869,400.499,232.252,1006.45,264.431,6.34663e+06,153.143,222.867,51150
2014-08-24,212.004,464.3,269.262,1276.01,306.565,6.34623e+06,177.544,182.616,51150
2014-08-31,245.773,538.246,312.16,1588.51,355.403,6.34577e+06,205.828,223.987,51150
2014-09-07,284.911,623.945,361.88,1950.8,412.006,6.34523e+06,238.609,357.523,51150
2014-09-14,330.268,723.256,419.504,2370.78,477.606,6.34461e+06,276.601,419.464,51150
2014-09-21,382.827,838.33,486.282,2857.63,553.626,6.34388e+06,320.627,189.662,51150
2014-09-28,443.725,971.652,563.662,3421.96,641.712,6.34305e+06,371.641,435.657,51150
2014-07-13,105.303,229.398,142.159,149.521,154.204,6.34782e+06,86.1117,93.29,51200
2014-07-20,120.761,262.186,157.276,310.064,175.659,6.3476e+06,98.0929,95.1344,51200
2014-07-27,137.565,297.861,177.874,490.18,200.715,6.34735e+06,112.085,120.515,51200
2014-08-03,156.325,338.272,201.938,694.405,228.289,6.34706e+06,127.483,144.901,51200
2014-08-10,177.559,384.178,229.356,926.328,259.34,6.34673e+06,144.823,131.665,51200
2014-08-17,201.659,436.314,260.495,1189.74,294.551,6.34636e+06,164.485,197.532,51200
2014-08-24,229.024,495.512,295.852,1488.91,334.525,6.34594e+06,186.808,184.046,51200
2014-08-31,260.094,562.723,335.997,1828.68,379.914,6.34546e+06,212.154,187.577,51200
2014-09-07,295.368,639.026,381.576,2214.54,431.446,6.34492e+06,240.931,228.001,51200
2014-09-14,335.412,725.642,433.322,2652.74,489.949,6.3443e+06,273.601,252.095,51200
2014-09-21,380.868,823.958,492.065,3150.36,556.36,6.3436e+06,310.687,289.011,51200
2014-09-28,432.46,935.54,558.744,3715.42,631.742,6.34281e+06,352.782,240.248,51200
2014-07-13,70.7389,157.283,93.8542,98.09,101.999,6.34803e+06,62.9067,70.0829,51250
2014-07-20,83.9157,185.708,106.608,205.429,120.094,6.34787e+06,74.0659,86.5377,51250
2014-07-27,98.7035,217.738,124.37,329.459,141.791,6.34768e+06,87.4476,80.7688,51250
2014-08-03,115.767,255.211,145.723,474.579,166.473,6.34746e+06,102.67,113.999,51250
2014-08-10,135.712,299.147,170.821,644.668,195.186,6.3472e+06,120.378,157.645,51250
2014-08-17,159.079,350.65,200.239,844.05,228.801,6.3469e+06,141.11,137.78,51250
2014-08-24,186.466,411.01,234.717,1077.77,268.194,6.34654e+06,165.405,134.262,51250
2014-08-31,218.561,481.746,275.124,1351.72,314.361,6.34612e+06,193.878,202.886,51250
2014-09-07,256.172,564.636,322.477,1672.83,368.464,6.34563e+06,227.245,271.759,51250
2014-09-14,300.244,661.76,377.967,2049.2,431.863,6.34506e+06,266.345,312.855,51250
2014-09-21,351.882,775.552,442.988,2490.33,506.149,6.34439e+06,312.16,314.003,51250
2014-09-28,412.379,908.857,519.17,3007.34,593.184,6.3436e+06,365.838,339.825,51250
2014-07-13,89.3515,191.898,122.057,128.925,132.23,6.34792e+06,85.1495,88.9612,51300
2014-07-20,100.108,214.452,132.649,265.6,147.268,6.34774e+06,94.8333,129.404,51300
2014-07-27,111.55,238.406,146.873,415.894,164.518,6.34754e+06,105.942,100.727,51300
2014-08-03,124.038,264.947,163.17,582.675,183.077,6.34732e+06,117.893,93.0484,51300
2014-08-10,137.864,294.45,181.348,768.012,203.515,6.34707e+06,131.054,105.719,51300
2014-08-17,153.22,327.24,201.551,973.998,226.189,6.34679e+06,145.655,225.602,51300
2014-08-24,170.281,363.675,224,1202.93,251.379,6.34649e+06,161.876,217.835,51300
2014-08-31,189.239,404.158,248.942,1457.35,279.368,6.34615e+06,179.9,212.67,51300
2014-09-07,210.302,449.135,276.656,1740.11,310.466,6.34577e+06,199.925,221.394,51300
2014-09-14,233.702,499.102,307.447,2054.33,345.017,6.34536e+06,222.175,202.572,51300
2014-09-21,259.699,554.61,341.656,2403.53,383.402,6.34489e+06,246.893,297.075,51300
2014-09-28,288.577,616.269,379.658,2791.57,426.044,6.34437e+06,274.352,322.039,51300
2014-07-13,93.3092,206.228,124.437,130.299,135.161,6.3479e+06,73.0551,70.0947,51350
2014-07-20,109.592,241.179,140.246,272.082,157.591,6.34769e+06,85.1791,102.559,51350
2014-07-27,127.695,280.159,162.12,434.487,184.279,6.34745e+06,99.6038,78.7022,51350
2014-08-03,148.381,325.329,188.194,622.754,214.341,6.34717e+06,115.853,132.786,51350
2014-08-10,172.33,377.799,218.56,841.368,248.98,6.34684e+06,134.575,162.718,51350
2014-08-17,200.128,438.73,253.823,1095.26,289.151,6.34646e+06,156.288,149.516,51350
2014-08-24,232.402,509.475,294.766,1390.1,335.788,6.34602e+06,181.495,195.461,51350
2014-08-31,269.873,591.606,342.3,1732.5,389.934,6.34551e+06,210.761,230.492,51350
2014-09-07,313.372,686.946,397.486,2130.11,452.794,6.34492e+06,244.738,241.015,51350
2014-09-14,363.866,797.611,461.551,2591.81,525.765,6.34424e+06,284.179,301.176,51350
2014-09-21,422.473,926.049,535.914,3127.91,610.466,6.34344e+06,329.96,310.459,51350
2014-09-28,490.49,1075.1,622.225,3750.37,708.771,6.34251e+06,383.095,454.777,51350
2014-07-13,103.864,226.526,140.08,147.284,151.966,6.34783e+06,97.2798,85.5523,51400
2014-07-20,119.338,259.377,155.204,305.59,173.43,6.34761e+06,111.02,110.392,51400
2014-07-27,136.189,295.193,175.837,483.49,198.533,6.34736e+06,127.089,81.5356,51400
2014-08-03,155.037,335.837,199.979,685.559,226.211,6.34707e+06,144.807,155.164,51400
2014-08-10,176.408,382.09,227.534,915.439,257.435,6.34675e+06,164.795,161.866,51400
2014-08-17,200.707,434.712,258.884,1176.99,292.906,6.34638e+06,187.502,163.635,51400
2014-08-24,228.348,494.57,294.544,1474.58,333.248,6.34596e+06,213.326,245.27,51400
2014-08-31,259.786,562.65,335.106,1813.16,379.135,6.34548e+06,242.701,280.67,51400
2014-09-07,295.542,640.077,381.24,2198.35,431.326,6.34493e+06,276.11,284.124,51400
2014-09-14,336.206,728.126,433.709,2636.56,490.682,6.34432e+06,314.107,270.388,51400
2014-09-21,382.446,828.244,493.378,3135.07,558.182,6.34361e+06,357.316,384.631,51400
2014-09-28,435.023,942.075,561.229,3702.16,634.935,6.34281e+06,406.449,349.65,51400
2014-07-13,85.7993,187.161,115.698,121.641,125.517,6.34794e+06,85.5866,73.4996,51450
2014-07-20,98.6116,214.367,128.22,252.408,143.288,6.34776e+06,97.7038,75.6036,51450
2014-07-27,112.569,244.037,145.305,399.398,164.076,6.34755e+06,111.879,151.355,51450
2014-08-03,128.185,277.719,165.303,566.405,187.005,6.34731e+06,127.513,163.075,51450
2014-08-10,145.897,316.061,188.135,756.453,212.88,6.34704e+06,145.157,172.825,51450
2014-08-17,166.044,359.698,214.12,972.751,242.283,6.34674e+06,165.206,141.647,51450
2014-08-24,188.967,409.351,243.687,1218.92,275.736,6.34639e+06,188.016,165.297,51450
2014-08-31,215.05,465.846,277.329,1499.08,313.799,6.34599e+06,213.971,230.718,51450
2014-09-07,244.726,530.121,315.607,1817.91,357.107,6.34554e+06,243.502,192.404,51450
2014-09-14,278.487,603.241,359.156,2180.74,406.379,6.34503e+06,277.099,318.407,51450
2014-09-21,316.894,686.417,408.701,2593.63,462.433,6.34444e+06,315.32,274.111,51450
2014-09-28,360.581,781.025,465.061,3063.46,526.196,6.34378e+06,358.798,342.869,51450
2014-07-13,125.99,274.601,170.015,178.794,184.429,6.3477e+06,77.3883,69.2607,51500
2014-07-20,144.603,314.094,188.213,370.853,210.257,6.34743e+06,88.2257,71.7726,51500
2014-07-27,164.851,357.101,213.022,586.48,240.436,6.34713e+06,100.889,81.1878,51500
2014-08-03,187.473,405.853,242.023,831.154,273.675,6.34678e+06,114.837,126.497,51500
2014-08-10,213.096,461.274,275.09,1109.22,311.132,6.34639e+06,130.554,131.528,51500
2014-08-17,242.2,524.259,312.671,1425.28,353.638,6.34595e+06,148.39,118.007,51500
2014-08-24,275.269,595.826,355.373,1784.5,401.928,6.34544e+06,168.653,155.692,51500
2014-08-31,312.84,677.135,403.891,2192.78,456.797,6.34486e+06,191.676,198.587,51500
2014-09-07,355.525,769.503,459.015,2656.79,519.134,6.34421e+06,217.834,230.734,51500
2014-09-14,404.013,874.425,521.638,3184.12,589.951,6.34347e+06,247.549,297.713,51500
2014-09-21,459.089,993.591,592.775,3783.37,670.393,6.34262e+06,281.303,194.545,51500
2014-09-28,521.638,1128.92,673.574,4464.33,761.757,6.34166e+06,319.64,307.173,51500
2014-07-13,81.7026,176.835,110.897,116.868,120.222,6.34796e+06,82.687,68.8348,51550
2014-07-20,92.7041,200.047,121.689,241.618,135.542,6.34779e+06,93.2239,68.8344,51550
2014-07-27,104.545,225.027,136.298,380.297,153.288,6.3476e+06,105.429,62.2868,51550
2014-08-03,117.63,253.04,153.213,535.999,172.616,6.34739e+06,118.723,102.33,51550
2014-08-10,132.291,284.55,172.299,711.073,194.161,6.34715e+06,133.541,146.396,51550
2014-08-17,148.768,319.985,193.764,907.959,218.351,6.34688e+06,150.178,182.303,51550
2014-08-24,167.293,359.826,217.897,1129.37,245.543,6.34658e+06,168.881,216.64,51550
2014-08-31,188.121,404.619,245.03,1378.35,276.117,6.34623e+06,189.909,145.979,51550
2014-09-07,211.536,454.976,275.535,1658.34,310.489,6.34585e+06,213.55,218.352,51550
2014-09-14,237.86,511.583,309.83,1973.17,349.131,6.34542e+06,240.127,256.987,51550
2014-09-21,267.45,575.214,348.383,2327.19,392.571,6.34493e+06,270.004,263.322,51550
2014-09-28,300.711,646.733,391.72,2725.25,441.399,6.34439e+06,303.588,261.799,51550
2014-07-13,97.0872,210.404,131.637,138.672,142.724,6.34787e+06,83.3007,70.3086,51600
2014-07-20,110.393,238.507,144.683,286.868,161.241,6.34767e+06,94.1082,101.95,51600
2014-07-27,124.743,268.816,162.363,451.911,182.724,6.34744e+06,106.647,99.9955,51600
2014-08-03,140.63,302.873,182.871,637.574,206.171,6.34719e+06,120.331,158.978,51600
2014-08-10,158.468,341.254,206.056,846.747,232.359,6.3469e+06,135.616,161.777,51600
2014-08-17,178.554,384.5,232.18,1082.44,261.818,6.34657e+06,152.81,127.003,51600
2014-08-24,201.18,433.217,261.608,1348.01,294.999,6.34621e+06,172.176,138.018,51600
2014-08-31,226.667,488.093,294.757,1647.24,332.377,6.34579e+06,193.992,200.849,51600
2014-09-07,255.376,549.901,332.098,1984.38,374.479,6.34533e+06,218.565,208.021,51600
2014-09-14,287.71,619.513,374.157,2364.22,421.902,6.3448e+06,246.243,230.782,51600
2014-09-21,324.125,697.907,421.528,2792.16,475.311,6.34421e+06,277.415,252.862,51600
2014-09-28,365.134,786.185,474.877,3274.27,535.46,6.34355e+06,312.521,289.457,51600
2014-07-13,109.558,236.475,149.043,157.197,161.537,6.3478e+06,98.3653,105.764,51650
2014-07-20,123.753,266.358,162.988,324.585,181.333,6.34757e+06,110.42,133.465,51650
2014-07-27,138.968,298.368,181.81,509.946,204.183,6.34732e+06,124.334,143.316,51650
2014-08-03,155.705,334.108,203.52,717.197,228.961,6.34704e+06,139.422,125.057,51650
2014-08-10,174.379,374.139,227.917,949.262,256.462,6.34672e+06,156.168,123.242,51650
2014-08-17,195.277,418.966,255.238,1209.15,287.204,6.34637e+06,174.888,151.768,51650
2014-08-24,218.672,469.154,285.824,1500.18,321.618,6.34598e+06,195.844,232.414,51650
2014-08-31,244.863,525.336,320.066,1826.08,360.144,6.34553e+06,219.304,230.88,51650
2014-09-07,274.182,588.226,358.4,2191.02,403.273,6.34504e+06,245.567,258.477,51650
2014-09-14,307.001,658.619,401.311,2599.66,451.552,6.34448e+06,274.965,289.779,51650
2014-09-21,343.733,737.403,449.343,3057.22,505.59,6.34386e+06,307.871,271.644,51650
2014-09-28,384.843,825.57,503.102,3569.53,566.071,6.34317e+06,344.699,370.463,51650
2014-07-13,89.0442,193.864,120.269,126.52,130.452,6.34792e+06,85.0059,92.5761,51700
2014-07-20,102.016,221.366,132.958,262.293,148.462,6.34773e+06,96.7418,112.103,51700
2014-07-27,116.105,251.26,150.239,414.492,169.48,6.34752e+06,110.437,98.9405,51700
2014-08-03,131.82,285.094,170.41,586.909,192.588,6.34728e+06,125.495,106.351,51700
2014-08-10,149.591,323.494,193.374,782.532,218.587,6.347e+06,142.437,179.695,51700
2014-08-17,169.744,367.068,219.432,1004.52,248.043,6.34669e+06,161.631,152.595,51700
2014-08-24,192.607,416.503,248.993,1256.41,281.455,6.34634e+06,183.403,235.543,51700
2014-08-31,218.544,472.582,282.529,1542.24,319.36,6.34593e+06,208.103,207.304,51700
2014-09-07,247.966,536.194,320.573,1866.55,362.36,6.34548e+06,236.123,219.593,51700
2014-09-14,281.339,608.346,363.728,2234.53,411.137,6.34496e+06,267.907,260.508,51700
2014-09-21,319.191,690.177,412.678,2652.05,466.462,6.34438e+06,303.958,392.369,51700
2014-09-28,362.12,782.979,468.197,3125.74,529.209,6.34371e+06,344.846,370.545,51700
2014-07-13,87.5862,188.214,119.589,126.298,129.563,6.34793e+06,87.1667,95.4203,51750
2014-07-20,98.2216,210.524,130.06,260.255,144.427,6.34775e+06,97.167,116.688,51750
2014-07-27,109.544,234.242,144.127,407.677,161.49,6.34755e+06,108.647,136.122,51750
2014-08-03,121.914,260.544,160.257,571.412,179.865,6.34734e+06,121.009,102.966,51750
2014-08-10,135.62,289.808,178.265,753.521,200.117,6.34709e+06,134.634,175.612,51750
2014-08-17,150.856,322.36,198.297,956.095,222.605,6.34682e+06,149.763,194.696,51750
2014-08-24,167.8,358.562,220.574,1181.43,247.61,6.34652e+06,166.586,105.913,51750
2014-08-31,186.643,398.821,245.347,1432.07,275.418,6.34619e+06,185.294,258.849,51750
2014-09-07,207.596,443.588,272.897,1710.86,306.342,6.34582e+06,206.099,205.962,51750
2014-09-14,230.896,493.366,303.533,2020.96,340.729,6.3454e+06,229.234,342.686,51750
2014-09-21,256.803,548.712,337.598,2365.86,378.965,6.34494e+06,254.958,275.898,51750
2014-09-28,285.607,610.244,375.475,2749.46,421.479,6.34443e+06,283.56,252.381,51750
2014-07-13,138.454,299.35,188.09,198.281,203.888,6.34763e+06,94.0325,116.932,51800
2014-07-20,156.825,338.077,206.123,409.734,229.486,6.34734e+06,105.838,114.784,51800
2014-07-27,176.566,379.676,230.503,644.449,259.095,6.34702e+06,119.493,81.2035,51800
2014-08-03,198.339,426.242,258.69,907.55,291.288,6.34666e+06,134.341,150.626,51800
2014-08-10,222.694,478.53,290.442,1202.91,327.109,6.34626e+06,150.861,73.1775,51800
2014-08-17,250.017,537.228,326.088,1534.52,367.255,6.3458e+06,169.377,145.837,51800
2014-08-24,280.681,603.107,366.095,1906.82,412.307,6.34529e+06,190.154,201.06,51800
2014-08-31,315.095,677.038,410.995,2324.78,462.868,6.34472e+06,213.473,208.559,51800
2014-09-07,353.714,759.996,461.383,2794,519.609,6.34408e+06,239.641,206.9,51800
2014-09-14,397.047,853.075,517.926,3320.74,583.279,6.34336e+06,269.006,259.488,51800
2014-09-21,445.664,957.499,581.37,3912.01,654.717,6.34255e+06,301.953,271.256,51800
2014-09-28,500.204,1074.64,652.549,4575.7,734.863,6.34165e+06,338.916,356.236,51800
2014-07-13,129.005,277.853,175.811,185.548,190.513,6.34768e+06,108.348,74.5139,51850
2014-07-20,145.21,311.906,191.747,382.748,213.135,6.34742e+06,121.213,146.958,51850
2014-07-27,162.52,348.247,213.207,600.464,239.176,6.34713e+06,136.023,170.433,51850
2014-08-03,181.497,388.686,237.887,843.101,267.318,6.3468e+06,152.028,130.811,51850
2014-08-10,202.599,433.83,265.532,1113.9,298.444,6.34643e+06,169.73,154.217,51850
2014-08-17,226.134,484.216,296.388,1416.17,333.124,6.34603e+06,189.453,195.204,51850
2014-08-24,252.395,540.438,330.817,1753.56,371.816,6.34557e+06,211.458,202.055,51850
2014-08-31,281.696,603.167,369.233,2130.13,414.989,6.34507e+06,236.011,198.44,51850
2014-09-07,314.388,673.149,412.096,2550.42,463.158,6.3445e+06,263.405,262.248,51850
2014-09-14,350.858,751.218,459.917,3019.5,516.897,6.34387e+06,293.968,320.339,51850
2014-09-21,391.541,838.299,513.265,3543,576.846,6.34316e+06,328.062,395.751,51850
2014-09-28,436.919,935.422,572.774,4127.2,643.716,6.34238e+06,366.092,378.226,51850
2014-07-13,93.988,207.94,125.233,131.091,136.038,6.34789e+06,80.355,32.9684,51900
2014-07-20,110.577,243.577,141.331,273.871,158.878,6.34768e+06,93.8459,106.73,51900
2014-07-27,129.048,283.392,163.628,437.662,186.088,6.34744e+06,109.918,145.911,51900
2014-08-03,150.191,329.604,190.245,627.834,216.79,6.34715e+06,128.053,136.002,51900
2014-08-10,174.709,383.368,221.292,849.01,252.222,6.34682e+06,148.983,138.665,51900
2014-08-17,203.211,445.902,257.402,1106.28,293.38,6.34644e+06,173.294,122.567,51900
2014-08-24,236.356,518.622,299.394,1405.52,341.237,6.34599e+06,201.562,154.171,51900
2014-08-31,274.897,603.178,348.225,1753.58,396.888,6.34547e+06,234.434,290.871,51900
2014-09-07,319.711,701.49,405.005,2158.4,461.598,6.34487e+06,272.656,411.009,51900
2014-09-14,371.812,815.782,471.024,2629.21,536.834,6.34416e+06,317.097,425.679,51900
2014-09-21,432.38,948.639,547.777,3176.76,624.301,6.34334e+06,368.762,290.585,51900
2014-09-28,502.782,1103.06,637,3813.52,725.976,6.34239e+06,428.819,464.037,51900
2014-07-13,102.43,221.607,139.076,146.582,150.766,6.34784e+06,92.1398,101.575,51950
2014-07-20,116.146,250.537,152.535,302.994,169.871,6.34763e+06,103.816,134.116,51950
2014-07-27,130.9,281.649,170.744,476.773,191.988,6.34739e+06,117.332,108.77,51950
2014-08-03,147.191,316.515,191.816,671.763,216.062,6.34712e+06,132.045,104.755,51950
2014-08-10,165.434,355.706,215.578,890.88,242.879,6.34682e+06,148.435,146.54,51950
2014-08-17,185.922,399.751,242.284,1137.14,272.968,6.34648e+06,166.823,185.457,51950
2014-08-24,208.942,449.239,272.289,1413.91,306.769,6.34611e+06,187.481,197.982,51950
2014-08-31,234.806,504.839,306.002,1724.94,344.747,6.34568e+06,210.691,210.489,51950
2014-09-07,263.863,567.301,343.878,2074.48,387.416,6.3452e+06,236.767,198.994,51950
2014-09-14,296.505,637.467,386.43,2467.28,435.35,6.34466e+06,266.062,228.225,51950
2014-09-21,333.172,716.279,434.231,2908.67,489.197,6.34406e+06,298.97,271.728,51950
2014-09-28,374.356,804.797,487.925,3404.66,549.68,6.34338e+06,335.934,341.772,51950
2014-07-13,98.4813,210.302,135.159,143.003,146.35,6.34786e+06,104.543,87.132,52000
2014-07-20,109.317,232.916,145.858,293.844,161.541,6.34767e+06,115.395,121.805,52000
2014-07-27,120.744,256.705,160.143,458.404,178.845,6.34745e+06,127.756,101.561,52000
2014-08-03,133.103,282.828,176.383,639.458,197.294,6.34722e+06,140.935,149.431,52000
2014-08-10,146.665,311.616,194.345,838.925,217.429,6.34696e+06,155.318,142.182,52000
2014-08-17,161.597,343.336,214.137,1058.71,239.572,6.34667e+06,171.136,189.539,52000
2014-08-24,178.045,378.277,235.938,1300.86,263.96,6.34636e+06,188.557,216.408,52000
2014-08-31,196.163,416.765,259.953,1567.67,290.824,6.34601e+06,207.747,175.828,52000
2014-09-07,216.12,459.156,286.404,1861.64,320.415,6.34563e+06,228.885,274.907,52000
2014-09-14,238.099,505.845,315.54,2185.51,353.006,6.34521e+06,252.166,293.141,52000
2014-09-21,262.307,557.262,347.629,2542.32,388.902,6.34474e+06,277.808,225.443,52000
2014-09-28,288.965,613.884,382.969,2935.41,428.434,6.34423e+06,306.047,315.205,52000
2014-07-13,83.984,183.13,113.287,119.12,122.897,6.34795e+06,82.5623,84.8619,52050
2014-07-20,96.464,209.622,125.486,247.131,140.21,6.34777e+06,94.1933,90.6534,52050
2014-07-27,110.051,238.495,142.125,390.946,160.454,6.34757e+06,107.793,97.4106,52050
2014-08-03,125.244,271.252,161.59,554.248,182.767,6.34734e+06,122.783,107.875,52050
2014-08-10,142.466,308.519,183.8,739.971,207.933,6.34708e+06,139.69,139.182,52050
2014-08-17,162.043,350.908,209.063,951.221,236.514,6.34678e+06,158.89,181.65,52050
2014-08-24,184.305,399.113,237.791,1191.5,269.011,6.34644e+06,180.722,184.792,52050
2014-08-31,209.622,453.928,270.46,1464.8,305.966,6.34605e+06,205.548,229.297,52050
2014-09-07,238.408,516.255,307.609,1775.64,347.988,6.34561e+06,233.779,228.176,52050
2014-09-14,271.139,587.119,349.849,2129.17,395.77,6.34511e+06,265.879,247.098,52050
2014-09-21,308.351,667.682,397.877,2531.24,450.096,6.34454e+06,302.375,322.596,52050
2014-09-28,350.656,759.264,452.48,2988.49,511.858,6.3439e+06,343.867,368.116,52050
2014-07-13,137.538,295.892,187.616,198.073,203.283,6.34763e+06,94.5156,84.5917,52100
2014-07-20,154.525,331.558,204.331,408.371,227.013,6.34735e+06,105.548,76.589,52100
2014-07-27,172.641,369.546,226.814,640.177,254.289,6.34704e+06,118.231,142.022,52100
2014-08-03,192.465,411.743,252.632,898.073,283.713,6.3467e+06,131.911,128.422,52100
2014-08-10,214.468,458.766,281.5,1185.4,316.198,6.34631e+06,147.015,157.974,52100
2014-08-17,238.966,511.157,313.666,1505.57,352.328,6.34588e+06,163.813,136.382,52100
2014-08-24,266.253,569.514,349.493,1862.3,392.566,6.3454e+06,182.522,200.315,52100
2014-08-31,296.645,634.509,389.399,2259.78,437.385,6.34487e+06,203.36,98.9175,52100
2014-09-07,330.494,706.893,433.846,2702.64,487.303,6.34428e+06,226.569,303.856,52100
2014-09-14,368.189,787.497,483.346,3196.03,542.895,6.34361e+06,252.416,365.159,52100
2014-09-21,410.163,877.245,538.47,3745.71,604.801,6.34288e+06,281.199,194.17,52100
2014-09-28,456.898,977.166,599.851,4358.06,673.731,6.34206e+06,313.248,336.848,52100
2014-07-13,146.438,315.031,199.762,210.899,216.444,6.34758e+06,93.6266,89.7228,52150
2014-07-20,164.517,352.985,217.551,434.808,241.697,6.34728e+06,104.55,97.312,52150
2014-07-27,183.794,393.409,241.478,681.606,270.725,6.34695e+06,117.107,130.414,52150
2014-08-03,204.888,438.307,268.95,956.167,302.034,6.34658e+06,130.65,153.78,52150
2014-08-10,228.3,488.338,299.669,1262.05,336.6,6.34617e+06,145.602,153.685,52150
2014-08-17,254.363,544.075,333.892,1602.87,375.041,6.34571e+06,162.23,174.107,52150
2014-08-24,283.393,606.155,372.009,1982.6,417.849,6.34521e+06,180.748,209.669,52150
2014-08-31,315.723,675.291,414.462,2405.67,465.528,6.34464e+06,201.372,218.653,52150
2014-09-07,351.727,752.279,461.742,2877.02,518.626,6.34401e+06,224.341,271.147,52150
2014-09-14,391.819,838.003,514.394,3402.12,577.755,6.3433e+06,249.918,357.923,52150
2014-09-21,436.457,933.443,573.021,3987.09,643.593,6.34252e+06,278.398,288.853,52150
2014-09-28,486.153,1039.69,638.297,4638.71,716.895,6.34165e+06,310.106,294.443,52150
2014-07-13,111.588,243.112,150.632,158.429,163.397,6.34779e+06,83.8838,107.024,52200
2014-07-20,127.988,277.899,166.669,328.55,186.158,6.34755e+06,95.5687,111.184,52200
2014-07-27,145.817,315.754,188.523,519.437,212.741,6.34728e+06,109.216,106.409,52200
2014-08-03,165.725,358.641,214.057,735.904,242.001,6.34698e+06,124.237,117.764,52200
2014-08-10,188.261,407.366,243.153,981.761,274.953,6.34663e+06,141.154,114.098,52200
2014-08-17,213.842,462.709,276.202,1261.04,312.325,6.34624e+06,160.34,161.793,52200
2014-08-24,242.891,525.557,313.732,1578.27,354.758,6.34579e+06,182.124,175.331,52200
2014-08-31,275.878,596.919,356.349,1938.59,402.944,6.34528e+06,206.862,206.062,52200
2014-09-07,313.333,677.943,404.741,2347.86,457.659,6.34471e+06,234.951,207.816,52200
2014-09-14,355.856,769.928,459.687,2812.69,519.781,6.34405e+06,266.843,368.996,52200
2014-09-21,404.131,874.348,522.068,3340.62,590.308,6.34331e+06,303.05,340.666,52200
2014-09-28,458.929,992.868,592.884,3940.17,670.369,6.34247e+06,344.151,323.243,52200
2014-07-13,86.7157,188.732,117.156,123.258,127.072,6.34793e+06,81.2839,65.1722,52250
2014-07-20,99.2948,215.393,129.463,255.491,144.54,6.34775e+06,92.4572,54.7876,52250
2014-07-27,112.95,244.358,146.217,403.652,164.915,6.34754e+06,105.491,67.0451,52250
2014-08-03,128.173,277.122,165.765,571.41,187.306,6.34731e+06,119.813,122.584,52250
2014-08-10,145.379,314.29,188.007,761.651,212.484,6.34704e+06,135.919,145.176,52250
2014-08-17,164.881,356.445,213.234,977.42,240.996,6.34674e+06,154.157,126.323,52250
2014-08-24,186.995,404.246,241.839,1222.14,273.321,6.34639e+06,174.835,220.548,52250
2014-08-31,212.069,458.444,274.273,1499.68,309.975,6.34601e+06,198.281,116.132,52250
2014-09-07,240.499,519.893,311.049,1814.44,351.535,6.34556e+06,224.865,294.062,52250
2014-09-14,272.731,589.556,352.745,2171.39,398.654,6.34506e+06,255.006,203.687,52250
2014-09-21,309.27,668.527,400.017,2576.2,452.074,6.3445e+06,289.177,259.986,52250
2014-09-28,350.69,758.041,453.607,3035.24,512.63,6.34385e+06,327.912,425.475,52250
2014-07-13,90.4719,193.726,123.89,130.976,134.18,6.34791e+06,101.131,111.248,52300
2014-07-20,100.872,215.479,134.147,269.462,148.742,6.34773e+06,112.106,121.929,52300
2014-07-27,111.885,238.469,147.877,421.115,165.384,6.34753e+06,124.649,86.6825,52300
2014-08-03,123.849,263.821,163.545,588.651,183.204,6.34731e+06,138.08,105.895,52300
2014-08-10,137.032,291.877,180.945,773.988,202.737,6.34707e+06,152.802,82.0772,52300
2014-08-17,151.608,322.917,200.197,979.044,224.308,6.3468e+06,169.06,139.066,52300
2014-08-24,167.731,357.253,221.491,1205.91,248.164,6.3465e+06,187.04,242.09,52300
2014-08-31,185.564,395.231,245.044,1456.91,274.552,6.34617e+06,206.928,191.751,52300
2014-09-07,205.288,437.234,271.096,1734.6,303.738,6.3458e+06,228.926,194.884,52300
2014-09-14,227.102,483.688,299.91,2041.8,336.019,6.3454e+06,253.256,250.568,52300
2014-09-21,251.228,535.06,331.778,2381.66,371.72,6.34495e+06,280.163,260.16,52300
2014-09-28,277.906,591.868,367.021,2757.61,411.201,6.34446e+06,309.92,358.508,52300
2014-07-13,95.8917,209.898,128.934,135.414,139.92,6.34788e+06,78.534,72.0736,52350
2014-07-20,110.838,241.725,143.516,281.446,160.614,6.34767e+06,90.1491,67.9727,52350
2014-07-27,127.207,276.639,163.486,446.405,184.929,6.34744e+06,103.797,112.384,52350
2014-08-03,145.622,316.488,186.971,634.815,211.895,6.34717e+06,118.932,87.2472,52350
2014-08-10,166.622,362.089,213.923,850.356,242.493,6.34686e+06,136.106,188.665,52350
2014-08-17,190.634,414.262,244.759,1096.97,277.448,6.3465e+06,155.725,186.532,52350
2014-08-24,218.1,473.94,280.031,1379.12,317.426,6.3461e+06,178.164,149.366,52350
2014-08-31,249.516,542.197,320.376,1701.93,363.155,6.34564e+06,203.831,220.634,52350
2014-09-07,285.447,620.261,366.521,2071.24,415.457,6.34511e+06,233.187,207.51,52350
2014-09-14,326.539,709.534,419.298,2493.74,475.275,6.3445e+06,266.761,273.859,52350
2014-09-21,373.529,811.614,479.654,2977.07,543.681,6.34381e+06,305.156,347.156,52350
2014-09-28,427.258,928.327,548.672,3529.95,621.902,6.34302e+06,349.06,398.336,52350
2014-07-13,101.64,222.026,136.898,143.868,148.535,6.34785e+06,77.7805,71.9512,52400
2014-07-20,117.088,254.866,151.984,298.727,169.945,6.34763e+06,88.9921,66.8806,52400
2014-07-27,133.952,290.764,172.6,473.148,195.037,6.34738e+06,102.131,110.714,52400
2014-08-03,152.862,331.605,196.776,671.744,222.772,6.3471e+06,116.655,106.262,52400
2014-08-10,174.357,378.195,224.436,898.224,254.14,6.34677e+06,133.081,99.1468,52400
2014-08-17,198.858,431.33,255.983,1156.54,289.862,6.34641e+06,151.787,169.73,52400
2014-08-24,226.796,491.919,291.953,1451.16,330.589,6.34599e+06,173.114,171.912,52400
2014-08-31,258.65,560.999,332.967,1787.17,377.027,6.34551e+06,197.431,217.984,52400
2014-09-07,294.967,639.754,379.731,2170.38,429.974,6.34497e+06,225.156,252.201,52400
2014-09-14,336.369,729.533,433.045,2607.4,490.336,6.34434e+06,256.765,200.515,52400
2014-09-21,383.565,831.868,493.824,3105.77,559.148,6.34363e+06,292.799,280.375,52400
2014-09-28,437.359,948.503,563.106,3674.08,637.585,6.34283e+06,333.872,222.735,52400
2014-07-13,116.532,255.553,156.44,164.207,169.798,6.34776e+06,81.3219,110.565,52450
2014-07-20,135.111,295.175,174.549,341.595,195.497,6.3475e+06,93.6297,73.388,52450
2014-07-27,155.515,338.777,199.397,542.511,225.764,6.34721e+06,108.126,88.4883,52450
2014-08-03,178.54,388.685,228.694,772.644,259.431,6.34688e+06,124.25,106.522,52450
2014-08-10,204.871,445.96,262.411,1036.67,297.742,6.3465e+06,142.598,130.25,52450
2014-08-17,235.064,511.672,301.095,1339.62,341.634,6.34606e+06,163.62,159.222,52450
2014-08-24,269.697,587.047,345.468,1687.22,391.976,6.34556e+06,187.73,147.625,52450
2014-08-31,309.422,673.499,396.366,2086.05,449.72,6.34498e+06,215.386,220.91,52450
2014-09-07,354.982,772.645,454.744,2543.62,515.95,6.34432e+06,247.105,225.189,52450
2014-09-14,407.23,886.338,521.696,3068.57,591.904,6.34357e+06,283.482,338.258,52450
2014-09-21,467.14,1016.7,598.474,3670.79,679.003,6.3427e+06,325.197,352.587,52450
2014-09-28,535.828,1166.14,686.51,4361.63,778.87,6.3417e+06,373.026,485.269,52450
2014-07-13,98.2964,215.848,131.811,138.3,143.085,6.34787e+06,76.7001,59.4458,52500
2014-07-20,114.218,249.841,147.32,287.883,165.092,6.34765e+06,88.4971,114.287,52500
2014-07-27,131.74,287.334,168.63,457.63,191.057,6.3474e+06,102.415,97.6677,52500
2014-08-03,151.555,330.34,193.803,652.457,220,6.34712e+06,117.931,106.271,52500
2014-08-10,174.264,379.797,222.832,876.436,253.008,6.3468e+06,135.624,153.933,52500
2014-08-17,200.359,436.659,256.207,1133.96,290.903,6.34642e+06,155.938,185.084,52500
2014-08-24,230.354,502.02,294.571,1430.06,334.457,6.34599e+06,179.285,174.819,52500
2014-08-31,264.83,577.144,338.668,1770.48,384.521,6.3455e+06,206.121,180.021,52500
2014-09-07,304.455,663.483,389.353,2161.86,442.063,6.34493e+06,236.967,217.796,52500
2014-09-14,349.994,762.702,447.605,2611.8,508.195,6.34428e+06,272.417,316.168,52500
2014-09-21,402.323,876.71,514.55,3129.05,584.193,6.34353e+06,313.155,293.315,52500
2014-09-28,462.45,1007.7,591.476,3723.64,671.52,6.34266e+06,359.967,532.295,52500
2014-07-13,102.666,221.359,139.794,147.49,151.497,6.34784e+06,91.8799,99.1443,52550
2014-07-20,115.763,248.906,152.666,304.388,169.771,6.34763e+06,102.962,73.4589,52550
2014-07-27,129.777,278.358,170.021,477.869,190.835,6.34739e+06,115.737,109.796,52550
2014-08-03,145.167,311.188,190.01,671.519,213.639,6.34713e+06,129.567,130.274,52550
2014-08-10,162.309,347.899,212.436,887.996,238.903,6.34684e+06,144.89,122.308,52550
2014-08-17,181.461,388.941,237.509,1130.02,267.101,6.34651e+06,161.991,169.684,52550
2014-08-24,202.867,434.816,265.533,1400.61,298.613,6.34615e+06,181.102,227.644,52550
2014-08-31,226.792,486.087,296.856,1703.12,333.834,6.34574e+06,202.463,168.602,52550
2014-09-07,253.531,543.387,331.864,2041.32,373.2,6.34528e+06,226.337,173.803,52550
2014-09-14,283.413,607.419,370.988,2419.38,417.193,6.34477e+06,253.018,227.338,52550
2014-09-21,316.805,678.97,414.711,2842.02,466.356,6.3442e+06,282.835,224.171,52550
2014-09-28,354.116,758.913,463.569,3314.45,521.291,6.34356e+06,316.152,311.063,52550
2014-07-13,111.248,239.286,151.778,160.247,164.45,6.34779e+06,102.444,63.2691,52600
2014-07-20,124.949,268.048,165.26,330.355,183.59,6.34756e+06,114.367,147.041,52600
2014-07-27,139.556,298.673,183.392,517.81,205.586,6.34731e+06,128.07,83.3574,52600
2014-08-03,155.536,332.684,204.208,726.302,229.308,6.34703e+06,142.847,40.1294,52600
2014-08-10,173.268,370.575,227.478,958.523,255.491,6.34672e+06,159.158,214.886,52600
2014-08-17,193.007,412.782,253.4,1217.21,284.606,6.34637e+06,177.294,150.809,52600
2014-08-24,214.988,459.786,282.266,1505.36,317.023,6.34599e+06,197.489,218.084,52600
2014-08-31,239.466,512.127,314.412,1826.34,353.123,6.34556e+06,219.977,224.026,52600
2014-09-07,266.723,570.407,350.208,2183.87,393.323,6.34508e+06,245.02,357.506,52600
2014-09-14,297.071,635.295,390.067,2582.09,438.084,6.34455e+06,272.903,305.391,52600
2014-09-21,330.86,707.534,434.446,3025.63,487.92,6.34395e+06,303.949,231.099,52600
2014-09-28,368.475,787.951,483.856,3519.63,543.404,6.34329e+06,338.512,390.044,52600
2014-07-13,85.8716,186.109,116.425,122.645,126.231,6.34794e+06,73.6016,63.8752,52650
2014-07-20,97.6497,210.986,127.972,253.719,142.621,6.34776e+06,83.1585,86.5182,52650
2014-07-27,110.353,237.821,143.623,399.706,161.638,6.34756e+06,94.2469,55.3152,52650
2014-08-03,124.42,267.975,161.778,563.947,182.397,6.34733e+06,106.35,120.258,52650
2014-08-10,140.215,301.964,182.307,749.003,205.584,6.34708e+06,119.871,122.896,52650
2014-08-17,158.002,340.265,205.439,957.542,231.672,6.34679e+06,135.081,93.8986,52650
2014-08-24,178.042,383.416,231.501,1192.54,261.058,6.34646e+06,152.216,209.505,52650
2014-08-31,200.619,432.029,260.862,1457.34,294.166,6.3461e+06,171.52,194.638,52650
2014-09-07,226.053,486.792,293.94,1755.73,331.463,6.34569e+06,193.267,178.933,52650
2014-09-14,254.703,548.477,331.202,2091.95,373.479,6.34522e+06,217.765,253.818,52650
2014-09-21,286.974,617.957,373.176,2470.78,420.807,6.3447e+06,245.361,233.31,52650
2014-09-28,323.321,696.208,420.455,2897.61,474.114,6.34411e+06,276.443,366.518,52650
2014-07-13,114.703,249.219,155.189,163.356,168.298,6.34777e+06,82.4577,78.5305,52700
2014-07-20,130.974,283.657,171.121,338.335,190.912,6.34753e+06,93.5376,95.2476,52700
2014-07-27,148.59,320.959,192.772,533.917,217.233,6.34725e+06,106.434,121.137,52700
2014-08-03,168.174,363.04,217.973,754.794,246.077,6.34695e+06,120.566,139.904,52700
2014-08-10,190.249,410.651,246.573,1004.62,278.424,6.3466e+06,136.414,162.859,52700
2014-08-17,215.203,464.503,278.924,1287.22,314.954,6.3462e+06,154.312,151.115,52700
2014-08-24,243.422,525.403,315.508,1606.9,356.259,6.34576e+06,174.55,100.791,52700
2014-08-31,275.333,594.267,356.878,1968.49,402.968,6.34526e+06,197.435,253.183,52700
2014-09-07,311.415,672.128,403.659,2377.5,455.785,6.34469e+06,223.313,178.607,52700
2014-09-14,352.211,760.157,456.555,2840.11,515.505,6.34404e+06,252.572,217.253,52700
2014-09-21,398.331,859.669,516.358,3363.32,583.022,6.34331e+06,285.652,190.972,52700
2014-09-28,450.465,972.151,583.967,3955.06,659.347,6.34249e+06,323.048,321.369,52700
2014-07-13,135.726,294.423,183.879,193.65,199.382,6.34764e+06,84.9148,103.531,52750
2014-07-20,154.57,334.254,202.346,400.777,225.595,6.34736e+06,96.0784,107.969,52750
2014-07-27,174.921,377.279,227.398,631.765,256.041,6.34704e+06,109.045,132.336,52750
2014-08-03,197.487,425.692,256.494,891.99,289.319,6.34668e+06,123.218,169.655,52750
2014-08-10,222.858,480.329,289.432,1185.59,326.542,6.34627e+06,139.071,159.613,52750
2014-08-17,251.466,541.973,326.598,1516.9,368.472,6.34581e+06,156.928,179.003,52750
2014-08-24,283.736,611.509,368.521,1890.74,415.764,6.3453e+06,177.07,165.397,52750
2014-08-31,320.134,689.939,415.809,2312.56,469.109,6.34471e+06,199.788,133.869,52750
2014-09-07,361.186,778.39,469.146,2788.5,529.276,6.34405e+06,225.413,193.284,52750
2014-09-14,407.482,878.134,529.301,3325.48,597.132,6.34331e+06,254.312,221.638,52750
2014-09-21,459.686,990.601,597.139,3931.29,673.652,6.34247e+06,286.901,200.084,52750
2014-09-28,518.545,1117.39,673.633,4614.73,759.932,6.34153e+06,323.647,253.828,52750
2014-07-13,119.009,258.983,160.802,169.184,174.411,6.34774e+06,83.1631,98.9812,52800
2014-07-20,136.243,295.506,177.665,350.666,198.344,6.34749e+06,94.5753,76.1859,52800
2014-07-27,154.947,335.174,200.617,553.971,226.257,6.34721e+06,107.885,136.939,52800
2014-08-03,175.793,380.034,227.391,784.119,256.923,6.34688e+06,122.507,142.437,52800
2014-08-10,199.348,430.909,257.849,1045.06,291.397,6.34652e+06,138.945,77.6481,52800
2014-08-17,226.04,488.593,292.383,1340.95,330.424,6.3461e+06,157.554,141.401,52800
2014-08-24,256.296,553.983,331.529,1676.46,374.659,6.34563e+06,178.646,151.372,52800
2014-08-31,290.593,628.101,375.904,2056.89,424.802,6.3451e+06,202.555,218.093,52800
2014-09-07,329.466,712.104,426.203,2488.23,481.637,6.34449e+06,229.656,228.313,52800
2014-09-14,373.521,807.302,483.212,2977.27,546.053,6.34381e+06,260.371,324.24,52800
2014-09-21,423.446,915.175,547.82,3531.72,619.054,6.34303e+06,295.18,289.318,52800
2014-09-28,480.014,1037.4,621.034,4160.28,701.776,6.34215e+06,334.623,313.337,52800
2014-07-13,169.896,366.187,231.4,244.164,250.766,6.34744e+06,100.333,143.341,52850
2014-07-20,191.461,411.53,252.6,503.825,280.861,6.34709e+06,112.374,109.142,52850
2014-07-27,214.521,459.974,281.17,790.79,315.534,6.3467e+06,126.247,115.97,52850
2014-08-03,239.829,513.939,314.057,1110.95,353.045,6.34627e+06,141.255,146.782,52850
2014-08-10,267.999,574.241,350.931,1468.65,394.577,6.34579e+06,157.872,126.687,52850
2014-08-17,299.449,641.61,392.128,1868.35,440.898,6.34525e+06,176.406,230.819,52850
2014-08-24,334.576,716.856,438.143,2314.96,492.627,6.34465e+06,197.103,166.941,52850
2014-08-31,373.806,800.888,489.535,2813.97,550.402,6.34397e+06,220.219,169.66,52850
2014-09-07,417.616,894.722,546.931,3371.5,614.924,6.34322e+06,246.034,283.794,52850
2014-09-14,466.533,999.491,611.024,3994.38,686.973,6.34238e+06,274.861,316.908,52850
2014-09-21,521.149,1116.45,682.589,4690.23,767.418,6.34144e+06,307.048,263.087,52850
2014-09-28,582.117,1247.01,762.487,5467.56,857.227,6.34039e+06,342.981,307.269,52850
2014-07-13,166.838,369.825,221.935,232.175,241.127,6.34746e+06,74.6785,44.7958,52900
2014-07-20,196.912,434.532,251.091,485.512,282.493,6.34708e+06,87.4898,125.091,52900
2014-07-27,230.498,507.055,291.557,776.94,331.894,6.34664e+06,102.79,99.4701,52900
2014-08-03,269.055,591.476,339.99,1116.31,387.803,6.34613e+06,120.105,88.0159,52900
2014-08-10,313.895,689.969,396.641,1512.17,452.516,6.34554e+06,140.147,133.667,52900
2014-08-17,366.169,804.843,462.718,1974,527.898,6.34484e+06,163.493,117.372,52900
2014-08-24,427.124,938.792,539.771,2512.74,615.793,6.34403e+06,190.715,153.988,52900
2014-08-31,498.195,1094.96,629.618,3141.17,718.28,6.34309e+06,222.456,265.901,52900
2014-09-07,581.049,1277,734.371,3874.18,837.766,6.34198e+06,259.461,265.406,52900
2014-09-14,677.623,1489.16,856.486,4729.12,977.051,6.3407e+06,302.599,427.634,52900
2014-09-21,790.168,1736.38,998.817,5726.17,1139.38,6.3392e+06,352.875,339.652,52900
2014-09-28,921.296,2024.38,1164.68,6888.85,1328.54,6.33745e+06,411.458,337.828,52900
2014-07-13,149.615,320.55,204.783,216.46,221.804,6.34756e+06,108.472,73.7823,52950
2014-07-20,166.968,356.862,221.893,445.445,246.094,6.34726e+06,120.351,113.894,52950
2014-07-27,185.358,395.269,244.809,696.401,273.873,6.34693e+06,133.936,152.24,52950
2014-08-03,205.35,437.657,270.977,973.875,303.642,6.34656e+06,148.494,242.354,52950
2014-08-10,227.399,484.597,300.058,1281.09,336.295,6.34616e+06,164.464,192.425,52950
2014-08-17,251.793,536.568,332.257,1621.27,372.384,6.34571e+06,182.112,151.842,52950
2014-08-24,278.793,594.093,367.898,1997.96,412.323,6.34521e+06,201.644,135.042,52950
2014-08-31,308.678,657.761,407.347,2415.04,456.529,6.34466e+06,223.263,216.912,52950
2014-09-07,341.753,728.221,451.009,2876.83,505.456,6.34405e+06,247.191,193.259,52950
2014-09-14,378.354,806.191,499.33,3388.11,559.603,6.34338e+06,273.671,231.241,52950
2014-09-21,418.855,892.461,552.803,3954.16,619.521,6.34263e+06,302.973,327.386,52950
2014-09-28,463.666,987.906,611.972,4580.81,685.818,6.34181e+06,335.396,220.988,52950
2014-07-13,113.587,245.441,154.383,162.776,167.341,6.34777e+06,95.9631,74.8128,53000
2014-07-20,128.536,276.939,169.06,336.275,188.176,6.34754e+06,107.911,83.2833,53000
2014-07-27,144.585,310.74,188.893,528.701,212.258,6.34728e+06,121.721,165.06,53000
2014-08-03,162.271,348.546,211.803,744.21,238.419,6.34698e+06,136.724,85.747,53000
2014-08-10,182.037,390.961,237.591,985.925,267.504,6.34665e+06,153.402,94.5934,53000
2014-08-17,204.194,438.537,266.518,1257.07,300.072,6.34628e+06,172.079,179.082,53000
2014-08-24,229.04,491.89,298.956,1561.22,336.59,6.34587e+06,193.02,232.442,53000
2014-08-31,256.902,551.716,335.332,1902.39,377.541,6.3454e+06,216.504,274.423,53000
2014-09-07,288.143,618.796,376.121,2285.06,423.461,6.34488e+06,242.837,271.748,53000
2014-09-14,323.171,694.003,421.858,2714.27,474.948,6.3443e+06,272.363,356.625,53000
2014-09-21,362.441,778.313,473.137,3195.67,532.673,6.34364e+06,305.466,243.092,53000
2014-09-28,406.464,872.82,530.625,3735.56,597.386,6.3429e+06,342.576,317.143,53000
2014-07-13,99.9772,218.784,134.456,141.225,145.909,6.34786e+06,79.3297,70.2258,53050
2014-07-20,115.511,251.855,149.614,293.488,167.42,6.34764e+06,91.0247,123.588,53050
2014-07-27,132.516,288.118,170.366,465.422,192.686,6.34739e+06,104.762,125.156,53050
2014-08-03,151.64,329.488,194.761,661.721,220.695,6.34711e+06,119.99,161.415,53050
2014-08-10,173.438,376.812,222.748,886.196,252.462,6.34679e+06,137.261,218.957,53050
2014-08-17,198.353,430.933,254.754,1142.93,288.738,6.34642e+06,156.984,187.958,53050
2014-08-24,226.84,492.815,291.349,1436.54,330.211,6.346e+06,179.533,220.837,53050
2014-08-31,259.41,563.563,333.191,1772.33,377.63,6.34552e+06,205.314,256.22,53050
2014-09-07,296.646,644.442,381.029,2156.34,431.843,6.34497e+06,234.789,174.616,53050
2014-09-14,339.213,736.895,435.718,2595.47,493.819,6.34434e+06,268.485,217.902,53050
2014-09-21,387.868,842.567,498.235,3097.61,564.665,6.34362e+06,307.003,258.255,53050
2014-09-28,443.478,963.335,569.694,3671.8,645.641,6.3428e+06,351.029,324.207,53050
2014-07-13,110.744,240.129,150.087,158.082,162.735,6.34779e+06,92.4696,94.3421,53100
2014-07-20,126.032,272.433,165.072,327.103,184.005,6.34756e+06,104.556,116.137,53100
2014-07-27,142.532,307.303,185.392,515.48,208.698,6.3473e+06,118.587,117.1,53100
2014-08-03,160.817,346.516,208.978,727.565,235.671,6.34701e+06,133.913,99.1672,53100
2014-08-10,181.362,390.744,235.665,966.701,265.822,6.34668e+06,151.046,147.342,53100
2014-08-17,204.514,440.616,265.758,1236.37,299.766,6.3463e+06,170.334,217.166,53100
2014-08-24,230.615,496.84,299.683,1540.48,338.029,6.34588e+06,192.075,150.559,53100
2014-08-31,260.039,560.221,337.928,1883.4,381.163,6.34541e+06,216.585,242.887,53100
2014-09-07,293.207,631.662,381.042,2270.07,429.788,6.34487e+06,244.215,266.976,53100
2014-09-14,330.592,712.184,429.64,2706.07,484.598,6.34427e+06,275.359,247.163,53100
2014-09-21,372.727,802.931,484.417,3197.67,546.373,6.34359e+06,310.461,359.345,53100
2014-09-28,420.211,905.191,546.152,3751.93,615.995,6.34283e+06,350.021,372.977,53100
2014-07-13,102.435,223.423,138.145,145.245,149.867,6.34784e+06,78.5131,75.4762,53150
2014-07-20,117.709,255.853,153.072,301.371,171.053,6.34762e+06,89.6123,130.625,53150
2014-07-27,134.344,291.212,173.44,476.837,195.833,6.34737e+06,102.594,86.9704,53150
2014-08-03,152.952,331.343,197.273,676.161,223.158,6.34709e+06,116.91,117.717,53150
2014-08-10,174.054,377.017,224.479,902.943,253.988,6.34677e+06,133.061,147.266,53150
2014-08-17,198.051,428.986,255.436,1161,289.014,6.34641e+06,151.411,127.654,53150
2014-08-24,225.349,488.107,290.651,1454.64,328.855,6.34599e+06,172.283,188.469,53150
2014-08-31,256.402,555.356,330.712,1788.76,374.177,6.34552e+06,196.026,144.808,53150
2014-09-07,291.724,631.847,376.281,2168.92,425.731,6.34498e+06,223.034,204.912,53150
2014-09-14,331.897,718.841,428.113,2601.46,484.369,6.34437e+06,253.754,265.189,53150
2014-09-21,377.586,817.772,487.065,3093.56,551.059,6.34367e+06,288.692,303.287,53150
2014-09-28,429.541,930.264,554.108,3653.42,626.901,6.34288e+06,328.425,440.763,53150
2014-07-13,76.2199,166.376,102.723,107.977,111.447,6.348e+06,84.0316,78.3202,53200
2014-07-20,87.6988,190.764,113.937,224.126,127.363,6.34783e+06,96.032,80.3573,53200
2014-07-27,100.216,217.392,129.25,354.81,145.997,6.34765e+06,110.083,106.458,53200
2014-08-03,114.237,247.653,147.191,503.442,166.573,6.34744e+06,125.596,134.65,53200
2014-08-10,130.157,282.137,167.694,672.756,189.817,6.3472e+06,143.123,163.433,53200
2014-08-17,148.284,321.424,191.054,865.655,216.259,6.34692e+06,163.06,142.977,53200
2014-08-24,168.932,366.176,217.662,1085.42,246.375,6.34661e+06,185.768,193.767,53200
2014-08-31,192.45,417.148,247.969,1335.79,280.678,6.34626e+06,211.632,227.165,53200
2014-09-07,219.236,475.201,282.49,1621.02,319.749,6.34585e+06,241.092,255.488,53200
2014-09-14,249.744,541.316,321.807,1945.95,364.248,6.34539e+06,274.645,299.252,53200
2014-09-21,284.486,616.606,366.584,2316.1,414.927,6.34487e+06,312.856,357.896,53200
2014-09-28,324.048,702.337,417.577,2737.75,472.639,6.34427e+06,356.371,319.015,53200
2014-07-13,87.3742,191.614,117.295,123.118,127.311,6.34793e+06,88.6694,72.7065,53250
2014-07-20,101.308,221.332,130.876,256.121,146.584,6.34774e+06,102.093,91.5008,53250
2014-07-27,116.612,254.037,149.512,406.769,169.285,6.34752e+06,117.903,124.34,53250
2014-08-03,133.883,291.475,171.487,579.331,194.537,6.34727e+06,135.491,118.815,53250
2014-08-10,153.636,334.444,196.779,777.316,223.277,6.34699e+06,155.508,138.683,53250
2014-08-17,176.289,383.749,225.799,1004.5,256.205,6.34666e+06,178.442,178.969,53250
2014-08-24,202.276,440.312,259.092,1265.19,293.977,6.34628e+06,204.749,152.162,53250
2014-08-31,232.088,505.197,297.284,1564.3,337.309,6.34585e+06,234.929,191.697,53250
2014-09-07,266.285,579.622,341.096,1907.51,387.016,6.34536e+06,269.549,360.927,53250
2014-09-14,305.509,664.984,391.351,2301.28,444.032,6.34479e+06,309.259,402.027,53250
2014-09-21,350.495,762.881,448.993,2753.07,509.426,6.34413e+06,354.805,284.763,53250
2014-09-28,402.084,875.143,515.102,3271.38,584.424,6.34339e+06,407.04,446.544,53250
2014-07-13,131.674,283.082,179.719,189.775,194.715,6.34767e+06,92.3947,93.9111,53300
2014-07-20,147.771,316.859,195.563,391.14,217.209,6.3474e+06,103.068,118.157,53300
2014-07-27,164.919,352.795,216.86,612.885,243.042,6.3471e+06,115.326,91.7434,53300
2014-08-03,183.664,392.669,241.292,859.332,270.879,6.34677e+06,128.535,118.269,53300
2014-08-10,204.448,437.058,268.585,1133.62,301.579,6.34641e+06,143.103,181.288,53300
2014-08-17,227.564,486.463,298.962,1438.93,335.689,6.346e+06,159.288,154.283,53300
2014-08-24,253.285,541.437,332.763,1778.77,373.637,6.34554e+06,177.295,164.231,53300
2014-08-31,281.904,602.603,370.374,2157.02,415.862,6.34504e+06,197.331,175.282,53300
2014-09-07,313.746,670.652,412.221,2578.01,462.843,6.34448e+06,219.624,233.425,53300
2014-09-14,349.169,746.353,458.778,3046.57,515.111,6.34385e+06,244.426,109.942,53300
2014-09-21,388.574,830.557,510.572,3568.03,573.257,6.34315e+06,272.017,241.669,53300
2014-09-28,432.404,924.21,568.187,4148.35,637.934,6.34238e+06,302.707,334.889,53300
2014-07-13,70.6428,156.472,94.034,98.3967,102.158,6.34803e+06,69.6228,73.1562,53350
2014-07-20,83.2714,183.628,106.281,205.684,119.535,6.34787e+06,81.4651,46.3792,53350
2014-07-27,97.3593,214.029,123.267,328.966,140.268,6.34769e+06,95.5952,111.437,53350
2014-08-03,113.515,249.381,143.577,472.363,163.707,6.34747e+06,111.569,103.312,53350
2014-08-10,132.285,290.587,167.31,639.438,190.808,6.34722e+06,130.039,129.917,53350
2014-08-17,154.147,338.603,194.965,834.13,222.348,6.34693e+06,151.534,177.635,53350
2014-08-24,179.617,394.545,227.185,1061,259.089,6.34659e+06,176.574,173.707,53350
2014-08-31,209.289,459.716,264.722,1325.36,301.895,6.34619e+06,205.747,199.269,53350
2014-09-07,243.857,535.635,308.452,1633.39,351.763,6.34573e+06,239.733,224.356,53350
2014-09-14,284.123,624.066,359.394,1992.3,409.855,6.34519e+06,279.324,397.167,53350
2014-09-21,331.024,727.063,418.735,2410.48,477.521,6.34456e+06,325.439,404.36,53350
2014-09-28,385.648,847.013,487.851,2897.7,556.333,6.34383e+06,379.151,400.71,53350
2014-07-13,83.6497,184.93,111.529,116.773,121.143,6.34795e+06,73.4879,75.9281,53400
2014-07-20,98.2922,216.366,125.743,243.87,141.311,6.34777e+06,85.722,69.2006,53400
2014-07-27,114.578,251.444,145.416,389.512,165.315,6.34755e+06,100.283,77.297,53400
2014-08-03,133.196,292.111,168.876,558.418,192.366,6.3473e+06,116.693,92.0513,53400
2014-08-10,154.762,339.37,196.21,754.635,223.551,6.34701e+06,135.61,144.539,53400
2014-08-17,179.804,394.277,227.966,982.611,259.732,6.34667e+06,157.558,131.362,53400
2014-08-24,208.893,458.055,264.853,1247.48,301.755,6.34627e+06,183.051,112.924,53400
2014-08-31,242.68,532.133,307.699,1555.2,350.567,6.34581e+06,212.661,300.166,53400
2014-09-07,281.922,618.166,357.465,1912.7,407.263,6.34528e+06,247.053,294.054,53400
2014-09-14,327.496,718.076,415.264,2328.01,473.108,6.34466e+06,286.997,226.794,53400
2014-09-21,380.418,834.091,482.388,2810.46,549.575,6.34394e+06,333.383,352.998,53400
2014-09-28,441.868,968.789,560.334,3370.88,638.367,6.34311e+06,387.246,320.462,53400
2014-07-13,129.644,276.273,178.231,188.688,192.952,6.34768e+06,103.413,98.5483,53450
2014-07-20,143.422,304.979,191.849,387.358,212.289,6.34742e+06,113.776,88.8883,53450
2014-07-27,157.905,335.067,209.993,603.472,234.257,6.34714e+06,125.55,126.216,53450
2014-08-03,173.518,368,230.56,840.505,257.601,6.34684e+06,138.061,125.086,53450
2014-08-10,190.594,404.175,253.238,1100.82,282.994,6.3465e+06,151.67,231.087,53450
2014-08-17,209.334,443.906,278.146,1386.74,310.828,6.34613e+06,166.588,229.301,53450
2014-08-24,229.91,487.53,305.493,1700.78,341.385,6.34573e+06,182.965,138.769,53450
2014-08-31,252.501,535.424,335.519,2045.69,374.935,6.34528e+06,200.946,198.002,53450
2014-09-07,277.302,588.004,368.485,2424.49,411.769,6.34479e+06,220.687,255.213,53450
2014-09-14,304.53,645.723,404.677,2840.51,452.207,6.34425e+06,242.36,279.07,53450
2014-09-21,334.417,709.078,444.407,3297.37,496.597,6.34366e+06,266.151,432.525,53450
2014-09-28,367.222,778.614,488.019,3799.08,545.323,6.34302e+06,292.265,360.944,53450
2014-07-13,127.25,271.662,174.68,184.832,189.139,6.34769e+06,96.4542,114.492,53500
2014-07-20,141.188,300.745,188.446,379.75,208.684,6.34744e+06,106.421,89.2547,53500
2014-07-27,155.88,331.322,206.818,592.315,230.937,6.34716e+06,117.77,130.742,53500
2014-08-03,171.763,364.884,227.696,826.089,254.652,6.34686e+06,129.864,145.78,53500
2014-08-10,189.185,401.853,250.779,1083.53,280.523,6.34652e+06,143.057,149.685,53500
2014-08-17,208.356,442.565,276.2,1367.07,308.959,6.34616e+06,157.558,200.627,53500
2014-08-24,229.463,487.391,304.188,1679.34,340.263,6.34575e+06,173.522,137.46,53500
2014-08-31,252.701,536.74,335.002,2023.26,374.727,6.3453e+06,191.098,295.612,53500
2014-09-07,278.284,591.065,368.926,2402,412.67,6.34481e+06,210.447,238.76,53500
2014-09-14,306.445,650.864,406.273,2819.09,454.439,6.34427e+06,231.748,203.608,53500
2014-09-21,337.443,716.683,447.383,3278.4,500.417,6.34367e+06,255.195,278.782,53500
2014-09-28,371.561,789.122,492.634,3784.17,551.024,6.34301e+06,281.003,326.883,53500
2014-07-13,68.1497,149.826,91.2945,95.7535,99.1132,6.34804e+06,74.4734,67.0931,53550
2014-07-20,79.3434,173.749,102.191,199.433,114.576,6.3479e+06,86.092,116.428,53550
2014-07-27,91.6859,200.189,117.184,317.288,132.847,6.34772e+06,99.8212,124.371,53550
2014-08-03,105.671,230.576,134.924,452.803,153.255,6.34753e+06,115.156,89.5536,53550
2014-08-10,121.728,265.588,155.419,608.881,176.573,6.3473e+06,132.677,90.8593,53550
2014-08-17,140.215,305.917,179.027,788.668,203.396,6.34704e+06,152.831,150.067,53550
2014-08-24,161.506,352.366,206.216,995.763,234.283,6.34673e+06,176.04,196.413,53550
2014-08-31,186.026,405.856,237.528,1234.31,269.855,6.34639e+06,202.768,206.884,53550
2014-09-07,214.263,467.452,273.588,1509.07,310.82,6.34599e+06,233.549,307.273,53550
2014-09-14,246.778,538.379,315.114,1825.53,357.994,6.34552e+06,268.995,225.478,53550
2014-09-21,284.218,620.044,362.931,2190.03,412.313,6.34499e+06,309.811,246.159,53550
2014-09-28,327.323,714.064,417.988,2609.83,474.856,6.34438e+06,356.805,301.778,53550
2014-07-13,99.5612,218.735,133.451,139.998,144.871,6.34786e+06,80.4205,58.8164,53600
2014-07-20,115.783,253.383,149.248,291.489,167.288,6.34764e+06,92.8646,82.3082,53600
2014-07-27,133.65,291.632,170.967,463.523,193.753,6.34739e+06,107.556,100.232,53600
2014-08-03,153.871,335.54,196.64,661.128,223.278,6.3471e+06,123.946,114.073,53600
2014-08-10,177.064,386.073,226.268,888.475,256.975,6.34677e+06,142.652,169.228,53600
2014-08-17,203.734,444.216,260.359,1150.08,295.692,6.34639e+06,164.144,197.866,53600
2014-08-24,234.414,511.102,299.574,1451.09,340.225,6.34595e+06,188.865,118.12,53600
2014-08-31,269.706,588.037,344.685,1797.43,391.453,6.34545e+06,217.303,208.54,53600
2014-09-07,310.299,676.524,396.575,2195.92,450.379,6.34487e+06,250.013,288.68,53600
2014-09-14,356.985,778.289,456.259,2654.39,518.153,6.3442e+06,287.636,309.647,53600
2014-09-21,410.674,895.311,524.9,3181.84,596.096,6.34344e+06,330.904,343.8,53600
2014-09-28,472.41,1029.86,603.835,3788.63,685.727,6.34256e+06,380.659,396.161,53600
2014-07-13,136.066,299.619,182.029,190.824,197.647,6.34764e+06,93.9797,54.018,53650
2014-07-20,158.835,348.34,204.176,397.751,229.074,6.34734e+06,108.923,123.548,53650
2014-07-27,184,402.332,234.698,633.513,266.284,6.347e+06,126.616,127.847,53650
2014-08-03,212.584,464.53,270.89,905.266,307.946,6.3466e+06,146.426,133.991,53650
2014-08-10,245.483,536.359,312.801,1219.02,355.666,6.34614e+06,169.116,136.894,53650
2014-08-17,283.446,619.288,361.19,1581.32,410.684,6.3456e+06,195.277,248.153,53650
2014-08-24,327.266,715.01,417.044,1999.65,474.184,6.34499e+06,225.471,225.302,53650
2014-08-31,377.843,825.485,481.514,2482.66,547.479,6.34428e+06,260.322,307.432,53650
2014-09-07,436.212,952.973,555.922,3040.32,632.071,6.34346e+06,300.544,425.009,53650
2014-09-14,503.566,1100.07,641.792,3684.14,729.689,6.34252e+06,346.961,403.719,53650
2014-09-21,581.277,1269.78,740.877,4427.38,842.327,6.34143e+06,400.52,390.237,53650
2014-09-28,670.923,1465.53,855.195,5285.34,972.275,6.34017e+06,462.309,250.957,53650
2014-07-13,135.617,289.329,186.27,197.134,201.676,6.34764e+06,104.559,80.3859,53700
2014-07-20,150.306,319.961,200.781,404.903,222.28,6.34737e+06,115.241,119.338,53700
2014-07-27,165.773,352.129,220.136,631.268,245.72,6.34708e+06,127.394,145.449,53700
2014-08-03,182.476,387.399,242.11,879.966,270.672,6.34676e+06,140.33,155.381,53700
2014-08-10,200.776,426.209,266.378,1153.56,297.862,6.3464e+06,154.427,202.619,53700
2014-08-17,220.894,468.903,293.078,1454.58,327.718,6.34601e+06,169.906,146.806,53700
2014-08-24,243.02,515.862,322.443,1785.76,360.549,6.34558e+06,186.927,219.845,53700
2014-08-31,267.354,567.505,354.739,2150.12,396.657,6.34511e+06,205.647,190.726,53700
2014-09-07,294.114,624.295,390.258,2550.97,436.368,6.34459e+06,226.235,198.998,53700
2014-09-14,323.541,686.74,429.317,2991.95,480.036,6.34402e+06,248.875,235.308,53700
2014-09-21,355.897,755.399,472.268,3477.05,528.054,6.34339e+06,273.77,313.207,53700
2014-09-28,391.471,830.881,519.494,4010.68,580.849,6.3427e+06,301.142,313.794,53700
2014-07-13,89.9322,196.569,121.068,127.208,131.366,6.34792e+06,78.8432,93.6574,53750
2014-07-20,103.703,225.859,134.512,264.21,150.447,6.34772e+06,90.2951,70.8216,53750
2014-07-27,118.751,257.912,152.897,418.651,172.825,6.3475e+06,103.726,115.917,53750
2014-08-03,135.642,294.411,174.475,594.659,197.586,6.34725e+06,118.587,76.284,53750
2014-08-10,154.86,336.089,199.185,795.567,225.618,6.34696e+06,135.411,138.617,53750
2014-08-17,176.786,383.667,227.394,1024.93,257.571,6.34664e+06,154.589,231.435,53750
2014-08-24,201.811,437.971,259.59,1286.77,294.036,6.34626e+06,176.474,181.437,53750
2014-08-31,230.373,499.946,296.335,1585.68,335.654,6.34584e+06,201.453,248.067,53750
2014-09-07,262.968,570.671,338.272,1926.89,383.151,6.34535e+06,229.96,131.372,53750
2014-09-14,300.163,651.375,386.131,2316.39,437.355,6.3448e+06,262.491,396.993,53750
2014-09-21,342.606,743.458,440.743,2760.98,499.206,6.34416e+06,299.613,304.712,53750
2014-09-28,391.03,848.513,503.058,3268.44,569.779,6.34344e+06,341.97,266.683,53750
2014-07-13,62.7257,138.241,83.8535,87.882,91.0557,6.34808e+06,75.0103,59.9535,53800
2014-07-20,73.326,160.941,94.1597,183.255,105.68,6.34794e+06,87.0574,86.71,53800
2014-07-27,85.0589,186.136,108.377,292.054,123.015,6.34778e+06,101.338,66.1875,53800
2014-08-03,98.4057,215.204,125.257,417.628,142.455,6.34759e+06,117.352,76.8388,53800
2014-08-10,113.79,248.824,144.833,562.806,164.754,6.34738e+06,135.722,122.327,53800
2014-08-17,131.57,287.698,167.468,730.674,190.502,6.34713e+06,156.933,155.471,53800
2014-08-24,152.125,332.641,193.634,924.773,220.266,6.34685e+06,181.452,217.275,53800
2014-08-31,175.888,384.595,223.885,1149.2,254.675,6.34652e+06,209.797,233.201,53800
2014-09-07,203.356,444.651,258.855,1408.68,294.452,6.34613e+06,242.565,273.9,53800
2014-09-14,235.108,514.068,299.279,1708.69,340.432,6.34569e+06,280.443,353.867,53800
2014-09-21,271.808,594.301,346.005,2055.54,393.58,6.34518e+06,324.225,248.466,53800
2014-09-28,314.225,687.026,400.013,2456.54,455.008,6.34459e+06,374.829,427.906,53800
2014-07-13,56.904,126.135,75.6976,79.191,82.2435,6.34811e+06,71.3921,78.4096,53850
2014-07-20,67.1599,148.202,85.64,165.598,96.3494,6.34798e+06,83.6369,115.411,53850
2014-07-27,78.6145,172.939,99.4402,264.995,113.197,6.34783e+06,98.2617,85.4303,53850
2014-08-03,91.7668,201.739,115.959,380.742,132.267,6.34766e+06,114.815,132.214,53850
2014-08-10,107.066,235.348,135.285,515.761,154.343,6.34746e+06,133.979,153.56,53850
2014-08-17,124.905,274.559,157.831,673.281,180.066,6.34722e+06,156.308,115.566,53850
2014-08-24,145.715,320.297,184.129,857.05,210.067,6.34694e+06,182.351,310.097,53850
2014-08-31,169.988,373.647,214.805,1071.44,245.062,6.34662e+06,212.728,280.378,53850
2014-09-07,198.299,435.87,250.585,1321.54,285.881,6.34624e+06,248.161,417.899,53850
2014-09-14,231.318,508.438,292.317,1613.29,333.489,6.3458e+06,289.487,200.669,53850
2014-09-21,269.827,593.067,340.99,1953.63,389.012,6.34529e+06,337.685,388.073,53850
2014-09-28,314.733,691.751,397.752,2350.63,453.763,6.3447e+06,393.893,338.589,53850
2014-07-13,78.0624,170.068,105.378,110.833,114.307,6.34799e+06,81.2233,74.4256,53900
2014-07-20,89.5322,194.398,116.594,229.843,130.226,6.34782e+06,92.5348,104.34,53900
2014-07-27,102.002,220.875,131.879,363.376,148.819,6.34763e+06,105.746,109.707,53900
2014-08-03,115.927,250.872,149.737,514.801,169.283,6.34742e+06,120.288,130.207,53900
2014-08-10,131.69,284.954,170.088,686.782,192.332,6.34718e+06,136.666,126.345,53900
2014-08-17,149.584,323.669,193.206,882.138,218.473,6.3469e+06,155.241,159.755,53900
2014-08-24,169.906,367.637,219.458,1104.04,248.157,6.34659e+06,176.333,182.396,53900
2014-08-31,192.984,417.567,249.272,1356.1,281.867,6.34623e+06,200.287,208.788,53900
2014-09-07,219.191,474.264,283.13,1642.39,320.149,6.34583e+06,227.488,252.531,53900
2014-09-14,248.95,538.642,321.577,1967.56,363.619,6.34537e+06,258.377,266.516,53900
2014-09-21,282.738,611.736,365.233,2336.88,412.979,6.34485e+06,293.451,236.33,53900
2014-09-28,321.1,694.719,414.801,2756.34,469.021,6.34426e+06,333.273,311.181,53900
2014-07-13,108.668,235.652,147.262,155.102,159.673,6.3478e+06,93.8611,98.9394,53950
2014-07-20,123.691,267.396,161.985,320.951,180.572,6.34758e+06,106.146,87.1458,53950
2014-07-27,139.906,301.669,181.953,505.82,204.837,6.34732e+06,120.41,139.711,53950
2014-08-03,157.878,340.216,205.133,713.987,231.347,6.34703e+06,135.993,141.825,53950
2014-08-10,178.076,383.699,231.365,948.741,260.985,6.34671e+06,153.416,155.233,53950
2014-08-17,200.84,432.739,260.949,1213.51,294.358,6.34634e+06,173.033,164.059,53950
2014-08-24,226.507,488.035,294.306,1512.14,331.982,6.34593e+06,195.149,236.082,53950
2014-08-31,255.447,550.379,331.917,1848.93,374.403,6.34546e+06,220.086,199.456,53950
2014-09-07,288.075,620.663,374.323,2228.76,422.232,6.34494e+06,248.202,305.446,53950
2014-09-14,324.857,699.894,422.131,2657.1,476.153,6.34435e+06,279.898,302.003,53950
2014-09-21,366.319,789.2,476.025,3140.15,536.937,6.34368e+06,315.629,381.784,53950
2014-09-28,413.052,889.854,536.776,3684.85,605.453,6.34293e+06,355.905,312.438,53950
2014-07-13,146.622,315.69,199.876,210.967,216.583,6.34758e+06,98.4681,117.291,54000
2014-07-20,164.948,354.188,217.901,435.114,242.171,6.34728e+06,110.101,102.725,54000
2014-07-27,184.513,395.249,242.165,682.462,271.613,6.34695e+06,123.487,116.144,54000
2014-08-03,205.95,440.914,270.056,957.982,303.411,6.34658e+06,137.944,136.646,54000
2014-08-10,229.774,491.864,301.282,1265.32,338.562,6.34616e+06,153.925,154.109,54000
2014-08-17,256.33,548.697,336.114,1608.19,377.705,6.3457e+06,171.721,97.8309,54000
2014-08-24,285.944,612.077,374.959,1990.7,421.35,6.34519e+06,191.564,176.741,54000
2014-08-31,318.968,682.751,418.277,2417.4,470.021,6.34461e+06,213.692,176.692,54000
2014-09-07,355.792,761.55,466.581,2893.39,524.294,6.34397e+06,238.367,229.021,54000
2014-09-14,396.847,849.401,520.441,3424.34,584.807,6.34326e+06,265.878,314.95,54000
2014-09-21,442.616,947.333,580.49,4016.56,652.272,6.34246e+06,296.551,322.443,54000
2014-09-28,493.635,1056.49,647.432,4677.1,727.478,6.34158e+06,330.743,278.786,54000
2014-07-13,109.424,237.546,148.152,155.99,160.655,6.3478e+06,89.8416,52.0827,54050
2014-07-20,124.771,270.005,163.186,322.949,181.994,6.34757e+06,101.775,92.1381,54050
2014-07-27,141.365,305.114,183.598,509.341,206.804,6.34731e+06,115.649,127.689,54050
2014-08-03,159.787,344.668,207.329,719.566,233.956,6.34702e+06,130.833,144.158,54050
2014-08-10,180.526,389.36,234.226,957.032,264.363,6.34669e+06,147.838,177.709,54050
2014-08-17,203.938,439.847,264.611,1225.3,298.658,6.34632e+06,167.016,190.76,54050
2014-08-24,230.381,496.868,298.928,1528.37,337.387,6.3459e+06,188.674,151.044,54050
2014-08-31,260.243,561.262,337.685,1870.74,381.125,6.34542e+06,213.134,261.297,54050
2014-09-07,293.966,633.977,381.454,2257.49,430.52,6.34488e+06,240.756,265.963,54050
2014-09-14,332.045,716.082,430.88,2694.37,486.298,6.34428e+06,271.949,271.358,54050
2014-09-21,375.04,808.78,486.69,3187.83,549.279,6.34359e+06,307.169,368.697,54050
2014-09-28,423.58,913.427,549.704,3745.21,620.386,6.34282e+06,346.933,417.092,54050
2014-07-13,85.039,184.53,115.178,121.287,124.893,6.34794e+06,90.3772,54.3475,54100
2014-07-20,96.8971,209.601,126.797,251.053,141.385,6.34777e+06,102.311,107.449,54100
2014-07-27,109.711,236.701,142.565,395.834,160.549,6.34757e+06,116.179,107.977,54100
2014-08-03,123.927,267.213,160.887,559.021,181.508,6.34734e+06,131.346,147.502,54100
2014-08-10,139.921,301.667,181.641,743.233,204.966,6.34708e+06,148.321,161.525,54100
2014-08-17,157.966,340.566,205.072,951.208,231.407,6.3468e+06,167.454,155.819,54100
2014-08-24,178.334,384.474,231.519,1186.01,261.247,6.34647e+06,189.048,208.721,54100
2014-08-31,201.324,434.031,261.371,1451.09,294.929,6.3461e+06,213.421,204.489,54100
2014-09-07,227.271,489.962,295.063,1750.34,332.945,6.34569e+06,240.931,228.109,54100
2014-09-14,256.554,553.081,333.09,2088.16,375.85,6.34522e+06,271.978,314.267,54100
2014-09-21,289.601,624.308,376.005,2469.52,424.27,6.34469e+06,307.017,292.824,54100
2014-09-28,326.89,704.677,424.434,2900,478.909,6.34409e+06,346.556,284.412,54100
2014-07-13,67.088,147.379,89.9308,94.3457,97.6258,6.34805e+06,71.139,80.2876,54150
2014-07-20,78.0082,170.702,100.565,196.428,112.717,6.3479e+06,82.1355,54.0333,54150
2014-07-27,90.0347,196.446,115.185,312.339,130.531,6.34774e+06,95.1168,80.277,54150
2014-08-03,103.644,225.998,132.465,445.463,150.404,6.34754e+06,109.598,87.3355,54150
2014-08-10,119.253,260.006,152.407,598.604,173.083,6.34732e+06,126.124,138.64,54150
2014-08-17,137.202,299.134,175.35,774.801,199.139,6.34706e+06,145.111,159.996,54150
2014-08-24,157.848,344.144,201.741,977.518,229.109,6.34677e+06,166.949,162.798,54150
2014-08-31,181.598,395.918,232.099,1210.74,263.583,6.34643e+06,192.07,159.609,54150
2014-09-07,208.915,455.468,267.019,1479.06,303.237,6.34604e+06,220.966,223.615,54150
2014-09-14,240.335,523.958,307.184,1787.74,348.848,6.34559e+06,254.202,215.215,54150
2014-09-21,276.47,602.723,353.38,2142.85,401.305,6.34507e+06,292.427,295.745,54150
2014-09-28,318.026,693.3,406.509,2551.36,461.634,6.34448e+06,336.388,473.941,54150
2014-07-13,90.7013,199.63,121.389,127.274,131.799,6.34791e+06,78.4715,79.2585,54200
2014-07-20,105.796,231.918,136.075,265.226,152.638,6.34771e+06,90.8787,82.5629,54200
2014-07-27,122.468,267.673,156.304,422.294,177.298,6.34748e+06,105.561,103.225,54200
2014-08-03,141.392,308.834,180.278,603.21,204.889,6.34722e+06,121.989,127.555,54200
2014-08-10,163.158,356.34,208.021,811.937,236.471,6.34691e+06,140.792,196.2,54200
2014-08-17,188.26,411.153,240.032,1052.79,272.86,6.34656e+06,162.458,188.014,54200
2014-08-24,217.217,474.387,276.96,1330.69,314.834,6.34615e+06,187.448,215.048,54200
2014-08-31,250.62,547.326,319.558,1651.35,363.255,6.34568e+06,216.277,203.98,54200
2014-09-07,289.15,631.456,368.697,2021.32,419.108,6.34514e+06,249.532,243.098,54200
2014-09-14,333.588,728.484,425.376,2448.17,483.53,6.34451e+06,287.888,244.776,54200
2014-09-21,384.838,840.377,490.746,2940.63,557.83,6.34379e+06,332.125,363.838,54200
2014-09-28,443.937,969.397,566.133,3508.76,643.512,6.34296e+06,383.139,398.325,54200
2014-07-13,94.2645,209.373,125.179,130.872,136.03,6.34789e+06,73.5338,93.4592,54250
2014-07-20,111.63,246.799,141.996,273.943,159.888,6.34768e+06,86.4312,70.6841,54250
2014-07-27,131.085,288.896,165.389,439.009,188.459,6.34743e+06,101.876,93.6444,54250
2014-08-03,153.496,338.062,193.47,631.831,220.902,6.34713e+06,119.414,101.781,54250
2014-08-10,179.646,395.613,226.421,857.461,258.581,6.34679e+06,139.782,138.188,54250
2014-08-17,210.233,462.96,264.98,1121.52,302.617,6.34639e+06,163.586,144.322,54250
2014-08-24,246.019,541.755,310.095,1430.54,354.135,6.34592e+06,191.435,191.06,54250
2014-08-31,287.887,633.936,362.877,1792.16,414.409,6.34537e+06,224.018,229.103,54250
2014-09-07,336.865,741.767,424.628,2215.34,484.923,6.34473e+06,262.136,304.518,54250
2014-09-14,394.155,867.892,496.864,2710.51,567.408,6.34398e+06,306.725,294.107,54250
2014-09-21,461.162,1015.4,581.358,3289.9,663.887,6.3431e+06,358.879,348.003,54250
2014-09-28,539.522,1187.88,680.178,3967.8,776.721,6.34207e+06,419.874,405.919,54250
2014-07-13,109.467,239.325,147.337,154.799,159.873,6.3478e+06,84.9084,90.121,54300
2014-07-20,126.279,275.089,163.748,321.551,183.164,6.34756e+06,97.2782,132.38,54300
2014-07-27,144.655,314.239,186.195,509.592,210.488,6.3473e+06,111.79,110.898,54300
2014-08-03,165.289,358.837,212.548,723.971,240.732,6.34699e+06,127.852,107.69,54300
2014-08-10,188.774,409.777,242.736,968.765,274.982,6.34664e+06,146.043,128.95,54300
2014-08-17,215.577,467.948,277.21,1248.33,314.035,6.34624e+06,166.784,198.429,54300
2014-08-24,246.177,534.362,316.568,1567.58,358.617,6.34579e+06,190.461,166.474,54300
2014-08-31,281.112,610.178,361.502,1932.17,409.514,6.34527e+06,217.493,255.289,54300
2014-09-07,320.991,696.722,412.798,2348.49,467.618,6.34467e+06,248.351,217.915,54300
2014-09-14,366.51,795.501,471.354,2823.87,533.943,6.34399e+06,283.577,223.978,54300
2014-09-21,418.463,908.234,538.191,3366.68,609.646,6.34322e+06,323.782,300.653,54300
2014-09-28,477.753,1036.88,614.473,3986.44,696.043,6.34233e+06,369.668,160.432,54300
2014-07-13,82.8394,180.067,112.038,117.919,121.507,6.34796e+06,84.5181,112.277,54350
2014-07-20,94.6586,205.092,123.609,244.278,137.93,6.34778e+06,95.9415,135.736,54350
2014-07-27,107.464,232.22,139.339,385.602,157.056,6.34759e+06,109.245,95.0663,54350
2014-08-03,121.711,262.846,157.662,545.311,178.031,6.34736e+06,123.836,164.802,54350
2014-08-10,137.781,297.522,178.47,726.074,201.571,6.34711e+06,140.209,130.427,54350
2014-08-17,155.962,336.774,202.025,930.695,228.175,6.34682e+06,158.715,85.5281,54350
2014-08-24,176.537,381.198,228.682,1162.32,258.28,6.3465e+06,179.655,233.548,54350
2014-08-31,199.822,431.47,258.85,1424.5,292.35,6.34614e+06,203.354,196.949,54350
2014-09-07,226.171,488.358,292.99,1721.27,330.906,6.34572e+06,230.173,241.873,54350
2014-09-14,255.988,552.728,331.623,2057.17,374.535,6.34525e+06,260.521,312.436,54350
2014-09-21,289.725,625.559,375.339,2437.36,423.903,6.34472e+06,294.86,316.489,54350
2014-09-28,327.895,707.955,424.802,2867.65,479.76,6.34412e+06,333.713,368.013,54350
2014-07-13,75.9745,164.413,103.134,108.693,111.806,6.348e+06,76.8151,90.108,54400
2014-07-20,86.184,185.951,113.151,224.7,126.024,6.34784e+06,86.5836,82.0649,54400
2014-07-27,97.1704,209.125,126.707,353.635,142.49,6.34766e+06,97.8964,99.6109,54400
2014-08-03,109.307,235.107,142.399,498.363,160.421,6.34746e+06,110.216,89.013,54400
2014-08-10,122.904,264.325,160.104,661.063,180.404,6.34724e+06,123.945,128.199,54400
2014-08-17,138.181,297.176,180.009,843.992,202.835,6.34699e+06,139.356,173.691,54400
2014-08-24,155.355,334.106,202.385,1049.66,228.045,6.34671e+06,156.676,138.919,54400
2014-08-31,174.659,375.616,227.537,1280.89,256.384,6.34639e+06,176.146,220.741,54400
2014-09-07,196.356,422.272,255.809,1540.86,288.239,6.34603e+06,198.031,208.573,54400
2014-09-14,220.744,474.711,287.587,1833.13,324.042,6.34563e+06,222.63,205.55,54400
2014-09-21,248.153,533.644,323.303,2161.69,364.283,6.34518e+06,250.277,341.061,54400
2014-09-28,278.956,599.871,363.444,2531.06,409.508,6.34468e+06,281.348,297.566,54400
2014-07-13,90.9595,199.771,121.956,127.953,132.388,6.34791e+06,82.7347,83.7131,54450
2014-07-20,105.722,231.293,136.334,266.366,152.791,6.34771e+06,95.4856,83.6344,54450
2014-07-27,121.973,266.072,156.095,423.474,176.869,6.34748e+06,110.533,85.8417,54450
2014-08-03,140.356,305.976,179.443,603.842,203.717,6.34722e+06,127.311,74.1961,54450
2014-08-10,161.429,351.878,206.375,811.253,234.342,6.34692e+06,146.45,154.256,54450
2014-08-17,185.651,404.667,237.348,1049.79,269.513,6.34657e+06,168.429,211.548,54450
2014-08-24,213.5,465.364,272.96,1324.13,309.947,6.34617e+06,193.698,187.454,54450
2014-08-31,245.52,535.148,313.905,1639.62,356.437,6.34572e+06,222.752,306.915,54450
2014-09-07,282.333,615.373,360.981,2002.43,409.887,6.34519e+06,256.155,282.871,54450
2014-09-14,324.652,707.592,415.102,2419.64,471.335,6.34458e+06,294.557,380.517,54450
2014-09-21,373.296,813.591,477.317,2899.4,541.971,6.34389e+06,338.7,299.964,54450
2014-09-28,429.206,935.414,548.83,3451.05,623.161,6.34309e+06,389.439,471.506,54450
2014-07-13,103.27,227.893,137.901,144.467,149.763,6.34784e+06,80.3636,72.539,54500
2014-07-20,120.983,265.864,155.111,301.44,174.183,6.34761e+06,93.4675,109.656,54500
2014-07-27,140.627,308.1,178.885,480.846,203.179,6.34734e+06,109.027,122.208,54500
2014-08-03,163.019,356.925,207.162,688.329,235.761,6.34703e+06,126.51,96.337,54500
2014-08-10,188.88,413.503,240.017,928.684,273.209,6.34668e+06,146.605,133.813,54500
2014-08-17,218.825,479.049,278.078,1207.16,316.534,6.34627e+06,169.854,213.104,54500
2014-08-24,253.509,554.967,322.163,1529.78,366.711,6.34579e+06,196.779,201.186,54500
2014-08-31,293.68,642.892,373.224,1903.55,424.827,6.34524e+06,227.964,221.222,54500
2014-09-07,340.201,744.711,432.361,2336.55,492.134,6.3446e+06,264.081,242.884,54500
2014-09-14,394.072,862.609,500.845,2838.14,570.078,6.34385e+06,305.906,237.267,54500
2014-09-21,456.447,999.109,580.147,3419.17,660.331,6.343e+06,354.336,274.165,54500
2014-09-28,528.66,1157.12,671.964,4092.18,764.825,6.342e+06,410.408,461.032,54500
2014-07-13,97.7517,210.309,133.339,140.769,144.474,6.34787e+06,88.887,108.958,54550
2014-07-20,109.834,235.679,145.227,290.232,161.351,6.34767e+06,99.2705,105.402,54550
2014-07-27,122.721,262.705,161.219,454.993,180.753,6.34745e+06,111.208,71.2259,54550
2014-08-03,136.825,292.729,179.585,638.312,201.686,6.3472e+06,124.086,148.977,54550
2014-08-10,152.482,326.194,200.125,842.572,224.8,6.34693e+06,138.307,131.487,54550
2014-08-17,169.918,363.485,223.014,1070.19,250.512,6.34662e+06,154.126,205.421,54550
2014-08-24,189.342,405.032,248.514,1323.85,279.153,6.34628e+06,171.747,138.447,54550
2014-08-31,210.982,451.316,276.923,1606.5,311.061,6.3459e+06,191.378,239.063,54550
2014-09-07,235.089,502.874,308.571,1921.46,346.607,6.34548e+06,213.248,342.08,54550
2014-09-14,261.941,560.302,343.825,2272.41,386.204,6.34501e+06,237.61,227.067,54550
2014-09-21,291.851,624.266,383.096,2663.45,430.309,6.34449e+06,264.746,244.593,54550
2014-09-28,325.163,695.504,426.836,3099.14,479.435,6.3439e+06,294.97,307.523,54550
2014-07-13,118.546,259.025,159.632,167.746,173.206,6.34775e+06,85.2982,88.4124,54600
2014-07-20,136.623,297.462,177.284,348.351,198.257,6.34749e+06,97.6354,95.4732,54600
2014-07-27,156.365,339.498,201.413,551.848,227.625,6.3472e+06,112.098,82.7728,54600
2014-08-03,178.512,387.34,229.718,783.645,260.101,6.34687e+06,128.091,87.484,54600
2014-08-10,203.695,441.936,262.114,1048.09,296.845,6.34649e+06,146.187,165.016,54600
2014-08-17,232.411,504.225,299.075,1349.84,338.704,6.34606e+06,166.801,201.396,54600
2014-08-24,265.166,575.275,341.236,1694.12,386.445,6.34557e+06,190.312,121.695,54600
2014-08-31,302.525,656.312,389.325,2086.93,440.901,6.34501e+06,217.129,281.276,54600
2014-09-07,345.134,748.729,444.174,2535.09,503.009,6.34438e+06,247.716,248.656,54600
2014-09-14,393.724,854.114,506.728,3046.38,573.841,6.34365e+06,282.598,121.747,54600
2014-09-21,449.131,974.274,578.063,3629.66,654.612,6.34282e+06,322.375,386.088,54600
2014-09-28,512.302,1111.26,659.401,4295.03,746.708,6.34187e+06,367.73,380.199,54600
2014-07-13,102.51,225.284,137.368,144.094,149.127,6.34784e+06,76.2362,65.1562,54650
2014-07-20,119.274,261.099,153.69,300.061,172.289,6.34762e+06,88.0768,141.32,54650
2014-07-27,137.747,300.655,176.138,477.258,199.644,6.34736e+06,102.061,96.1026,54650
2014-08-03,158.663,346.086,202.684,680.889,230.177,6.34706e+06,117.67,137.236,54650
2014-08-10,182.664,398.397,233.334,915.28,265.042,6.34672e+06,135.493,171.788,54650
2014-08-17,210.278,458.613,268.617,1185.12,305.119,6.34633e+06,155.981,195.122,54650
2014-08-24,242.059,527.916,309.223,1495.75,351.239,6.34588e+06,179.559,190.077,54650
2014-08-31,278.633,607.669,355.956,1853.33,404.317,6.34535e+06,206.693,191.522,54650
2014-09-07,320.72,699.439,409.736,2264.95,465.398,6.34476e+06,237.918,278.54,54650
2014-09-14,369.148,805.029,471.622,2738.75,535.684,6.34407e+06,273.85,194.482,54650
2014-09-21,424.865,926.504,542.829,3284.1,616.554,6.34327e+06,315.192,307.11,54650
2014-09-28,488.962,1066.24,624.753,3911.76,709.591,6.34236e+06,362.754,494.089,54650
2014-07-13,91.9745,202.301,123.161,129.158,133.715,6.3479e+06,85.587,105.685,54700
2014-07-20,107.165,234.776,137.945,269.068,154.694,6.3477e+06,99.0148,111.776,54700
2014-07-27,123.926,270.698,158.296,428.215,179.498,6.34747e+06,114.891,131.688,54700
2014-08-03,142.931,312.01,182.391,611.341,207.221,6.3472e+06,132.636,109.637,54700
2014-08-10,164.768,359.641,210.247,822.406,238.921,6.34689e+06,152.926,176.787,54700
2014-08-17,189.925,414.544,242.356,1065.71,275.409,6.34654e+06,176.281,193.049,54700
2014-08-24,218.917,477.816,279.359,1346.16,317.455,6.34613e+06,203.193,187.387,54700
2014-08-31,252.327,550.726,322.001,1669.43,365.909,6.34566e+06,234.207,148.729,54700
2014-09-07,290.825,634.737,371.14,2042.03,421.744,6.34511e+06,269.946,329.27,54700
2014-09-14,335.182,731.53,427.762,2471.49,486.08,6.34448e+06,311.125,161.035,54700
2014-09-21,386.287,843.038,493.001,2966.46,560.206,6.34376e+06,358.571,419.05,54700
2014-09-28,445.158,971.485,568.161,3536.9,645.6,6.34293e+06,413.229,314.832,54700
2014-07-13,130.218,283.602,175.832,184.953,190.726,6.34768e+06,84.5371,101.663,54750
2014-07-20,149.27,324.003,194.466,383.492,217.173,6.3474e+06,96.2596,73.2515,54750
2014-07-27,169.972,367.941,219.85,606.155,248.047,6.34709e+06,109.944,141.45,54750
2014-08-03,193.073,417.69,249.492,858.523,282.01,6.34673e+06,124.998,135.721,54750
2014-08-10,219.208,474.177,283.252,1145,320.237,6.34633e+06,141.942,172.722,54750
2014-08-17,248.858,538.3,321.576,1470.24,363.565,6.34587e+06,161.146,176.281,54750
2014-08-24,282.508,611.075,365.07,1839.48,412.733,6.34535e+06,182.939,198.469,54750
2014-08-31,320.696,693.659,414.431,2258.65,468.533,6.34476e+06,207.672,164.281,54750
2014-09-07,364.029,787.366,470.448,2734.49,531.854,6.34409e+06,235.739,294.131,54750
2014-09-14,413.197,893.683,534.011,3274.63,603.704,6.34333e+06,267.586,264.821,54750
2014-09-21,468.978,1014.29,606.13,3887.74,685.224,6.34247e+06,303.718,281.403,54750
2014-09-28,532.255,1151.1,687.948,4583.62,777.704,6.3415e+06,344.709,251.692,54750
2014-07-13,105.074,231.122,140.699,147.547,152.756,6.34783e+06,87.066,69.2006,54800
2014-07-20,122.436,268.24,157.595,307.383,176.732,6.34759e+06,100.732,107.864,54800
2014-07-27,141.593,309.298,180.854,489.205,205.081,6.34733e+06,116.89,117.535,54800
2014-08-03,163.315,356.519,208.394,698.434,236.769,6.34702e+06,134.951,124.497,54800
2014-08-10,188.276,410.964,240.234,939.597,273.003,6.34667e+06,155.603,129.011,54800
2014-08-17,217.032,473.721,276.936,1217.61,314.71,6.34626e+06,179.375,205.289,54800
2014-08-24,250.172,546.047,319.232,1538.08,362.772,6.3458e+06,206.769,240.999,54800
2014-08-31,288.362,629.39,367.976,1907.5,418.158,6.34526e+06,238.337,204.22,54800
2014-09-07,332.369,725.42,424.146,2333.31,481.983,6.34463e+06,274.715,355.921,54800
2014-09-14,383.072,836.059,488.869,2824.11,555.524,6.34392e+06,316.631,214.698,54800
2014-09-21,441.486,963.515,563.44,3389.79,640.252,6.34309e+06,364.924,285.541,54800
2014-09-28,508.775,1110.32,649.35,4041.74,737.86,6.34214e+06,420.557,392.194,54800
2014-07-13,135.783,294.307,184.081,193.91,199.587,6.34764e+06,100.544,51.7623,54850
2014-07-20,154.428,333.691,202.36,401.164,225.534,6.34736e+06,113.614,105.108,54850
2014-07-27,174.54,376.175,227.138,632.027,255.64,6.34704e+06,128.781,119.702,54850
2014-08-03,196.81,423.917,255.881,891.788,288.504,6.34668e+06,145.336,161.129,54850
2014-08-10,221.818,477.73,288.381,1184.5,325.216,6.34628e+06,163.83,162.423,54850
2014-08-17,249.98,538.37,325.006,1514.4,366.519,6.34582e+06,184.637,214.928,54850
2014-08-24,281.708,606.688,366.268,1886.18,413.045,6.34531e+06,208.075,159.245,54850
2014-08-31,317.451,683.647,412.753,2305.16,465.46,6.34473e+06,234.48,227.69,54850
2014-09-07,357.713,770.333,465.118,2777.3,524.506,6.34408e+06,264.224,226.59,54850
2014-09-14,403.062,867.964,524.104,3309.32,591.015,6.34335e+06,297.729,418.296,54850
2014-09-21,454.134,977.911,590.541,3908.81,665.922,6.34252e+06,335.464,463.16,54850
2014-09-28,511.647,1101.71,665.362,4584.27,750.279,6.34159e+06,377.959,189.751,54850
2014-07-13,89.2526,194.686,120.359,126.542,130.573,6.34792e+06,84.2205,93.5641,54900
2014-07-20,102.574,222.973,133.378,262.573,149.05,6.34773e+06,96.1387,88.5599,54900
2014-07-27,117.085,253.82,151.143,415.473,170.665,6.34751e+06,110.08,104.369,54900
2014-08-03,133.32,288.835,171.934,589.184,194.503,6.34727e+06,125.456,116.142,54900
2014-08-10,151.733,328.693,195.671,786.85,221.402,6.34699e+06,142.806,126.405,54900
2014-08-17,172.676,374.052,222.683,1011.81,251.968,6.34667e+06,162.522,166.783,54900
2014-08-24,196.503,425.661,253.418,1267.81,286.74,6.34631e+06,184.95,165.289,54900
2014-08-31,223.612,484.376,288.385,1559.15,326.303,6.34589e+06,210.469,244.958,54900
2014-09-07,254.454,551.172,328.169,1890.68,371.314,6.34543e+06,239.501,263.815,54900
2014-09-14,289.539,627.155,373.429,2267.94,422.519,6.34489e+06,272.529,283.578,54900
2014-09-21,329.448,713.582,424.915,2697.22,480.768,6.34428e+06,310.1,271.761,54900
2014-09-28,374.84,811.878,483.479,3185.68,547.023,6.34359e+06,352.835,278.524,54900
2014-07-13,191.705,413.39,261.002,275.36,282.858,6.34731e+06,89.2092,82.5157,54950
2014-07-20,216.205,464.923,285.083,568.321,317.041,6.34692e+06,99.9902,129.544,54950
2014-07-27,242.422,520.023,317.548,892.303,356.447,6.34648e+06,112.418,27.8551,54950
2014-08-03,271.215,581.445,354.944,1254.02,399.108,6.34599e+06,125.873,90.8884,54950
2014-08-10,303.286,650.126,396.901,1658.43,446.376,6.34544e+06,140.78,111.539,54950
2014-08-17,339.115,726.906,443.808,2110.66,499.129,6.34483e+06,157.418,68.8395,54950
2014-08-24,379.159,812.718,496.235,2616.31,558.081,6.34415e+06,176.011,135.386,54950
2014-08-31,423.91,908.611,554.828,3181.68,623.965,6.34338e+06,196.789,202.129,54950
2014-09-07,473.916,1015.76,620.306,3813.79,697.59,6.34253e+06,220.01,276.062,54950
2014-09-14,529.787,1135.46,693.471,4520.48,779.855,6.34157e+06,245.955,254.05,54950
2014-09-21,592.202,1269.18,775.215,5310.5,871.763,6.3405e+06,274.941,230.039,54950
2014-09-28,661.918,1418.52,866.532,6193.61,974.428,6.33931e+06,307.321,498.195,54950
2014-07-13,160.201,342.783,219.508,232.113,237.725,6.3475e+06,103.585,115.987,55000
2014-07-20,178.403,380.829,237.465,477.376,263.219,6.34718e+06,114.693,145.141,55000
2014-07-27,197.652,420.979,261.484,745.682,292.326,6.34682e+06,127.376,127.727,55000
2014-08-03,218.536,465.2,288.862,1041.76,323.454,6.34644e+06,140.94,157.984,55000
2014-08-10,241.52,514.073,319.228,1368.92,357.528,6.34601e+06,155.787,190.16,55000
2014-08-17,266.898,568.074,352.784,1730.47,395.109,6.34553e+06,172.162,169.704,55000
2014-08-24,294.931,627.728,389.851,2130.02,436.616,6.34501e+06,190.248,169.55,55000
2014-08-31,325.896,693.617,430.796,2571.54,482.467,6.34443e+06,210.227,199.907,55000
2014-09-07,360.098,766.389,476.023,3059.43,533.11,6.34379e+06,232.294,221.53,55000
2014-09-14,397.869,846.752,525.975,3598.52,589.044,6.34308e+06,256.666,264.696,55000
2014-09-21,439.581,935.492,581.141,4194.17,650.814,6.3423e+06,283.582,282.038,55000
2014-09-28,485.637,1033.47,642.059,4852.27,719.022,6.34144e+06,313.302,322.784,55000
2014-07-13,76.0716,169.061,100.97,105.542,109.728,6.348e+06,71.71,85.7432,55050
2014-07-20,90.1718,199.466,114.621,220.986,129.095,6.34782e+06,84.3667,62.7914,55050
2014-07-27,105.984,233.7,133.622,354.289,152.304,6.34762e+06,99.5348,73.9978,55050
2014-08-03,124.216,273.72,156.45,510.147,178.686,6.34739e+06,116.776,90.2066,55050
2014-08-10,145.51,320.609,183.262,692.688,209.353,6.34711e+06,136.818,123.272,55050
2014-08-17,170.44,375.532,214.667,906.512,245.229,6.34678e+06,160.263,116.367,55050
2014-08-24,199.637,439.854,251.445,1156.97,287.24,6.3464e+06,187.719,172.93,55050
2014-08-31,233.827,515.176,294.516,1450.34,336.439,6.34596e+06,219.872,152.831,55050
2014-09-07,273.864,603.372,344.953,1793.96,394.053,6.34543e+06,257.523,309.408,55050
2014-09-14,320.743,706.636,404.014,2196.41,461.514,6.34482e+06,301.611,288.341,55050
2014-09-21,375.628,827.529,473.166,2667.76,540.501,6.34411e+06,353.231,345.787,55050
2014-09-28,439.88,969.045,554.126,3219.77,632.972,6.34327e+06,413.664,356.699,55050
2014-07-13,102.944,224.866,138.659,145.72,150.445,6.34784e+06,80.2249,83.3384,55100
2014-07-20,118.582,258.109,153.932,302.567,172.12,6.34762e+06,91.7832,110.473,55100
2014-07-27,135.653,294.448,174.802,479.217,197.52,6.34737e+06,105.328,95.5394,55100
2014-08-03,154.794,335.785,199.274,680.34,225.595,6.34708e+06,120.299,132.501,55100
2014-08-10,176.551,382.939,227.271,909.688,257.345,6.34675e+06,137.23,160.13,55100
2014-08-17,201.348,436.715,259.2,1171.26,293.5,6.34638e+06,156.509,210.632,55100
2014-08-24,229.621,498.029,295.605,1469.57,334.717,6.34596e+06,178.489,175.251,55100
2014-08-31,261.856,567.932,337.112,1809.78,381.712,6.34547e+06,203.549,210.851,55100
2014-09-07,298.605,647.621,384.434,2197.74,435.29,6.34492e+06,232.119,260.262,55100
2014-09-14,340.497,738.457,438.381,2640.16,496.368,6.34429e+06,264.689,236.999,55100
2014-09-21,388.247,841.991,499.878,3144.66,565.991,6.34358e+06,301.816,268.265,55100
2014-09-28,442.669,959.983,569.973,3719.91,645.346,6.34276e+06,344.132,264.086,55100
2014-07-13,92.4776,199.913,125.648,132.462,136.2,6.3479e+06,93.1617,92.4837,55150
2014-07-20,104.721,225.72,137.667,273.704,153.26,6.34771e+06,104.831,124.075,55150
2014-07-27,117.875,253.435,153.914,430.448,172.991,6.34749e+06,118.327,123.932,55150
2014-08-03,132.381,284.455,172.694,606.107,194.44,6.34725e+06,132.999,122.013,55150
2014-08-10,148.604,319.282,193.848,803.257,218.303,6.34699e+06,149.321,146.623,55150
2014-08-17,166.801,358.374,217.592,1024.56,245.043,6.34668e+06,167.611,206.92,55150
2014-08-24,187.223,402.245,244.237,1272.96,275.047,6.34634e+06,188.134,199.597,55150
2014-08-31,210.139,451.473,274.138,1551.77,308.717,6.34596e+06,211.165,186.029,55150
2014-09-07,235.854,506.712,307.692,1864.72,346.5,6.34554e+06,237.009,135.579,55150
2014-09-14,264.708,568.689,345.343,2215.96,388.896,6.34506e+06,266.008,388.756,55150
2014-09-21,297.08,638.222,387.588,2610.18,436.464,6.34452e+06,298.545,397.88,55150
2014-09-28,333.398,716.226,434.984,3052.62,489.831,6.34391e+06,335.049,327.818,55150
2014-07-13,91.7775,198.198,124.802,131.61,135.27,6.3479e+06,92.4677,82.0679,55200
2014-07-20,103.756,223.424,136.566,271.816,151.969,6.34771e+06,103.883,86.6857,55200
2014-07-27,116.604,250.47,152.452,427.187,171.258,6.3475e+06,117.068,114.686,55200
2014-08-03,130.751,280.693,170.79,601.042,192.192,6.34727e+06,131.378,157.16,55200
2014-08-10,146.547,314.572,191.413,795.863,215.445,6.347e+06,147.273,151.391,55200
2014-08-17,164.238,352.541,214.527,1014.21,241.461,6.3467e+06,165.057,153.085,55200
2014-08-24,184.061,395.085,240.424,1258.92,270.607,6.34637e+06,184.981,201.28,55200
2014-08-31,206.271,442.753,269.442,1533.17,303.265,6.346e+06,207.305,196.045,55200
2014-09-07,231.155,496.156,301.953,1840.51,339.854,6.34558e+06,232.317,127.834,55200
2014-09-14,259.033,555.983,338.378,2184.93,380.847,6.34511e+06,260.339,291.015,55200
2014-09-21,290.263,623,379.185,2570.9,426.771,6.34459e+06,291.731,235.989,55200
2014-09-28,325.245,698.066,424.897,3003.4,478.214,6.344e+06,326.897,195.389,55200
2014-07-13,111.573,241.625,151.367,159.491,164.105,6.34779e+06,89.1084,96.358,55250
2014-07-20,126.716,273.591,166.219,329.825,185.187,6.34755e+06,100.556,94.5019,55250
2014-07-27,143.03,308.023,186.334,519.334,209.624,6.34729e+06,113.825,88.2643,55250
2014-08-03,161.071,346.669,209.641,732.29,236.263,6.347e+06,128.29,152.586,55250
2014-08-10,181.303,390.173,235.963,971.952,265.983,6.34667e+06,144.428,197.861,55250
2014-08-17,204.059,439.136,265.588,1241.7,299.378,6.3463e+06,162.561,131.441,55250
2014-08-24,229.665,494.231,298.923,1545.32,336.95,6.34588e+06,182.962,152.199,55250
2014-08-31,258.476,556.221,336.431,1887.04,379.225,6.34541e+06,205.918,180.702,55250
2014-09-07,290.891,625.961,378.633,2271.62,426.79,6.34488e+06,231.746,143.341,55250
2014-09-14,327.358,704.416,426.113,2704.45,480.304,6.34429e+06,260.803,309.49,55250
2014-09-21,368.38,792.666,479.528,3191.54,540.504,6.34362e+06,293.492,242.689,55250
2014-09-28,414.522,891.924,539.614,3739.67,608.221,6.34286e+06,330.262,333.023,55250
2014-07-13,106.007,232.184,142.459,149.59,154.607,6.34782e+06,81.6517,64.7423,55300
2014-07-20,122.657,267.655,158.698,311.003,177.651,6.34759e+06,93.8221,82.8442,55300
2014-07-27,140.907,306.608,180.951,493.5,204.75,6.34733e+06,108.134,71.7738,55300
2014-08-03,161.461,351.109,207.143,702.14,234.832,6.34703e+06,124.021,111.979,55300
2014-08-10,184.921,402.082,237.23,941.052,268.999,6.34668e+06,142.065,101.589,55300
2014-08-17,211.772,460.454,271.685,1214.66,308.068,6.34629e+06,162.699,134.745,55300
2014-08-24,242.513,527.286,311.133,1528.01,352.794,6.34584e+06,186.319,172.713,55300
2014-08-31,277.708,603.796,356.296,1886.85,404,6.34533e+06,213.363,253.567,55300
2014-09-07,317.998,691.377,408.001,2297.76,462.622,6.34473e+06,244.322,273.122,55300
2014-09-14,364.117,791.624,467.189,2768.3,529.727,6.34406e+06,279.762,234.29,55300
2014-09-21,416.903,906.355,534.939,3307.09,606.536,6.34328e+06,320.327,274.873,55300
2014-09-28,477.312,1037.65,612.481,3923.99,694.445,6.3424e+06,366.754,298.205,55300
2014-07-13,103.132,224.07,139.539,146.885,151.326,6.34784e+06,83.3216,90.8683,55350
2014-07-20,117.754,255.016,153.857,304.215,171.648,6.34762e+06,94.5111,100.635,55350
2014-07-27,133.583,288.534,173.312,480.059,195.3,6.34737e+06,107.534,121.752,55350
2014-08-03,151.18,326.345,195.957,678.633,221.218,6.3471e+06,121.805,91.9413,55350
2014-08-10,171.015,369.121,221.655,903.217,250.282,6.34678e+06,137.808,102.371,55350
2014-08-17,193.435,417.505,250.723,1157.25,283.104,6.34643e+06,155.88,149.701,55350
2014-08-24,218.789,472.22,283.592,1444.6,320.215,6.34603e+06,176.314,165.234,55350
2014-08-31,247.458,534.088,320.761,1769.61,362.18,6.34558e+06,199.42,223.479,55350
2014-09-07,279.875,604.039,362.79,2137.21,409.632,6.34507e+06,225.548,269.382,55350
2014-09-14,316.525,683.124,410.312,2552.97,463.284,6.34449e+06,255.089,196.849,55350
2014-09-21,357.96,772.526,464.04,3023.19,523.941,6.34383e+06,288.488,238.322,55350
2014-09-28,404.798,873.582,524.78,3554.96,592.513,6.34309e+06,326.244,415.424,55350
2014-07-13,98.2387,217.241,130.95,137.096,142.242,6.34787e+06,75.7395,76.709,55400
2014-07-20,115.486,254.279,147.691,286.35,165.995,6.34765e+06,88.3872,101.223,55400
2014-07-27,134.677,295.625,170.868,457.449,194.275,6.34739e+06,103.446,113.868,55400
2014-08-03,156.626,343.578,198.516,655.96,226.16,6.3471e+06,120.423,140.115,55400
2014-08-10,182.06,399.326,230.742,886.664,262.93,6.34675e+06,140.002,143.585,55400
2014-08-17,211.604,464.118,268.196,1154.82,305.608,6.34635e+06,162.727,203.209,55400
2014-08-24,245.936,539.408,311.718,1466.49,355.197,6.34589e+06,189.131,203.68,55400
2014-08-31,285.827,626.886,362.289,1828.74,412.817,6.34535e+06,219.812,213.41,55400
2014-09-07,332.174,728.518,421.049,2249.75,479.767,6.34472e+06,255.461,242.678,55400
2014-09-14,386.018,846.58,489.318,2739.03,557.548,6.34399e+06,296.877,261.66,55400
2014-09-21,448.564,983.715,568.627,3307.62,647.906,6.34314e+06,344.99,265.403,55400
2014-09-28,521.209,1142.98,660.751,3968.36,752.86,6.34216e+06,400.874,402.267,55400
2014-07-13,114.894,249.363,155.588,163.83,168.714,6.34777e+06,92.6049,151.333,55450
2014-07-20,130.958,283.332,171.326,339.144,191.053,6.34753e+06,104.867,123.288,55450
2014-07-27,148.321,320.06,192.689,534.8,217.018,6.34725e+06,119.119,150.952,55450
2014-08-03,167.591,361.423,217.518,755.394,245.424,6.34695e+06,134.71,186.89,55450
2014-08-10,189.274,408.142,245.65,1004.49,277.223,6.3466e+06,152.164,110.889,55450
2014-08-17,213.745,460.899,277.418,1285.79,313.075,6.34621e+06,171.843,156.303,55450
2014-08-24,241.372,520.462,313.284,1603.47,353.546,6.34577e+06,194.057,151.732,55450
2014-08-31,272.561,587.701,353.775,1962.22,399.236,6.34527e+06,219.135,260.236,55450
2014-09-07,307.768,663.601,399.485,2367.32,450.814,6.34471e+06,247.446,344.753,55450
2014-09-14,347.509,749.268,451.084,2824.76,509.037,6.34408e+06,279.404,157.911,55450
2014-09-21,392.362,845.951,509.325,3341.27,574.752,6.34336e+06,315.474,361.576,55450
2014-09-28,442.981,955.055,575.058,3924.45,648.919,6.34255e+06,356.183,502.374,55450
2014-07-13,80.1584,173.836,108.622,114.403,117.777,6.34797e+06,79.661,94.8823,55500
2014-07-20,91.2472,197.27,119.49,236.739,133.203,6.34781e+06,90.0948,156.387,55500
2014-07-27,103.219,222.574,134.23,373.115,151.116,6.34762e+06,102.21,83.4363,55500
2014-08-03,116.488,251.037,151.344,526.69,170.689,6.3474e+06,115.449,90.3654,55500
2014-08-10,131.403,283.151,170.712,699.895,192.574,6.34716e+06,130.251,119.712,55500
2014-08-17,148.216,319.374,192.56,895.267,217.22,6.34689e+06,146.921,160.884,55500
2014-08-24,167.177,360.226,217.197,1115.64,245.01,6.34659e+06,165.718,150.845,55500
2014-08-31,188.558,406.292,244.981,1364.21,276.35,6.34625e+06,186.915,141.159,55500
2014-09-07,212.67,458.238,276.313,1644.57,311.691,6.34586e+06,210.818,132.565,55500
2014-09-14,239.857,516.808,311.644,1960.78,351.542,6.34542e+06,237.772,273.595,55500
2014-09-21,270.51,582.844,351.481,2317.41,396.476,6.34493e+06,268.164,232.972,55500
2014-09-28,305.07,657.292,396.398,2719.64,447.137,6.34437e+06,302.43,284.921,55500
2014-07-13,70.9068,157.314,94.253,98.5749,102.412,6.34803e+06,72.6158,78.4526,55550
2014-07-20,83.8105,185.099,106.757,206.223,120.152,6.34787e+06,85.1942,66.5215,55550
2014-07-27,98.2424,216.292,124.128,330.214,141.363,6.34768e+06,100.235,102.101,55550
2014-08-03,114.837,252.659,144.949,474.801,165.407,6.34746e+06,117.283,135.019,55550
2014-08-10,134.166,295.156,169.339,643.693,193.281,6.34721e+06,137.047,169.531,55550
2014-08-17,156.736,344.803,197.831,841.003,225.803,6.34691e+06,160.107,183.582,55550
2014-08-24,183.098,402.791,231.111,1071.51,263.785,6.34656e+06,187.039,182.442,55550
2014-08-31,213.889,470.519,269.982,1340.79,308.149,6.34615e+06,218.495,273.814,55550
2014-09-07,249.85,549.615,315.381,1655.35,359.963,6.34568e+06,255.234,287.707,55550
2014-09-14,291.846,641.981,368.403,2022.8,420.475,6.34512e+06,298.14,259.925,55550
2014-09-21,340.885,749.835,430.321,2452.02,491.139,6.34448e+06,348.245,391.331,55550
2014-09-28,398.145,875.758,502.624,2953.37,573.652,6.34372e+06,406.752,486.958,55550
2014-07-13,120.905,255.903,167.133,177.284,180.831,6.34773e+06,103.062,95.2619,55600
2014-07-20,132.29,279.496,178.423,362.857,196.864,6.3475e+06,112.199,64.4334,55600
2014-07-27,144.137,303.944,193.363,562.845,214.927,6.34725e+06,122.494,183.685,55600
2014-08-03,156.773,330.424,210.146,779.981,233.919,6.34697e+06,133.318,143.159,55600
2014-08-10,170.449,359.215,228.467,1016.02,254.36,6.34668e+06,144.968,126.95,55600
2014-08-17,185.305,390.515,248.386,1272.64,276.537,6.34635e+06,157.608,66.1655,55600
2014-08-24,201.45,424.533,270.033,1551.63,300.635,6.346e+06,171.342,136.878,55600
2014-08-31,218.996,461.503,293.56,1854.92,326.824,6.34562e+06,186.268,151.176,55600
2014-09-07,238.064,501.678,319.128,2184.64,355.286,6.34521e+06,202.489,244.748,55600
2014-09-14,258.785,545.333,346.913,2543.07,386.215,6.34476e+06,220.117,189.128,55600
2014-09-21,281.3,592.766,377.106,2932.7,419.824,6.34427e+06,239.272,147.596,55600
2014-09-28,305.763,644.302,409.913,3356.24,456.342,6.34373e+06,260.085,196.635,55600
2014-07-13,68.363,150.39,91.5317,95.9836,99.3765,6.34804e+06,71.0499,65.6083,55650
2014-07-20,79.6744,174.576,102.539,199.972,114.997,6.34789e+06,82.2176,71.626,55650
2014-07-27,92.1588,201.337,117.695,318.286,133.469,6.34772e+06,95.4247,86.028,55650
2014-08-03,106.318,232.122,135.643,454.46,154.122,6.34752e+06,110.191,97.3307,55650
2014-08-10,122.593,267.627,156.399,611.448,177.744,6.34729e+06,127.079,100.038,55650
2014-08-17,141.348,308.565,180.331,792.459,204.942,6.34703e+06,146.525,149.389,55650
2014-08-24,162.969,355.759,207.918,1001.16,236.293,6.34672e+06,168.939,190.632,55650
2014-08-31,187.893,410.161,239.721,1241.79,272.433,6.34637e+06,194.778,210.944,55650
2014-09-07,216.622,472.867,276.381,1519.23,314.093,6.34596e+06,224.563,169.425,55650
2014-09-14,249.736,545.142,318.638,1839.08,362.113,6.3455e+06,258.896,252.282,55650
2014-09-21,287.902,628.439,367.344,2207.84,417.461,6.34496e+06,298.467,346.14,55650
2014-09-28,331.886,724.43,423.48,2632.95,481.249,6.34434e+06,344.072,353.748,55650
2014-07-13,113.873,245.837,154.888,163.352,167.874,6.34777e+06,93.5541,122.208,55700
2014-07-20,128.669,276.99,169.422,337.324,188.506,6.34754e+06,105.052,88.6109,55700
2014-07-27,144.532,310.37,189.042,530.03,212.326,6.34728e+06,118.326,85.1414,55700
2014-08-03,161.988,347.652,211.679,745.558,238.165,6.34698e+06,132.726,103.531,55700
2014-08-10,181.47,389.423,237.125,986.963,266.851,6.34666e+06,148.712,143.883,55700
2014-08-17,203.278,436.211,265.629,1257.39,298.928,6.34629e+06,166.589,158.596,55700
2014-08-24,227.699,488.608,297.549,1560.31,334.846,6.34588e+06,186.605,259.407,55700
2014-08-31,255.047,547.282,333.295,1899.64,375.068,6.34541e+06,209.02,199.921,55700
2014-09-07,285.67,612.979,373.324,2279.72,420.109,6.3449e+06,234.121,144.209,55700
2014-09-14,319.957,686.535,418.144,2705.44,470.541,6.34432e+06,262.226,280.797,55700
2014-09-21,358.344,768.881,468.328,3182.26,527.006,6.34367e+06,293.693,245.797,55700
2014-09-28,401.317,861.059,524.511,3716.3,590.219,6.34295e+06,328.921,242.155,55700
2014-07-13,112.145,244.063,151.52,159.415,164.344,6.34778e+06,101.004,90.5855,55750
2014-07-20,128.4,278.513,167.424,330.427,186.916,6.34755e+06,114.877,121.892,55750
2014-07-27,146.043,315.932,189.072,522.022,213.243,6.34728e+06,131.058,156.7,55750
2014-08-03,165.708,358.255,214.328,738.937,242.171,6.34697e+06,148.836,139.38,55750
2014-08-10,187.933,406.259,243.061,984.899,274.695,6.34663e+06,168.825,177.05,55750
2014-08-17,213.119,460.694,275.644,1263.83,311.519,6.34624e+06,191.457,193.996,55750
2014-08-24,241.672,522.408,312.584,1580.16,353.262,6.34579e+06,217.112,266.62,55750
2014-08-31,274.043,592.369,354.462,1938.86,400.586,6.34529e+06,246.197,313.789,55750
2014-09-07,310.737,671.672,401.937,2345.62,454.233,6.34472e+06,279.168,347.367,55750
2014-09-14,352.33,761.555,455.753,2806.85,515.044,6.34407e+06,316.542,384.083,55750
2014-09-21,399.47,863.421,516.751,3329.82,583.969,6.34334e+06,358.903,398.072,55750
2014-09-28,452.893,978.854,585.884,3922.77,662.083,6.34251e+06,406.911,577.081,55750
2014-07-13,123.619,271.991,165.49,173.53,179.676,6.34772e+06,67.0469,63.844,55800
2014-07-20,144.112,315.815,185.432,361.562,207.974,6.34744e+06,77.6065,81.4888,55800
2014-07-27,166.735,364.314,212.892,575.547,241.445,6.34713e+06,90.0963,75.231,55800
2014-08-03,192.398,420.115,245.418,821.896,278.874,6.34677e+06,104.063,92.891,55800
2014-08-10,221.899,484.479,283.037,1105.97,321.69,6.34635e+06,120.04,183.334,55800
2014-08-17,255.9,558.698,326.417,1433.58,370.995,6.34588e+06,138.438,129.654,55800
2014-08-24,295.099,644.265,376.431,1811.4,427.832,6.34532e+06,159.647,171.485,55800
2014-08-31,340.288,742.903,434.09,2247.1,493.357,6.34469e+06,184.098,179.059,55800
2014-09-07,392.378,856.597,500.558,2749.52,568.892,6.34395e+06,212.284,206.237,55800
2014-09-14,452.415,987.629,577.174,3328.86,655.957,6.3431e+06,244.773,208.384,55800
2014-09-21,521.605,1138.62,665.478,3996.86,756.3,6.34213e+06,282.216,340.912,55800
2014-09-28,601.33,1312.59,767.239,4767.03,871.93,6.341e+06,325.364,383.853,55800
2014-07-13,78.7692,176.344,103.89,108.34,112.98,6.34798e+06,65.7541,46.3033,55850
2014-07-20,94.5197,210.516,119.082,227.677,134.529,6.3478e+06,78.2956,76.8066,55850
2014-07-27,112.388,249.479,140.397,366.968,160.605,6.34758e+06,93.4718,120.665,55850
2014-08-03,133.239,295.562,166.273,531.692,190.601,6.34732e+06,110.929,140.281,55850
2014-08-10,157.875,350.175,197.01,726.839,225.883,6.34702e+06,131.463,57.3738,55850
2014-08-17,187.051,414.879,233.425,958.058,267.635,6.34666e+06,155.763,160.122,55850
2014-08-24,221.611,491.527,276.562,1232.01,317.09,6.34623e+06,184.546,84.8329,55850
2014-08-31,262.549,582.313,327.659,1556.59,375.671,6.34572e+06,218.64,103.092,55850
2014-09-07,311.036,689.836,388.183,1941.12,445.059,6.34512e+06,259.023,356.172,55850
2014-09-14,368.46,817.17,459.868,2396.67,527.239,6.34441e+06,306.852,438.643,55850
2014-09-21,436.461,967.946,544.762,2936.34,624.561,6.34356e+06,363.493,500.085,55850
2014-09-28,516.976,1146.46,645.289,3575.61,739.801,6.34257e+06,430.563,522.067,55850
2014-07-13,73.466,161.825,98.256,102.993,106.69,6.34801e+06,70.8097,68.1753,55900
2014-07-20,85.8054,188.237,110.256,214.711,123.718,6.34785e+06,82.1113,85.259,55900
2014-07-27,99.4518,217.526,126.801,342.056,143.89,6.34766e+06,95.499,124.377,55900
2014-08-03,114.962,251.288,146.43,488.916,166.489,6.34745e+06,110.498,133.71,55900
2014-08-10,132.824,290.303,169.174,658.562,192.39,6.3472e+06,127.689,84.6989,55900
2014-08-17,153.45,335.377,195.45,854.559,222.273,6.34691e+06,147.522,132.568,55900
2014-08-24,177.275,387.442,225.801,1080.99,256.786,6.34658e+06,170.428,134.117,55900
2014-08-31,204.793,447.578,260.858,1342.59,296.65,6.34619e+06,196.886,161.051,55900
2014-09-07,236.577,517.031,301.349,1644.79,342.695,6.34575e+06,227.445,295.256,55900
2014-09-14,273.283,597.239,348.115,1993.9,395.873,6.34524e+06,262.739,198.514,55900
2014-09-21,315.672,689.859,402.124,2397.17,457.286,6.34465e+06,303.499,385.02,55900
2014-09-28,364.619,796.804,464.493,2863.01,528.203,6.34396e+06,350.567,368.977,55900
2014-07-13,79.3328,172.037,107.507,113.231,116.568,6.34798e+06,88.9275,86.5006,55950
2014-07-20,90.3,195.213,118.256,234.308,131.826,6.34781e+06,100.567,109.108,55950
2014-07-27,102.139,220.237,132.835,369.271,149.542,6.34763e+06,114.082,113.055,55950
2014-08-03,115.262,248.383,149.759,521.244,168.898,6.34742e+06,128.848,157.326,55950
2014-08-10,130.01,280.136,168.913,692.63,190.539,6.34718e+06,145.358,140.178,55950
2014-08-17,146.634,315.95,190.515,885.935,214.908,6.34691e+06,163.949,184.993,55950
2014-08-24,165.379,356.337,214.875,1103.96,242.385,6.34661e+06,184.91,254.725,55950
2014-08-31,186.517,401.877,242.345,1349.86,273.368,6.34627e+06,208.547,200.549,55950
2014-09-07,210.352,453.224,273.319,1627.19,308.305,6.34589e+06,235.2,219.402,55950
2014-09-14,237.225,511.116,308.244,1939.96,347.698,6.34545e+06,265.251,351.743,55950
2014-09-21,267.523,576.383,347.621,2292.7,392.111,6.34497e+06,299.133,296.179,55950
2014-09-28,301.68,649.958,392.016,2690.49,442.183,6.34442e+06,337.332,320.347,55950
2014-07-13,111.362,241.664,150.823,158.82,163.546,6.34779e+06,100.131,118.033,56000
2014-07-20,126.903,274.524,166.05,328.751,185.159,6.34755e+06,113.364,122.795,56000
2014-07-27,143.698,310.044,186.716,518.362,210.276,6.34729e+06,128.742,127.545,56000
2014-08-03,162.332,350.037,210.73,732.095,237.747,6.34699e+06,145.562,161.703,56000
2014-08-10,183.296,395.201,237.933,973.387,268.495,6.34666e+06,164.387,183.972,56000
2014-08-17,206.95,446.19,268.646,1245.83,303.153,6.34628e+06,185.606,191.479,56000
2014-08-24,233.649,503.746,303.313,1553.43,342.269,6.34586e+06,209.555,226.897,56000
2014-08-31,263.784,568.706,342.443,1900.72,386.42,6.34537e+06,236.587,221.779,56000
2014-09-07,297.796,642.019,386.608,2292.81,436.252,6.34483e+06,267.096,319.802,56000
2014-09-14,336.179,724.75,436.453,2735.45,492.49,6.34422e+06,301.529,273.309,56000
2014-09-21,379.492,818.101,492.703,3235.16,555.955,6.34352e+06,340.385,300.273,56000
2014-09-28,428.362,923.425,556.176,3799.25,627.566,6.34274e+06,384.23,284.744,56000
2014-07-13,97.1443,212.72,130.576,137.123,141.707,6.34787e+06,82.6181,79.4994,56050
2014-07-20,112.357,245.123,145.415,285.049,162.765,6.34766e+06,94.8952,100.992,56050
2014-07-27,129.026,280.692,165.744,452.239,187.519,6.34742e+06,109.328,102.209,56050
2014-08-03,147.791,321.312,189.664,643.309,214.989,6.34715e+06,125.343,114.531,56050
2014-08-10,169.202,367.823,217.131,862.019,246.177,6.34683e+06,143.526,150.606,56050
2014-08-17,193.699,421.066,248.575,1112.4,281.827,6.34647e+06,164.311,149.402,56050
2014-08-24,221.735,482.005,284.562,1399.04,322.625,6.34606e+06,188.097,174.368,56050
2014-08-31,253.823,551.745,325.749,1727.17,369.318,6.34559e+06,215.32,257.98,56050
2014-09-07,290.543,631.551,372.885,2102.79,422.754,6.34505e+06,246.474,314.624,56050
2014-09-14,332.561,722.867,426.826,2532.75,483.903,6.34443e+06,282.125,286.289,56050
2014-09-21,380.638,827.345,488.55,3024.9,553.872,6.34373e+06,322.919,215.41,56050
2014-09-28,435.642,946.867,559.171,3588.2,633.926,6.34292e+06,369.592,506.196,56050
2014-07-13,114.576,250.509,154.206,162.012,167.327,6.34777e+06,77.716,111.28,56100
2014-07-20,132.185,287.969,171.395,336.545,191.722,6.34752e+06,89.0461,65.6275,56100
2014-07-27,151.434,328.981,194.906,533.376,220.342,6.34724e+06,102.339,82.6328,56100
2014-08-03,173.049,375.702,222.511,757.794,252.023,6.34692e+06,117.053,79.2392,56100
2014-08-10,197.653,429.073,254.136,1014.07,287.904,6.34656e+06,133.718,193.947,56100
2014-08-17,225.735,490.022,290.253,1306.78,328.82,6.34614e+06,152.722,123.08,56100
2014-08-24,257.799,559.614,331.49,1641.07,375.531,6.34566e+06,174.417,123.459,56100
2014-08-31,294.405,639.063,378.572,2022.85,428.863,6.34512e+06,199.188,229.687,56100
2014-09-07,336.196,729.759,432.325,2458.85,489.751,6.34449e+06,227.467,210.987,56100
2014-09-14,383.901,833.284,493.689,2956.74,559.258,6.34378e+06,259.75,308.88,56100
2014-09-21,438.351,951.439,563.735,3525.29,638.597,6.34297e+06,296.6,180.746,56100
2014-09-28,500.493,1086.27,643.684,4174.49,729.149,6.34205e+06,338.657,266.885,56100
2014-07-13,92.6777,205.152,123.43,129.181,134.086,6.3479e+06,73.7323,65.2099,56150
2014-07-20,109.134,240.52,139.394,269.954,156.736,6.34769e+06,86.1873,88.0592,56150
2014-07-27,127.473,280.07,161.519,431.568,183.74,6.34745e+06,101.036,94.4876,56150
2014-08-03,148.482,326.015,187.952,619.371,214.235,6.34717e+06,117.805,122.162,56150
2014-08-10,172.866,379.513,218.808,837.975,249.46,6.34684e+06,137.175,142.616,56150
2014-08-17,201.238,441.79,254.728,1092.47,290.412,6.34646e+06,159.694,159.355,56150
2014-08-24,234.258,514.273,296.534,1388.73,338.07,6.34602e+06,185.9,203.407,56150
2014-08-31,272.687,598.624,345.189,1733.61,393.535,6.3455e+06,216.4,179.021,56150
2014-09-07,317.408,696.781,401.812,2135.07,458.084,6.3449e+06,251.895,224.662,56150
2014-09-14,369.445,810.99,467.704,2602.38,533.197,6.3442e+06,293.198,243.51,56150
2014-09-21,429.99,943.862,544.375,3146.3,620.595,6.34339e+06,341.257,368.237,56150
2014-09-28,500.425,1098.43,633.579,3779.37,722.275,6.34244e+06,397.17,320.251,56150
2014-07-13,137.401,292.179,189.221,200.446,204.812,6.34763e+06,96.8241,144.088,56200
2014-07-20,151.479,321.46,203.151,411.108,224.592,6.34736e+06,106.175,97.0127,56200
2014-07-27,166.23,352.041,221.668,639.593,247.003,6.34707e+06,116.77,131.236,56200
2014-08-03,182.078,385.401,242.6,889.399,270.738,6.34675e+06,127.99,70.2767,56200
2014-08-10,199.355,421.929,265.607,1162.86,296.47,6.3464e+06,140.155,142.895,56200
2014-08-17,218.253,461.916,290.795,1462.26,324.585,6.34602e+06,153.446,153.672,56200
2014-08-24,238.936,505.68,318.361,1790.04,355.349,6.3456e+06,167.99,116.415,56200
2014-08-31,261.57,553.574,348.528,2148.89,389.018,6.34514e+06,183.906,202.749,56200
2014-09-07,286.34,605.982,381.543,2541.74,425.863,6.34463e+06,201.325,213.414,56200
2014-09-14,313.443,663.326,417.671,2971.8,466.182,6.34408e+06,220.385,329.906,56200
2014-09-21,343.099,726.066,457.203,3442.56,510.298,6.34348e+06,241.241,321.944,56200
2014-09-28,375.544,794.704,500.456,3957.88,558.566,6.34282e+06,264.06,299.988,56200
2014-07-13,122.533,264.48,166.695,175.815,180.668,6.34772e+06,86.0258,85.1618,56250
2014-07-20,138.409,297.901,182.291,363.027,202.808,6.34747e+06,96.5675,76.5604,56250
2014-07-27,155.424,333.698,203.34,570.34,228.362,6.34719e+06,108.735,111.885,56250
2014-08-03,174.142,373.666,227.62,802.133,256.073,6.34687e+06,121.93,130.377,56250
2014-08-10,195.025,418.432,254.903,1061.68,286.827,6.34652e+06,136.573,135.888,56250
2014-08-17,218.393,468.558,285.455,1352.33,321.205,6.34613e+06,152.943,153.97,56250
2014-08-24,244.553,524.675,319.658,1677.81,359.687,6.34568e+06,171.266,188.663,56250
2014-08-31,273.839,587.493,357.947,2042.29,402.766,6.34519e+06,191.778,200.291,56250
2014-09-07,306.619,657.806,400.809,2450.42,450.988,6.34463e+06,214.739,171.105,56250
2014-09-14,343.31,736.501,448.785,2907.41,504.965,6.34401e+06,240.441,154.804,56250
2014-09-21,384.374,824.57,502.484,3419.08,565.378,6.34332e+06,269.206,202.581,56250
2014-09-28,430.327,923.12,562.581,3991.97,632.987,6.34254e+06,301.398,280.816,56250
2014-07-13,90.8161,197.108,122.981,129.495,133.356,6.34791e+06,89.7737,93.6843,56300
2014-07-20,103.516,223.965,135.424,268.07,151.017,6.34772e+06,101.663,119.276,56300
2014-07-27,117.244,253.005,152.313,422.726,171.546,6.3475e+06,115.482,119.953,56300
2014-08-03,132.481,285.711,171.944,597.1,194.005,6.34726e+06,130.601,107.355,56300
2014-08-10,149.627,322.657,194.188,794.005,219.149,6.34699e+06,147.528,146.194,56300
2014-08-17,168.979,364.38,219.309,1016.38,247.5,6.34668e+06,166.614,139.754,56300
2014-08-24,190.829,411.491,247.673,1267.53,279.507,6.34633e+06,188.16,174.605,56300
2014-08-31,215.499,464.679,279.698,1551.15,315.645,6.34594e+06,212.488,192.906,56300
2014-09-07,243.351,524.726,315.855,1871.44,356.445,6.34549e+06,239.954,241.752,56300
2014-09-14,274.793,592.511,356.674,2233.12,402.507,6.34499e+06,270.962,286.51,56300
2014-09-21,310.286,669.026,402.756,2641.55,454.504,6.34443e+06,305.966,286.357,56300
2014-09-28,350.349,755.386,454.773,3102.73,513.198,6.34379e+06,345.478,371.086,56300
2014-07-13,129.611,279.099,176.667,186.462,191.436,6.34768e+06,91.6569,99.6562,56350
2014-07-20,145.842,313.202,192.63,384.597,214.097,6.34741e+06,102.507,91.2431,56350
2014-07-27,163.175,349.584,214.122,603.281,240.177,6.34712e+06,114.994,95.2998,56350
2014-08-03,182.171,390.056,238.834,846.922,268.352,6.34679e+06,128.483,132.174,56350
2014-08-10,203.287,435.222,266.505,1118.75,299.504,6.34643e+06,143.399,165.611,56350
2014-08-17,226.831,485.616,297.38,1422.08,334.203,6.34602e+06,160.012,185.838,56350
2014-08-24,253.093,541.83,331.82,1760.54,372.902,6.34556e+06,178.541,174.338,56350
2014-08-31,282.386,604.529,370.236,2138.2,416.069,6.34505e+06,199.208,247.418,56350
2014-09-07,315.059,674.458,413.085,2559.57,464.217,6.34449e+06,222.261,231.572,56350
2014-09-14,351.496,752.441,460.875,3029.69,517.917,6.34386e+06,247.971,198.622,56350
2014-09-21,392.129,839.398,514.173,3554.2,577.802,6.34315e+06,276.644,239.737,56350
2014-09-28,437.437,936.353,573.606,4139.34,644.579,6.34236e+06,308.616,289.131,56350
2014-07-13,123.87,263.574,170.499,180.581,184.558,6.34771e+06,123.746,136.784,56400
2014-07-20,136.703,290.279,183.193,370.469,202.582,6.34747e+06,135.831,210.489,56400
2014-07-27,150.163,318.2,200.078,576.605,223.021,6.3472e+06,149.535,120.378,56400
2014-08-03,164.637,348.69,219.182,802.19,244.689,6.34692e+06,164.063,175.494,56400
2014-08-10,180.433,382.107,240.199,1049.38,268.204,6.3466e+06,179.83,174.622,56400
2014-08-17,197.729,418.726,263.232,1320.27,293.922,6.34625e+06,197.074,249.041,56400
2014-08-24,216.677,458.844,288.464,1617.13,322.092,6.34587e+06,215.962,127.837,56400
2014-08-31,237.434,502.792,316.105,1942.44,352.953,6.34545e+06,236.654,239.8,56400
2014-09-07,260.172,550.931,346.386,2298.92,386.759,6.34499e+06,259.321,249.233,56400
2014-09-14,285.078,603.658,379.555,2689.54,423.79,6.34449e+06,284.15,183.479,56400
2014-09-21,312.357,661.406,415.887,3117.55,464.35,6.34394e+06,311.346,329.44,56400
2014-09-28,342.232,724.648,455.68,3586.54,508.773,6.34334e+06,341.131,245.786,56400
2014-07-13,136.49,295.86,185.029,194.905,200.616,6.34764e+06,91.6958,84.855,56450
2014-07-20,155.25,335.488,203.42,403.235,226.721,6.34735e+06,103.628,105.504,56450
2014-07-27,175.487,378.241,228.351,635.319,257.014,6.34703e+06,117.474,98.2321,56450
2014-08-03,197.9,426.291,257.274,896.481,290.086,6.34667e+06,132.59,164.476,56450
2014-08-10,223.069,480.455,289.982,1190.81,327.034,6.34627e+06,149.478,127.246,56450
2014-08-17,251.417,541.498,326.845,1522.55,368.606,6.34581e+06,168.479,167.81,56450
2014-08-24,283.357,610.276,368.379,1896.46,415.441,6.34529e+06,189.886,253.899,56450
2014-08-31,319.342,687.763,415.175,2317.87,468.209,6.34471e+06,214.005,152.002,56450
2014-09-07,359.881,775.051,467.897,2792.81,527.659,6.34405e+06,241.177,143.883,56450
2014-09-14,405.547,873.371,527.291,3328.04,594.629,6.34332e+06,271.788,248.178,56450
2014-09-21,456.982,984.105,594.193,3931.2,670.064,6.34248e+06,306.267,394.143,56450
2014-09-28,514.908,1108.8,669.546,4610.87,755.023,6.34155e+06,345.099,362.908,56450
2014-07-13,60.9833,135.033,81.1983,84.9741,88.211,6.34809e+06,64.8178,106.351,56500
2014-07-20,71.8469,158.388,91.7355,177.598,103.161,6.34795e+06,75.8033,74.4261,56500
2014-07-27,83.9599,184.519,106.345,283.981,120.992,6.34779e+06,88.9057,97.6261,56500
2014-08-03,97.8441,214.891,123.805,407.661,141.14,6.34761e+06,103.71,131.147,56500
2014-08-10,113.967,250.276,144.199,551.692,164.425,6.34739e+06,120.82,105.007,56500
2014-08-17,132.736,291.489,167.952,719.449,191.51,6.34714e+06,140.722,130.667,56500
2014-08-24,154.594,339.484,195.612,914.837,223.048,6.34685e+06,163.896,189.283,56500
2014-08-31,180.046,395.371,227.822,1142.4,259.773,6.3465e+06,190.883,194.009,56500
2014-09-07,209.684,460.446,265.33,1407.43,302.539,6.34611e+06,222.307,237.325,56500
2014-09-14,244.192,536.213,309.004,1716.09,352.334,6.34564e+06,258.897,259.881,56500
2014-09-21,284.369,624.422,359.855,2075.55,410.312,6.34511e+06,301.499,320.853,56500
2014-09-28,331.143,727.109,419.059,2494.16,477.811,6.34448e+06,351.097,370.919,56500
2014-07-13,109.591,236.777,148.969,157.073,161.47,6.3478e+06,97.2187,149.986,56550
2014-07-20,123.988,267.108,163.105,324.474,181.537,6.34757e+06,109.301,118.348,56550
2014-07-27,139.441,299.651,182.203,510.104,204.728,6.34732e+06,123.263,146.91,56550
2014-08-03,156.467,336.041,204.262,717.959,229.915,6.34704e+06,138.428,161.934,56550
2014-08-10,175.492,376.861,229.087,951.046,257.911,6.34672e+06,155.284,182.984,56550
2014-08-17,196.814,422.639,256.928,1212.46,289.255,6.34636e+06,174.156,160.934,56550
2014-08-24,220.719,473.966,288.142,1505.64,324.394,6.34596e+06,195.312,180.48,56550
2014-08-31,247.521,531.51,323.14,1834.43,363.79,6.34551e+06,219.032,221.458,56550
2014-09-07,277.569,596.019,362.377,2203.15,407.959,6.34501e+06,245.625,277.48,56550
2014-09-14,311.252,668.331,406.364,2616.64,457.474,6.34445e+06,275.437,350.839,56550
2014-09-21,349.008,749.382,455.673,3080.31,512.978,6.34382e+06,308.856,258.235,56550
2014-09-28,391.326,840.22,510.943,3600.23,575.19,6.34311e+06,346.313,362.065,56550
2014-07-13,98.8767,212.12,135.191,142.845,146.444,6.34786e+06,93.5341,76.8274,56600
2014-07-20,110.58,236.638,146.723,294.129,162.816,6.34766e+06,103.99,102.452,56600
2014-07-27,123.009,262.629,162.19,460.232,181.569,6.34744e+06,115.968,78.2285,56600
2014-08-03,136.55,291.376,179.884,644.248,201.71,6.3472e+06,128.833,108.571,56600
2014-08-10,151.515,323.277,199.588,848.395,223.851,6.34693e+06,142.974,124.994,56600
2014-08-17,168.107,358.672,221.45,1074.9,248.372,6.34663e+06,158.635,187.872,56600
2014-08-24,186.512,397.935,245.701,1326.22,275.568,6.34629e+06,176.005,239.774,56600
2014-08-31,206.927,441.484,272.6,1605.06,305.734,6.34592e+06,195.272,205.852,56600
2014-09-07,229.57,489.786,302.436,1914.41,339.193,6.34551e+06,216.643,207.218,56600
2014-09-14,254.683,543.354,335.528,2257.63,376.304,6.34506e+06,240.346,242.201,56600
2014-09-21,282.534,602.759,372.23,2638.39,417.462,6.34455e+06,266.633,301.465,56600
2014-09-28,313.418,668.633,412.933,3060.79,463.105,6.34399e+06,295.785,320.568,56600
2014-07-13,139.875,301.443,190.532,201.049,206.475,6.34762e+06,97.6064,75.3959,56650
2014-07-20,157.597,338.702,207.955,414.835,231.208,6.34733e+06,109.298,119.866,56650
2014-07-27,176.545,378.504,231.431,651.058,259.7,6.34701e+06,122.767,126.292,56650
2014-08-03,197.337,422.834,258.453,914.556,290.519,6.34666e+06,137.336,174.662,56650
2014-08-10,220.477,472.366,288.746,1208.9,324.637,6.34626e+06,153.465,176.095,56650
2014-08-17,246.308,527.695,322.587,1537.74,362.685,6.34582e+06,171.451,177.081,56650
2014-08-24,275.156,589.488,360.38,1905.12,405.17,6.34532e+06,191.535,192.533,56650
2014-08-31,307.371,658.49,402.586,2315.53,452.616,6.34477e+06,213.964,267.29,56650
2014-09-07,343.345,735.538,449.718,2774,505.598,6.34415e+06,239.01,230.792,56650
2014-09-14,383.511,821.56,502.347,3286.13,564.758,6.34346e+06,266.977,296.905,56650
2014-09-21,428.353,917.592,561.108,3858.18,630.81,6.34268e+06,298.201,384.317,56650
2014-09-28,478.411,1024.79,626.71,4497.12,704.548,6.34182e+06,333.059,294.721,56650
2014-07-13,73.0824,157.987,99.2954,104.68,107.634,6.34801e+06,79.9341,111.835,56700
2014-07-20,82.7596,178.385,108.795,216.299,121.118,6.34786e+06,89.9481,85.7227,56700
2014-07-27,93.1564,200.292,121.636,340.171,136.713,6.34769e+06,101.53,99.2797,56700
2014-08-03,104.623,224.814,136.481,478.994,153.668,6.34751e+06,114.121,99.8155,56700
2014-08-10,117.447,252.346,153.202,634.803,172.531,6.34729e+06,128.13,101.914,56700
2014-08-17,131.834,283.251,171.972,809.703,193.67,6.34705e+06,143.828,110.078,56700
2014-08-24,147.979,317.938,193.037,1006.03,217.391,6.34679e+06,161.445,202.346,56700
2014-08-31,166.099,356.865,216.678,1226.4,244.012,6.34648e+06,181.215,171.889,56700
2014-09-07,186.434,400.548,243.209,1473.76,273.888,6.34615e+06,203.403,203.101,56700
2014-09-14,209.252,449.565,272.983,1751.4,307.415,6.34577e+06,228.301,196.437,56700
2014-09-21,234.857,504.567,306.393,2063.03,345.036,6.34534e+06,256.24,323.909,56700
2014-09-28,263.587,566.278,343.882,2412.79,387.25,6.34486e+06,287.59,256.065,56700
2014-07-13,87.1947,192.313,116.489,122.057,126.503,6.34793e+06,72.7946,37.7218,56750
2014-07-20,102.058,224.161,130.935,254.612,147.001,6.34774e+06,84.5893,37.3539,56750
2014-07-27,118.528,259.555,150.878,405.991,171.321,6.34752e+06,98.5844,100.371,56750
2014-08-03,137.286,300.435,174.581,580.914,198.626,6.34726e+06,114.297,158.234,56750
2014-08-10,158.932,347.769,202.098,783.38,229.984,6.34696e+06,132.341,76.7859,56750
2014-08-17,183.976,402.561,233.952,1017.76,266.232,6.34661e+06,153.199,154.873,56750
2014-08-24,212.96,465.975,270.816,1289.07,308.18,6.34621e+06,177.337,191.931,56750
2014-08-31,246.504,539.36,313.48,1603.14,356.726,6.34575e+06,205.273,230.619,56750
2014-09-07,285.32,624.277,362.854,1966.67,412.906,6.34521e+06,237.601,272.429,56750
2014-09-14,330.235,722.531,419.988,2387.45,477.916,6.34459e+06,275.01,254.796,56750
2014-09-21,382.201,836.205,486.097,2874.48,553.135,6.34387e+06,318.294,284.826,56750
2014-09-28,442.321,967.704,562.583,3438.15,640.16,6.34304e+06,368.371,238.027,56750
2014-07-13,137.811,299.15,186.597,196.472,202.342,6.34763e+06,87.7929,84.5177,56800
2014-07-20,157.12,339.987,205.514,406.747,229.193,6.34734e+06,99.4429,76.0444,56800
2014-07-27,177.996,384.151,231.195,641.473,260.407,6.34702e+06,112.986,57.8658,56800
2014-08-03,201.169,433.898,261.047,906.182,294.562,6.34665e+06,127.806,84.4124,56800
2014-08-10,227.25,490.098,294.879,1205.16,332.806,6.34623e+06,144.399,166.273,56800
2014-08-17,256.688,553.572,333.09,1542.88,375.933,6.34576e+06,163.111,132.721,56800
2014-08-24,289.93,625.247,376.239,1924.35,424.624,6.34523e+06,184.238,204.363,56800
2014-08-31,327.463,706.172,424.959,2355.24,479.604,6.34464e+06,208.092,183.045,56800
2014-09-07,369.839,797.532,479.969,2841.91,541.68,6.34396e+06,235.026,245.685,56800
2014-09-14,417.677,900.663,542.075,3391.56,611.761,6.3432e+06,265.433,331.442,56800
2014-09-21,471.676,1017.07,612.185,4012.33,690.872,6.34234e+06,299.758,292.191,56800
2014-09-28,532.621,1148.43,691.321,4713.35,780.165,6.34136e+06,338.501,237.815,56800
2014-07-13,96.6437,210.134,130.676,137.523,141.724,6.34788e+06,91.4357,98.3195,56850
2014-07-20,110.485,239.446,144.224,284.929,160.953,6.34767e+06,103.842,36.8607,56850
2014-07-27,125.487,271.236,162.649,449.86,183.356,6.34744e+06,118.295,97.2191,56850
2014-08-03,142.185,307.142,184.117,636.328,207.935,6.34718e+06,134.153,155.308,56850
2014-08-10,161.029,347.811,208.508,847.469,235.532,6.34689e+06,151.957,177.409,56850
2014-08-17,182.355,393.866,236.129,1086.58,266.733,6.34655e+06,172.087,197.991,56850
2014-08-24,206.5,446.01,267.4,1357.36,302.054,6.34617e+06,194.875,208.489,56850
2014-08-31,233.835,505.041,302.804,1664,342.043,6.34574e+06,220.675,206.169,56850
2014-09-07,264.781,571.866,342.886,2011.24,387.315,6.34526e+06,249.883,221.329,56850
2014-09-14,299.81,647.507,388.26,2404.42,438.564,6.34471e+06,282.947,259.051,56850
2014-09-21,339.46,733.12,439.622,2849.64,496.574,6.34409e+06,320.373,335.433,56850
2014-09-28,384.335,830.011,497.757,3353.73,562.232,6.34338e+06,362.734,350.601,56850
2014-07-13,127.848,273.049,175.444,185.619,189.973,6.34769e+06,115.269,118.179,56900
2014-07-20,141.945,302.472,189.363,381.435,209.735,6.34743e+06,127.26,134.622,56900
2014-07-27,156.812,333.427,207.948,595.098,232.248,6.34716e+06,140.92,196.651,56900
2014-08-03,172.896,367.424,229.079,830.221,256.254,6.34685e+06,155.486,163.638,56900
2014-08-10,190.547,404.895,252.454,1089.3,282.459,6.34651e+06,171.386,159.759,56900
2014-08-17,209.984,446.186,278.214,1374.83,311.28,6.34614e+06,188.874,189.464,56900
2014-08-24,231.396,491.676,306.592,1689.47,343.027,6.34573e+06,208.137,171.164,56900
2014-08-31,254.984,541.787,337.854,2036.21,378,6.34528e+06,229.357,263.274,56900
2014-09-07,280.968,596.984,372.293,2418.3,416.526,6.34478e+06,252.733,229.207,56900
2014-09-14,309.588,657.78,410.228,2839.33,458.963,6.34423e+06,278.483,285.406,56900
2014-09-21,341.11,724.736,452.012,3303.25,505.704,6.34363e+06,306.844,245.736,56900
2014-09-28,375.825,798.47,498.031,3814.41,557.182,6.34296e+06,338.079,251.188,56900
2014-07-13,97.1228,205.681,134.198,142.326,145.204,6.34787e+06,100.887,112.192,56950
2014-07-20,106.364,224.841,143.36,291.378,158.214,6.34768e+06,109.927,134.256,56950
2014-07-27,115.989,244.714,155.49,452.13,172.882,6.34748e+06,120.118,154.749,56950
2014-08-03,126.264,266.258,169.127,626.811,188.318,6.34726e+06,130.843,176.275,56950
2014-08-10,137.395,289.705,184.028,816.858,204.948,6.34702e+06,142.397,139.242,56950
2014-08-17,149.497,315.216,200.242,1023.65,223.006,6.34676e+06,154.944,70.4865,56950
2014-08-24,162.661,342.969,217.879,1248.66,242.645,6.34648e+06,168.589,192.854,56950
2014-08-31,176.981,373.158,237.064,1493.48,264.01,6.34617e+06,183.433,177.571,56950
2014-09-07,192.557,405.995,257.933,1759.86,287.249,6.34583e+06,199.579,147.163,56950
2014-09-14,209.499,441.71,280.633,2049.69,312.526,6.34547e+06,217.142,129.995,56950
2014-09-21,227.926,480.553,305.324,2365.02,340.019,6.34507e+06,236.245,247.349,56950
2014-09-28,247.967,522.797,332.177,2708.08,369.921,6.34464e+06,257.02,297.897,56950
2014-07-13,80.4969,178.219,107.192,112.181,116.448,6.34797e+06,76.9119,66.6034,57000
2014-07-20,94.8164,208.999,121.082,234.447,136.156,6.34779e+06,89.9285,98.9728,57000
2014-07-27,110.779,243.43,140.337,374.849,159.657,6.34758e+06,105.45,85.8679,57000
2014-08-03,129.071,283.44,163.346,538.044,186.204,6.34734e+06,122.985,164.096,57000
2014-08-10,150.308,330.04,190.213,728.055,216.879,6.34705e+06,143.244,156.474,57000
2014-08-17,175.024,384.304,221.498,949.32,252.549,6.34672e+06,166.804,183.474,57000
2014-08-24,203.8,447.479,257.921,1206.97,294.074,6.34633e+06,194.23,197.25,57000
2014-08-31,237.298,521.022,300.323,1506.99,342.417,6.34588e+06,226.16,263.009,57000
2014-09-07,276.294,606.629,349.685,1856.32,398.693,6.34536e+06,263.329,225.464,57000
2014-09-14,321.684,706.269,407.145,2263.06,464.201,6.34475e+06,306.596,231.345,57000
2014-09-21,374.514,822.233,474.027,2736.62,540.449,6.34404e+06,356.956,272.82,57000
2014-09-28,435.994,957.178,551.869,3287.97,629.187,6.34322e+06,415.567,273.718,57000
2014-07-13,91.2208,202.06,121.422,127.053,131.913,6.34791e+06,77.1875,77.9795,57050
2014-07-20,107.535,237.142,137.243,265.592,154.36,6.3477e+06,90.3225,77.3478,57050
2014-07-27,125.735,276.417,159.186,424.793,181.145,6.34746e+06,105.995,81.4583,57050
2014-08-03,146.608,322.09,185.425,609.98,211.425,6.34719e+06,123.714,164.544,57050
2014-08-10,170.858,375.327,216.087,825.757,246.439,6.34686e+06,144.202,142.826,57050
2014-08-17,199.102,437.361,251.816,1077.22,287.187,6.34648e+06,168.045,128.412,57050
2014-08-24,232.007,509.636,293.442,1370.24,334.656,6.34604e+06,195.821,165.909,57050
2014-08-31,270.343,593.831,341.937,1711.71,389.958,6.34553e+06,228.181,232.4,57050
2014-09-07,314.999,691.906,398.433,2109.59,454.383,6.34494e+06,265.878,240.128,57050
2014-09-14,367.015,806.137,464.244,2573.21,529.428,6.34424e+06,309.79,368.093,57050
2014-09-21,427.598,939.171,540.898,3113.39,616.836,6.34343e+06,360.936,385.575,57050
2014-09-28,498.148,1094.08,630.174,3742.75,718.632,6.34248e+06,420.502,393.081,57050
2014-07-13,137.128,300.24,184.338,193.586,200.049,6.34763e+06,84.0228,94.8776,57100
2014-07-20,158.571,345.909,205.256,402.403,229.735,6.34734e+06,96.4909,67.8818,57100
2014-07-27,182.063,396.028,233.909,638.374,264.625,6.347e+06,111.145,133.052,57100
2014-08-03,208.501,453.249,267.617,907.999,303.332,6.34661e+06,127.403,103.395,57100
2014-08-10,238.659,518.75,306.313,1216.57,347.267,6.34617e+06,145.856,176.537,57100
2014-08-17,273.154,593.712,350.6,1569.76,397.475,6.34566e+06,166.943,161.573,57100
2014-08-24,312.622,679.481,401.273,1974,454.915,6.34508e+06,191.069,187.791,57100
2014-08-31,357.777,777.603,459.249,2436.66,520.634,6.34442e+06,218.672,193.209,57100
2014-09-07,409.433,889.846,525.577,2966.15,595.819,6.34366e+06,250.25,247.648,57100
2014-09-14,468.52,1018.23,601.454,3572.1,681.824,6.34279e+06,286.373,262.286,57100
2014-09-21,536.099,1165.04,688.243,4265.5,780.195,6.3418e+06,327.69,407.619,57100
2014-09-28,613.377,1332.92,787.501,5058.94,892.694,6.34066e+06,374.941,355.283,57100
2014-07-13,99.8506,216.743,135.202,142.358,146.61,6.34786e+06,92.8293,95.5908,57150
2014-07-20,113.837,246.323,148.903,294.714,166.058,6.34765e+06,105.143,81.8273,57150
2014-07-27,128.958,278.312,167.505,464.78,188.667,6.34741e+06,119.459,101.329,57150
2014-08-03,145.743,314.347,189.128,656.563,213.407,6.34714e+06,135.124,92.7544,57150
2014-08-10,164.636,355.059,213.634,873.167,241.11,6.34684e+06,152.664,152.163,57150
2014-08-17,185.962,401.043,241.314,1117.84,272.351,6.3465e+06,172.445,196.21,57150
2014-08-24,210.045,452.973,272.573,1394.21,307.626,6.34612e+06,194.78,218.456,57150
2014-08-31,237.24,511.612,307.871,1706.37,347.46,6.34569e+06,220.002,189.218,57150
2014-09-07,267.947,577.821,347.73,2058.95,392.44,6.3452e+06,248.482,228.161,57150
2014-09-14,302.618,652.572,392.736,2457.17,443.228,6.34464e+06,280.64,234.953,57150
2014-09-21,341.761,736.961,443.55,2906.92,500.568,6.34402e+06,316.946,327.828,57150
2014-09-28,385.948,832.221,500.917,3414.86,565.302,6.34332e+06,357.934,417.921,57150
2014-07-13,96.7367,210.967,130.474,137.186,141.544,6.34787e+06,78.8247,77.6479,57200
2014-07-20,111.137,241.539,144.549,284.631,161.52,6.34767e+06,89.9492,93.1039,57200
2014-07-27,126.818,274.866,163.75,450.31,184.881,6.34743e+06,102.959,133.153,57200
2014-08-03,144.356,312.683,186.216,638.481,210.636,6.34717e+06,117.302,157.835,57200
2014-08-10,164.24,355.716,211.855,852.53,239.689,6.34687e+06,133.481,91.7874,57200
2014-08-17,186.847,404.671,241.024,1096.05,272.69,6.34652e+06,151.859,222.415,57200
2014-08-24,212.56,460.352,274.2,1373.1,310.221,6.34613e+06,172.76,264.788,57200
2014-08-31,241.804,523.679,311.932,1688.27,352.907,6.34568e+06,196.531,175.256,57200
2014-09-07,275.063,595.695,354.847,2046.81,401.454,6.34518e+06,223.567,284.78,57200
2014-09-14,312.884,677.587,403.65,2454.67,456.662,6.3446e+06,254.312,275.407,57200
2014-09-21,355.89,770.7,459.148,2918.61,519.442,6.34395e+06,289.274,418.622,57200
2014-09-28,404.787,876.561,522.253,3446.33,590.825,6.3432e+06,329.026,445.101,57200
2014-07-13,89.2188,192.673,121.322,127.941,131.499,6.34792e+06,82.9908,92.1087,57250
2014-07-20,100.864,217.198,132.759,264.237,147.733,6.34773e+06,93.2367,102.01,57250
2014-07-27,113.355,243.491,148.203,415.278,166.485,6.34753e+06,105.071,105.995,57250
2014-08-03,127.108,272.874,166.031,584.287,186.837,6.3473e+06,117.916,103.379,57250
2014-08-10,142.465,305.811,186.081,773.68,209.443,6.34704e+06,132.183,125.87,57250
2014-08-17,159.665,342.726,208.552,985.945,234.736,6.34675e+06,148.146,175.594,57250
2014-08-24,178.937,384.089,233.73,1223.84,263.073,6.34643e+06,166.029,197.939,57250
2014-08-31,200.531,430.434,261.942,1490.45,294.824,6.34607e+06,186.068,169.808,57250
2014-09-07,224.725,482.357,293.551,1789.24,330.398,6.34566e+06,208.519,167.101,57250
2014-09-14,251.83,540.525,328.965,2124.08,370.254,6.3452e+06,233.673,194.891,57250
2014-09-21,282.194,605.687,368.641,2499.31,414.905,6.34469e+06,261.853,245.777,57250
2014-09-28,316.208,678.676,413.087,2919.79,464.924,6.34412e+06,293.421,179.768,57250
2014-07-13,93.8131,204.222,126.723,133.315,137.451,6.34789e+06,86.9277,66.9776,57300
2014-07-20,107.458,233.147,140.072,276.364,156.397,6.34769e+06,98.9095,83.86,57300
2014-07-27,122.275,264.583,158.247,436.69,178.503,6.34747e+06,112.89,93.5464,57300
2014-08-03,138.799,300.153,179.46,618.28,202.803,6.34721e+06,128.258,145.436,57300
2014-08-10,157.481,340.516,203.605,824.273,230.137,6.34692e+06,145.544,146.385,57300
2014-08-17,178.662,386.309,230.997,1057.98,261.099,6.3466e+06,165.125,168.506,57300
2014-08-24,202.687,438.249,262.065,1323.12,296.213,6.34622e+06,187.332,173.847,57300
2014-08-31,229.936,497.159,297.305,1623.92,336.04,6.3458e+06,212.52,178.549,57300
2014-09-07,260.841,563.968,337.272,1965.17,381.211,6.34532e+06,241.088,291.866,57300
2014-09-14,295.888,639.729,382.6,2352.28,432.44,6.34478e+06,273.486,304.52,57300
2014-09-21,335.63,725.636,434.004,2791.41,490.534,6.34416e+06,310.226,352.737,57300
2014-09-28,380.693,823.038,492.293,3289.53,556.407,6.34346e+06,351.886,323.064,57300
2014-07-13,81.111,177.963,108.843,114.23,118.143,6.34797e+06,80.9511,86.2444,57350
2014-07-20,94.1197,205.718,121.519,237.685,136.132,6.34779e+06,93.277,118.834,57350
2014-07-27,108.418,236.289,138.923,377.614,157.333,6.34759e+06,107.804,129.25,57350
2014-08-03,124.567,271.31,159.458,538.015,180.935,6.34736e+06,123.976,121.717,57350
2014-08-10,143.05,311.535,183.11,722.181,207.817,6.34709e+06,142.396,101.507,57350
2014-08-17,164.263,357.725,210.268,933.664,238.641,6.34678e+06,163.517,114.121,57350
2014-08-24,188.616,410.755,241.448,1176.51,274.026,6.34643e+06,187.762,172.975,57350
2014-08-31,216.574,471.633,277.244,1455.36,314.648,6.34603e+06,215.596,170.963,57350
2014-09-07,248.669,541.515,318.337,1775.55,361.282,6.34557e+06,247.55,233.601,57350
2014-09-14,285.51,621.727,365.51,2143.19,414.815,6.34503e+06,284.23,301.165,57350
2014-09-21,327.796,713.789,419.658,2565.31,476.26,6.34442e+06,326.332,272.802,57350
2014-09-28,376.326,819.442,481.806,3049.94,546.784,6.34372e+06,374.655,311.563,57350
2014-07-13,81.1596,177.45,109.229,114.758,118.524,6.34797e+06,83.4154,72.7105,57400
2014-07-20,93.6357,203.993,121.408,238.387,135.807,6.34779e+06,95.5793,103.568,57400
2014-07-27,107.275,233.054,138.066,377.815,156.086,6.34759e+06,109.851,87.3702,57400
2014-08-03,122.593,266.165,157.627,536.79,178.536,6.34737e+06,125.651,154.355,57400
2014-08-10,140.03,303.992,180.039,718.343,203.964,6.34711e+06,143.547,150.098,57400
2014-08-17,159.935,347.196,205.636,925.709,232.963,6.34681e+06,163.956,152.831,57400
2014-08-24,182.664,396.533,234.866,1162.55,266.075,6.34647e+06,187.26,137.258,57400
2014-08-31,208.618,452.869,268.243,1433.06,303.885,6.34609e+06,213.87,301.684,57400
2014-09-07,238.254,517.192,306.355,1742.01,347.058,6.34565e+06,244.255,247.272,57400
2014-09-14,272.09,590.629,349.872,2094.84,396.353,6.34514e+06,278.948,231.5,57400
2014-09-21,310.719,674.465,399.557,2497.79,452.633,6.34457e+06,318.557,258.747,57400
2014-09-28,354.817,770.165,456.279,2957.95,516.882,6.34391e+06,363.775,371.69,57400
2014-07-13,99.7532,213.795,136.497,144.266,147.847,6.34786e+06,95.064,122.334,57450
2014-07-20,111.386,238.145,147.964,296.926,164.127,6.34766e+06,105.532,98.1474,57450
2014-07-27,123.722,263.918,163.33,464.314,182.754,6.34743e+06,117.509,111.877,57450
2014-08-03,137.141,292.38,180.885,649.487,202.729,6.34719e+06,130.353,114.484,57450
2014-08-10,151.949,323.919,200.407,854.619,224.653,6.34692e+06,144.45,80.6171,57450
2014-08-17,168.344,358.861,222.036,1081.89,248.899,6.34662e+06,160.04,157.539,57450
2014-08-24,186.502,397.565,245.991,1333.68,275.751,6.34629e+06,177.305,206.746,57450
2014-08-31,206.615,440.432,272.525,1612.64,305.492,6.34592e+06,196.428,137.464,57450
2014-09-07,228.89,487.907,301.913,1921.69,338.431,6.34551e+06,217.608,255.462,57450
2014-09-14,253.56,540.483,334.461,2264.05,374.913,6.34506e+06,241.065,171.604,57450
2014-09-21,280.878,598.702,370.506,2643.32,415.313,6.34456e+06,267.042,196.729,57450
2014-09-28,311.129,663.167,410.422,3063.45,460.051,6.344e+06,295.808,369.301,57450
2014-07-13,104.225,225.131,141.703,149.423,153.591,6.34783e+06,88.627,82.9815,57500
2014-07-20,117.872,253.876,155.104,308.636,172.614,6.34761e+06,99.6039,49.6547,57500
2014-07-27,132.515,284.705,173.204,485.128,194.593,6.34737e+06,112.286,76.9202,57500
2014-08-03,148.642,319.167,194.105,682.682,218.455,6.34711e+06,126.055,105.499,57500
2014-08-10,166.657,357.811,217.618,904.138,244.968,6.3468e+06,141.354,141.038,57500
2014-08-17,186.839,401.133,243.978,1152.42,274.642,6.34647e+06,158.477,163.231,57500
2014-08-24,209.459,449.691,273.523,1430.77,307.897,6.34609e+06,177.666,144.339,57500
2014-08-31,234.811,504.111,306.637,1742.83,345.169,6.34566e+06,199.173,193.51,57500
2014-09-07,263.224,565.098,343.749,2092.65,386.941,6.34519e+06,223.277,143.478,57500
2014-09-14,295.064,633.44,385.341,2484.82,433.754,6.34465e+06,250.29,246.577,57500
2014-09-21,330.742,710.015,431.95,2924.42,486.212,6.34405e+06,280.559,279.038,57500
2014-09-28,370.718,795.81,484.176,3417.19,544.991,6.34338e+06,314.477,259.246,57500
2014-07-13,69.9389,155.849,92.6157,96.7272,100.675,6.34803e+06,66.3338,95.7917,57550
2014-07-20,83.274,184.668,105.508,202.799,118.964,6.34787e+06,78.3848,132.97,57550
2014-07-27,98.2917,217.267,123.506,325.762,140.961,6.34769e+06,92.8782,81.3697,57550
2014-08-03,115.683,255.54,145.212,470.129,166.073,6.34746e+06,109.424,130.053,57550
2014-08-10,136.083,300.569,170.81,639.922,195.391,6.3472e+06,128.742,154.677,57550
2014-08-17,160.066,353.535,200.919,839.646,229.834,6.3469e+06,151.436,164.474,57550
2014-08-24,188.271,415.825,236.329,1074.57,270.336,6.34654e+06,178.123,165.297,57550
2014-08-31,221.44,489.075,277.971,1350.9,317.968,6.34611e+06,209.507,155.876,57550
2014-09-07,260.444,575.208,326.941,1675.91,373.98,6.34561e+06,246.413,130.376,57550
2014-09-14,306.306,676.48,384.525,2058.17,439.843,6.34502e+06,289.81,271.444,57550
2014-09-21,360.227,795.541,452.231,2507.75,517.284,6.34433e+06,340.835,242.006,57550
2014-09-28,423.617,935.502,531.834,3036.47,608.328,6.34352e+06,400.823,312.318,57550
2014-07-13,103.664,224.465,140.655,148.21,152.489,6.34783e+06,90.9439,76.5258,57600
2014-07-20,117.706,254.102,154.428,306.476,172.039,6.34762e+06,102.604,91.8219,57600
2014-07-27,132.83,286.019,173.078,482.522,194.696,6.34738e+06,116.116,121.412,57600
2014-08-03,149.551,321.834,194.684,680.305,219.39,6.3471e+06,130.843,116.115,57600
2014-08-10,168.3,362.143,219.08,902.843,246.933,6.3468e+06,147.27,174.3,57600
2014-08-17,189.383,407.501,246.532,1153.27,277.876,6.34645e+06,165.724,206.658,57600
2014-08-24,213.102,458.53,277.415,1435.07,312.682,6.34607e+06,186.482,248.993,57600
2014-08-31,239.784,515.933,312.158,1752.16,351.838,6.34563e+06,209.835,182.691,57600
2014-09-07,269.799,580.502,351.241,2108.96,395.885,6.34514e+06,236.104,239.904,57600
2014-09-14,303.559,653.125,395.204,2510.43,445.43,6.34459e+06,265.653,238.016,57600
2014-09-21,341.53,734.802,444.652,2962.14,501.157,6.34397e+06,298.888,334.05,57600
2014-09-28,384.232,826.651,500.267,3470.36,563.831,6.34327e+06,336.267,359.022,57600
2014-07-13,106.267,235.156,141.57,148.182,153.787,6.34782e+06,73.2853,84.6731,57650
2014-07-20,125.066,275.547,159.81,309.609,179.667,6.34758e+06,85.6181,80.785,57650
2014-07-27,146.005,320.689,185.081,494.845,210.507,6.3473e+06,100.314,123.514,57650
2014-08-03,169.98,373.1,215.256,709.985,245.316,6.34698e+06,116.902,119.229,57650
2014-08-10,197.789,434.094,250.463,960.279,285.5,6.34661e+06,136.052,114.471,57650
2014-08-17,230.128,505.057,291.424,1251.51,332.191,6.34617e+06,158.302,153.986,57650
2014-08-24,267.745,587.602,339.071,1590.36,386.498,6.34567e+06,184.181,196.846,57650
2014-08-31,311.498,683.607,394.493,1984.6,449.666,6.34508e+06,214.283,192.799,57650
2014-09-07,362.385,795.259,458.954,2443.28,523.136,6.34439e+06,249.294,226.409,57650
2014-09-14,421.562,925.092,533.923,2976.89,608.58,6.34359e+06,290.011,312.445,57650
2014-09-21,490.372,1076.05,621.103,3597.65,707.938,6.34266e+06,337.359,348.909,57650
2014-09-28,570.371,1251.54,722.472,4319.74,823.461,6.34159e+06,392.41,314.801,57650
2014-07-13,100.981,224.285,134.101,140.201,145.725,6.34785e+06,81.7007,61.2054,57700
2014-07-20,119.578,264.366,152.112,293.466,171.277,6.34762e+06,96.0265,60.9129,57700
2014-07-27,140.413,309.446,177.164,470.288,201.874,6.34735e+06,113.181,118.772,57700
2014-08-03,164.412,362.094,207.235,676.833,236.616,6.34704e+06,132.659,114.991,57700
2014-08-10,192.413,423.716,242.52,918.511,276.963,6.34667e+06,155.28,244.156,57700
2014-08-17,225.163,495.824,283.809,1201.34,324.115,6.34624e+06,181.716,159.905,57700
2014-08-24,263.478,580.184,332.114,1532.31,379.275,6.34574e+06,212.641,247.886,57700
2014-08-31,308.301,678.868,388.625,1919.6,443.806,6.34515e+06,248.821,267.495,57700
2014-09-07,360.733,794.298,454.734,2372.79,519.295,6.34447e+06,291.143,382.276,57700
2014-09-14,422.058,929.298,532.062,2903.05,607.592,6.34366e+06,340.648,376.334,57700
2014-09-21,493.777,1087.17,622.505,3523.47,710.862,6.34272e+06,398.546,370.728,57700
2014-09-28,577.641,1271.75,728.274,4249.33,831.626,6.34162e+06,466.253,462.085,57700
2014-07-13,107.512,233.12,145.708,153.47,157.987,6.34781e+06,96.5844,78.1126,57750
2014-07-20,122.353,264.477,160.254,317.558,178.634,6.34759e+06,109.207,101.73,57750
2014-07-27,138.37,298.327,179.979,500.437,202.604,6.34733e+06,123.861,126.374,57750
2014-08-03,156.119,336.391,202.875,706.329,228.787,6.34705e+06,139.868,115.484,57750
2014-08-10,176.062,379.323,228.78,938.479,258.055,6.34673e+06,157.761,134.862,57750
2014-08-17,198.536,427.734,257.992,1200.27,291.005,6.34637e+06,177.904,199.329,57750
2014-08-24,223.873,482.312,290.923,1495.49,328.147,6.34596e+06,200.611,209.261,57750
2014-08-31,252.435,543.836,328.048,1828.38,370.018,6.3455e+06,226.208,196.009,57750
2014-09-07,284.631,613.186,369.899,2203.75,417.219,6.34498e+06,255.064,289.417,57750
2014-09-14,320.922,691.349,417.074,2627,470.423,6.34439e+06,287.591,258.908,57750
2014-09-21,361.823,779.44,470.247,3104.21,530.39,6.34373e+06,324.251,270.672,57750
2014-09-28,407.917,878.708,530.174,3642.26,597.973,6.34299e+06,365.568,424.043,57750
2014-07-13,70.1764,154.276,94.0127,98.6057,102.064,6.34803e+06,81.635,83.5303,57800
2014-07-20,81.6976,178.897,105.228,205.369,117.979,6.34788e+06,94.3648,105.349,57800
2014-07-27,94.4003,206.109,120.659,326.723,136.785,6.3477e+06,109.406,125.84,57800
2014-08-03,108.792,237.379,138.917,466.253,157.787,6.3475e+06,126.205,122.931,57800
2014-08-10,125.317,273.406,160.008,626.945,181.784,6.34726e+06,145.399,145.694,57800
2014-08-17,144.339,314.903,184.302,812.036,209.384,6.34699e+06,167.475,146.925,57800
2014-08-24,166.246,362.692,212.279,1025.22,241.166,6.34668e+06,192.895,199.965,57800
2014-08-31,191.473,417.723,244.496,1270.77,277.765,6.34633e+06,222.168,251.341,57800
2014-09-07,220.522,481.089,281.595,1553.58,319.91,6.34591e+06,255.878,254.255,57800
2014-09-14,253.97,554.048,324.315,1879.3,368.439,6.34544e+06,294.693,321.111,57800
2014-09-21,292.481,638.046,373.503,2254.43,424.315,6.34489e+06,339.385,394.346,57800
2014-09-28,336.817,734.744,430.135,2686.44,488.645,6.34426e+06,390.839,342.52,57800
2014-07-13,89.8424,194.615,121.86,128.39,132.117,6.34792e+06,88.0486,80.4453,57850
2014-07-20,102.08,220.453,133.86,265.541,149.152,6.34773e+06,99.401,110.137,57850
2014-07-27,115.268,248.298,150.118,418.187,168.903,6.34752e+06,112.564,103.857,57850
2014-08-03,129.861,279.564,168.963,589.787,190.446,6.34728e+06,126.921,127.698,57850
2014-08-10,146.232,314.777,190.255,782.985,214.49,6.34702e+06,142.945,157.841,57850
2014-08-17,164.655,354.427,214.229,1000.53,241.519,6.34672e+06,160.958,143.37,57850
2014-08-24,185.394,399.063,241.217,1245.48,271.942,6.34638e+06,181.234,211.863,57850
2014-08-31,208.74,449.308,271.599,1521.29,306.191,6.346e+06,204.058,183.887,57850
2014-09-07,235.019,505.865,305.799,1831.84,344.743,6.34557e+06,229.751,250.366,57850
2014-09-14,264.599,569.521,344.295,2181.48,388.139,6.34509e+06,258.672,275.308,57850
2014-09-21,297.89,641.162,387.625,2575.13,436.981,6.34455e+06,291.223,311.025,57850
2014-09-28,335.356,721.783,436.392,3018.31,491.951,6.34394e+06,327.857,402.481,57850
2014-07-13,107.525,234.838,144.848,152.232,157.158,6.34781e+06,88.8993,112.705,57900
2014-07-20,123.829,269.49,160.771,316.065,179.756,6.34758e+06,101.682,104.617,57900
2014-07-27,141.621,307.357,182.527,500.543,206.233,6.34732e+06,116.659,106.991,57900
2014-08-03,161.566,350.424,208.031,710.529,235.49,6.34702e+06,133.209,172.661,57900
2014-08-10,184.23,399.539,237.203,949.927,268.57,6.34668e+06,151.921,167.328,57900
2014-08-17,210.055,455.536,270.463,1222.9,306.228,6.34629e+06,173.223,165.649,57900
2014-08-24,239.493,519.367,308.376,1534.13,349.15,6.34585e+06,197.503,205.806,57900
2014-08-31,273.048,592.122,351.591,1888.99,398.074,6.34534e+06,225.178,212.535,57900
2014-09-07,311.292,675.04,400.848,2293.57,453.839,6.34477e+06,256.722,267.802,57900
2014-09-14,354.877,769.533,456.988,2754.83,517.394,6.34411e+06,292.673,265.531,57900
2014-09-21,404.544,877.206,520.968,3280.67,589.821,6.34337e+06,333.643,317.251,57900
2014-09-28,461.136,999.883,593.873,3880.11,672.35,6.34251e+06,380.327,416.661,57900
2014-07-13,89.6326,195.618,120.818,127.005,131.077,6.34792e+06,82.8458,76.8611,57950
2014-07-20,103.1,224.227,133.976,263.598,149.752,6.34773e+06,94.6491,118.271,57950
2014-07-27,117.782,255.454,151.941,417.245,171.612,6.34751e+06,108.466,111.899,57950
2014-08-03,134.222,290.929,172.982,591.946,195.741,6.34726e+06,123.716,111.277,57950
2014-08-10,152.883,331.343,197.022,790.898,222.992,6.34698e+06,140.94,140.121,57950
2014-08-17,174.125,377.372,224.402,1017.5,253.982,6.34666e+06,160.527,126.411,57950
2014-08-24,198.312,429.785,255.58,1275.59,289.266,6.34629e+06,182.828,230.797,57950
2014-08-31,225.853,489.464,291.081,1569.53,329.443,6.34587e+06,208.221,217.703,57950
2014-09-07,257.211,557.411,331.503,1904.3,375.189,6.3454e+06,237.135,285.627,57950
2014-09-14,292.912,634.765,377.527,2285.55,427.273,6.34486e+06,270.054,281.347,57950
2014-09-21,333.554,722.822,429.924,2719.72,486.569,6.34424e+06,307.531,323.047,57950
2014-09-28,379.818,823.053,489.573,3214.14,554.069,6.34354e+06,350.194,470.978,57950
2014-07-13,79.0155,172.726,106.362,111.754,115.411,6.34798e+06,80.7794,90.4445,58000
2014-07-20,91.1305,198.496,118.19,232.122,132.196,6.34781e+06,92.5277,95.791,58000
2014-07-27,104.371,226.701,134.364,367.832,151.885,6.34762e+06,106.308,84.2728,58000
2014-08-03,119.235,258.826,153.351,522.519,173.674,6.3474e+06,121.559,130.052,58000
2014-08-10,136.151,295.515,175.098,699.118,198.345,6.34714e+06,138.828,100.271,58000
2014-08-17,155.455,337.407,199.929,900.76,226.473,6.34686e+06,158.515,140.519,58000
2014-08-24,177.49,385.229,228.274,1130.99,258.579,6.34653e+06,180.987,207.803,58000
2014-08-31,202.645,439.819,260.631,1393.87,295.229,6.34615e+06,206.64,175.361,58000
2014-09-07,231.358,502.128,297.567,1694,337.066,6.34572e+06,235.922,248.545,58000
2014-09-14,264.131,573.244,339.727,2036.65,384.818,6.34524e+06,269.346,294.859,58000
2014-09-21,301.534,654.406,387.848,2427.85,439.321,6.34468e+06,307.494,350.399,58000
2014-09-28,344.22,747.025,442.768,2874.46,501.523,6.34404e+06,351.03,270.793,58000
2014-07-13,67.5809,148.538,90.5522,94.9824,98.305,6.34805e+06,74.2985,83.1851,58050
2014-07-20,78.648,172.185,101.327,197.802,113.595,6.3479e+06,85.8544,88.8239,58050
2014-07-27,90.846,198.31,116.148,314.638,131.656,6.34773e+06,99.5051,70.748,58050
2014-08-03,104.661,228.321,133.678,448.928,151.821,6.34753e+06,114.745,114.686,58050
2014-08-10,120.518,262.887,153.924,603.534,174.852,6.34731e+06,132.152,169.596,58050
2014-08-17,138.767,302.688,177.235,781.556,201.334,6.34705e+06,152.167,100.328,58050
2014-08-24,159.776,348.508,204.072,986.537,231.816,6.34675e+06,175.206,250.936,58050
2014-08-31,183.96,401.256,234.966,1222.55,266.909,6.34641e+06,201.729,203.217,58050
2014-09-07,211.801,461.973,270.531,1494.29,307.306,6.34601e+06,232.261,227.295,58050
2014-09-14,243.846,531.86,311.47,1807.16,353.808,6.34556e+06,267.406,248.565,58050
2014-09-21,280.731,612.297,358.594,2167.37,407.333,6.34503e+06,307.86,177.946,58050
2014-09-28,323.182,704.867,412.832,2582.07,468.937,6.34443e+06,354.42,166.58,58050
2014-07-13,100.659,216.101,137.546,145.303,149.005,6.34785e+06,98.1312,125.7,58100
2014-07-20,112.707,241.353,149.413,299.288,165.852,6.34765e+06,109.226,121.149,58100
2014-07-27,125.515,268.157,165.341,468.527,185.167,6.34742e+06,121.946,129.888,58100
2014-08-03,139.485,297.835,183.579,656.223,205.935,6.34717e+06,135.624,152.808,58100
2014-08-10,154.942,330.807,203.912,864.68,228.79,6.3469e+06,150.676,178.847,58100
2014-08-17,172.098,367.429,226.497,1096.23,254.131,6.34659e+06,167.365,169.46,58100
2014-08-24,191.149,408.098,251.576,1353.41,282.267,6.34625e+06,185.894,138.616,58100
2014-08-31,212.304,453.256,279.424,1639.08,313.51,6.34587e+06,206.47,214.982,58100
2014-09-07,235.793,503.396,310.347,1956.35,348.201,6.34544e+06,229.317,171.465,58100
2014-09-14,261.874,559.063,344.682,2308.74,386.721,6.34498e+06,254.685,254.171,58100
2014-09-21,290.829,620.865,382.804,2700.11,429.488,6.34446e+06,282.85,223.945,58100
2014-09-28,322.973,689.469,425.127,3134.75,476.966,6.34388e+06,314.118,339.082,58100
2014-07-13,143.783,312.405,194.532,204.77,210.965,6.34759e+06,85.996,79.1954,58150
2014-07-20,164.181,355.575,214.506,424.111,239.315,6.34729e+06,97.5521,149.644,58150
2014-07-27,186.263,402.335,241.647,669.28,272.31,6.34695e+06,111.002,93.9241,58150
2014-08-03,210.812,455.082,273.237,946.157,308.467,6.34656e+06,125.741,136.928,58150
2014-08-10,238.481,514.756,309.087,1259.32,349.013,6.34613e+06,142.269,124.554,58150
2014-08-17,269.757,582.248,349.636,1613.57,394.799,6.34563e+06,160.932,168.896,58150
2014-08-24,305.123,658.567,395.487,2014.28,446.566,6.34508e+06,182.034,235.213,58150
2014-08-31,345.111,744.856,447.334,2467.54,505.101,6.34445e+06,205.895,201.58,58150
2014-09-07,390.321,842.407,505.954,2980.2,571.284,6.34373e+06,232.873,284.302,58150
2014-09-14,441.43,952.68,572.229,3560.03,646.105,6.34292e+06,263.373,274.485,58150
2014-09-21,499.2,1077.32,647.149,4215.8,730.684,6.34201e+06,297.85,261.111,58150
2014-09-28,564.492,1218.17,731.832,4957.39,826.281,6.34098e+06,336.818,337.673,58150
2014-07-13,95.8623,206.355,130.703,137.965,141.626,6.34788e+06,82.5315,72.4489,58200
2014-07-20,107.806,231.443,142.452,284.52,158.304,6.34768e+06,92.2507,111.031,58200
2014-07-27,120.555,258.194,158.265,446.198,177.491,6.34747e+06,103.432,98.9869,58200
2014-08-03,134.52,287.939,176.438,626.233,198.208,6.34722e+06,115.505,95.7178,58200
2014-08-10,150.036,321.118,196.779,826.996,221.104,6.34696e+06,128.847,116.196,58200
2014-08-17,167.329,358.122,219.464,1050.91,246.595,6.34665e+06,143.702,190.983,58200
2014-08-24,186.61,399.382,244.758,1300.63,275.013,6.34632e+06,160.262,92.7113,58200
2014-08-31,208.107,445.385,272.961,1579.12,306.699,6.34594e+06,178.727,222.922,58200
2014-09-07,232.075,496.671,304.405,1889.7,342.026,6.34553e+06,199.314,260.391,58200
2014-09-14,258.795,553.845,339.461,2236.06,381.412,6.34506e+06,222.265,284.91,58200
2014-09-21,288.582,617.578,378.543,2622.3,425.319,6.34454e+06,247.852,189.584,58200
2014-09-28,321.785,688.616,422.109,3052.99,474.262,6.34396e+06,276.374,404.237,58200
2014-07-13,93.9245,206.844,125.641,131.708,136.423,6.34789e+06,74.0338,92.7367,58250
2014-07-20,109.66,240.519,140.946,274.543,158.141,6.34768e+06,85.8195,15.2108,58250
2014-07-27,127.056,277.847,162.042,437.307,183.859,6.34745e+06,99.7764,104.2,58250
2014-08-03,146.82,320.858,187.062,624.949,212.662,6.34717e+06,115.407,156.301,58250
2014-08-10,169.573,370.543,216.042,841.631,245.661,6.34685e+06,133.315,119.942,58250
2014-08-17,195.835,427.921,249.509,1091.88,283.717,6.34648e+06,153.967,170.408,58250
2014-08-24,226.158,494.171,288.15,1380.89,327.652,6.34606e+06,177.81,187.506,58250
2014-08-31,261.167,570.658,332.765,1714.65,378.379,6.34557e+06,205.338,210.191,58250
2014-09-07,301.585,658.956,384.275,2100.09,436.944,6.34501e+06,237.12,306.686,58250
2014-09-14,348.243,760.881,443.741,2545.18,504.554,6.34435e+06,273.811,301.116,58250
2014-09-21,402.098,878.521,512.385,3059.13,582.597,6.3436e+06,316.163,497.152,58250
2014-09-28,464.254,1014.29,591.617,3652.57,672.675,6.34273e+06,365.046,456.641,58250
2014-07-13,196.015,429.626,263.263,276.381,285.729,6.34728e+06,79.1457,75.1805,58300
2014-07-20,227.062,495.804,293.534,574.797,328.687,6.34686e+06,91.0447,91.5306,58300
2014-07-27,261.126,568.551,335.043,912.529,379.241,6.34637e+06,105.048,75.8207,58300
2014-08-03,299.525,651.736,383.941,1299.05,435.417,6.34582e+06,120.609,128.982,58300
2014-08-10,343.395,747.102,440.161,1742.11,499.279,6.34518e+06,138.298,141.212,58300
2014-08-17,393.646,856.399,504.599,2250.04,572.367,6.34445e+06,158.543,191.278,58300
2014-08-24,451.225,981.63,578.435,2832.31,656.107,6.34361e+06,181.739,180.15,58300
2014-08-31,517.193,1125.1,663.035,3499.76,752.051,6.34264e+06,208.315,194.589,58300
2014-09-07,592.761,1289.43,759.958,4264.8,861.967,6.34154e+06,238.761,274.331,58300
2014-09-14,679.313,1477.62,870.982,5141.65,987.87,6.34028e+06,273.635,256.091,58300
2014-09-21,778.427,1693.11,998.138,6146.55,1132.06,6.33883e+06,313.575,326.86,58300
2014-09-28,891.903,1939.79,1143.74,7298.1,1297.16,6.33718e+06,359.307,312.068,58300
2014-07-13,166.234,358.655,226.224,238.63,245.178,6.34746e+06,94.2978,78.7311,58350
2014-07-20,187.643,403.707,247.26,492.635,275.041,6.34712e+06,105.783,122.543,58350
2014-07-27,210.572,451.925,275.639,773.746,309.49,6.34674e+06,119.033,98.5176,58350
2014-08-03,235.777,505.72,308.351,1087.85,346.818,6.34631e+06,133.389,98.5066,58350
2014-08-10,263.876,565.928,345.085,1439.33,388.214,6.34584e+06,149.311,142.301,58350
2014-08-17,295.296,633.294,386.19,1832.68,434.455,6.3453e+06,167.095,215.715,58350
2014-08-24,330.442,708.653,432.171,2272.87,486.174,6.34471e+06,186.987,204.851,58350
2014-08-31,369.756,792.942,483.606,2765.47,544.028,6.34404e+06,209.238,176.058,58350
2014-09-07,413.727,887.209,541.137,3316.67,608.738,6.34329e+06,234.126,148.8,58350
2014-09-14,462.901,992.624,605.482,3933.44,681.109,6.34246e+06,261.961,266.515,58350
2014-09-21,517.887,1110.49,677.439,4623.52,762.039,6.34152e+06,293.087,335.123,58350
2014-09-28,579.364,1242.26,757.9,5395.59,852.529,6.34047e+06,327.891,348.389,58350
2014-07-13,127.648,275.191,173.826,183.402,188.377,6.34769e+06,88.5997,106.769,58400
2014-07-20,143.905,309.379,189.805,378.484,211.061,6.34743e+06,99.2686,103.983,58400
2014-07-27,161.296,345.923,211.345,594.148,237.204,6.34714e+06,111.564,95.7386,58400
2014-08-03,180.39,386.649,236.149,834.843,265.499,6.34681e+06,124.872,134.559,58400
2014-08-10,201.653,432.179,263.972,1103.86,296.841,6.34645e+06,139.614,144.875,58400
2014-08-17,225.403,483.068,295.071,1404.58,331.813,6.34604e+06,156.062,245.81,58400
2014-08-24,251.942,539.934,329.822,1740.71,370.886,6.34559e+06,174.439,136.566,58400
2014-08-31,281.596,603.472,368.654,2116.43,414.547,6.34508e+06,194.974,250.491,58400
2014-09-07,314.728,674.461,412.042,2536.37,463.332,6.34451e+06,217.919,144.959,58400
2014-09-14,351.745,753.766,460.52,3005.73,517.836,6.34388e+06,243.554,224.772,58400
2014-09-21,393.096,842.354,514.678,3530.3,578.727,6.34317e+06,272.193,285.633,58400
2014-09-28,439.285,941.3,575.179,4116.54,646.745,6.34238e+06,304.184,262.135,58400
2014-07-13,94.3699,203.43,128.518,135.601,139.276,6.34789e+06,95.0817,85.7768,58450
2014-07-20,106.373,228.674,140.317,279.828,156.025,6.34769e+06,106.517,121.977,58450
2014-07-27,119.214,255.654,156.222,439.252,175.329,6.34748e+06,119.695,104.112,58450
2014-08-03,133.311,285.72,174.535,617.157,196.219,6.34724e+06,133.956,140.756,58450
2014-08-10,149.008,319.331,195.076,815.974,219.358,6.34697e+06,149.753,163.083,58450
2014-08-17,166.541,356.897,218.035,1038.19,245.175,6.34667e+06,167.378,152.639,58450
2014-08-24,186.131,398.874,243.689,1286.56,274.018,6.34633e+06,187.069,149.481,58450
2014-08-31,208.021,445.777,272.353,1564.14,306.248,6.34596e+06,209.072,189.128,58450
2014-09-07,232.479,498.18,304.382,1874.37,342.26,6.34554e+06,233.657,256.172,58450
2014-09-14,259.805,556.725,340.168,2221.08,382.495,6.34507e+06,261.125,258.326,58450
2014-09-21,290.332,622.127,380.149,2608.54,427.446,6.34455e+06,291.812,294.251,58450
2014-09-28,324.434,695.183,424.814,3041.54,477.662,6.34396e+06,326.094,311.203,58450
2014-07-13,110.383,240.595,148.948,156.636,161.576,6.34779e+06,81.7547,85.9214,58500
2014-07-20,126.7,275.221,164.901,324.901,184.218,6.34756e+06,93.211,80.962,58500
2014-07-27,144.453,312.93,186.651,513.828,210.678,6.34729e+06,106.599,105.604,58500
2014-08-03,164.29,355.683,212.079,728.222,239.822,6.34699e+06,121.346,99.1661,58500
2014-08-10,186.761,404.289,241.076,971.895,272.669,6.34665e+06,137.966,167,58500
2014-08-17,212.287,459.536,274.034,1248.88,309.948,6.34626e+06,156.828,111.083,58500
2014-08-24,241.294,522.318,311.488,1563.74,352.305,6.34581e+06,178.26,100.25,58500
2014-08-31,274.256,593.656,354.048,1921.61,400.438,6.34531e+06,202.614,249.763,58500
2014-09-07,311.709,674.71,402.41,2328.38,455.131,6.34473e+06,230.288,236.715,58500
2014-09-14,354.261,766.795,457.359,2790.7,517.273,6.34408e+06,261.731,338.577,58500
2014-09-21,402.601,871.4,519.789,3316.15,587.872,6.34334e+06,297.453,314.483,58500
2014-09-28,457.512,990.216,590.71,3913.3,668.071,6.3425e+06,338.032,374.207,58500
2014-07-13,96.6874,212.12,129.755,136.18,140.84,6.34788e+06,82.9285,70.8242,58550
2014-07-20,112.178,245.168,144.85,283.346,162.262,6.34766e+06,95.5421,87.2994,58550
2014-07-27,129.202,281.561,165.573,450.13,187.506,6.34742e+06,110.406,111.315,58550
2014-08-03,148.425,323.246,190.021,641.287,215.605,6.34715e+06,126.951,115.276,58550
2014-08-10,170.424,371.117,218.175,860.735,247.602,6.34683e+06,145.792,146.222,58550
2014-08-17,195.666,426.076,250.498,1112.7,284.286,6.34647e+06,167.392,165.058,58550
2014-08-24,224.641,489.163,287.6,1401.98,326.388,6.34605e+06,192.182,205.508,58550
2014-08-31,257.899,561.571,330.187,1734.11,374.715,6.34557e+06,220.638,250.02,58550
2014-09-07,296.069,644.67,379.067,2115.41,430.182,6.34501e+06,253.298,240.755,58550
2014-09-14,339.874,740.033,435.167,2553.15,493.841,6.34438e+06,290.781,300.681,58550
2014-09-21,390.141,849.458,499.548,3055.67,566.893,6.34366e+06,333.795,225.948,58550
2014-09-28,447.817,975.003,573.424,3632.51,650.718,6.34282e+06,383.153,355.532,58550
2014-07-13,108.254,234.68,146.738,154.565,159.101,6.34781e+06,85.8146,74.5848,58600
2014-07-20,123.156,266.162,161.346,319.793,179.836,6.34758e+06,96.9985,104.027,58600
2014-07-27,139.234,300.134,181.15,503.889,203.901,6.34733e+06,109.979,94.5821,58600
2014-08-03,157.045,338.324,204.132,711.087,230.18,6.34704e+06,124.153,136.967,58600
2014-08-10,177.052,381.385,230.126,944.639,259.545,6.34672e+06,139.992,156.807,58600
2014-08-17,199.59,429.925,259.428,1207.93,292.594,6.34635e+06,157.817,104.286,58600
2014-08-24,224.991,484.631,292.452,1504.74,329.836,6.34594e+06,177.905,202.067,58600
2014-08-31,253.617,546.281,329.67,1839.33,371.807,6.34548e+06,200.543,205.876,58600
2014-09-07,285.875,615.751,371.612,2216.5,419.106,6.34496e+06,226.054,221.17,58600
2014-09-14,322.224,694.025,418.875,2641.64,472.404,6.34437e+06,254.802,241.326,58600
2014-09-21,363.178,782.213,472.13,3120.84,532.457,6.34371e+06,287.193,314.097,58600
2014-09-28,409.317,881.559,532.132,3660.95,600.117,6.34297e+06,323.687,300.274,58600
2014-07-13,90.4978,198.681,121.376,127.359,131.754,6.34791e+06,84.5907,121.951,58650
2014-07-20,105.119,229.893,135.619,265.082,151.966,6.34771e+06,97.5679,118.562,58650
2014-07-27,121.206,264.306,155.187,421.321,175.807,6.34749e+06,112.874,93.5929,58650
2014-08-03,139.391,303.767,178.295,600.587,202.374,6.34723e+06,129.932,98.4833,58650
2014-08-10,160.225,349.134,204.935,806.608,232.661,6.34693e+06,149.377,166.245,58650
2014-08-17,184.158,401.276,235.553,1043.41,267.423,6.34659e+06,171.695,245.518,58650
2014-08-24,211.66,461.195,270.738,1315.59,307.364,6.34619e+06,197.339,241.249,58650
2014-08-31,243.262,530.043,311.168,1628.42,353.26,6.34574e+06,226.806,221.106,58650
2014-09-07,279.573,609.147,357.624,1987.96,405.996,6.34522e+06,260.665,152.248,58650
2014-09-14,321.29,700.025,411.002,2401.17,466.588,6.34462e+06,299.567,309.209,58650
2014-09-21,369.216,804.421,472.326,2876.05,536.199,6.34393e+06,344.26,446.57,58650
2014-09-28,424.267,924.332,542.775,3421.76,616.165,6.34314e+06,395.601,643.974,58650
2014-07-13,99.7438,217.966,134.301,141.123,145.722,6.34786e+06,84.4234,75.3995,58700
2014-07-20,114.975,250.354,149.173,293.08,166.828,6.34764e+06,96.6509,98.6971,58700
2014-07-27,131.611,285.783,169.504,464.323,191.574,6.3474e+06,110.987,119.394,58700
2014-08-03,150.278,326.112,193.358,659.414,218.945,6.34712e+06,126.844,157.911,58700
2014-08-10,171.51,372.146,220.665,882.026,249.919,6.3468e+06,144.789,167.183,58700
2014-08-17,195.724,424.677,251.827,1136.08,285.212,6.34644e+06,165.236,105.837,58700
2014-08-24,223.35,484.612,287.38,1426,325.475,6.34603e+06,188.562,123.906,58700
2014-08-31,254.868,552.987,327.942,1756.85,371.409,6.34556e+06,215.174,206.82,58700
2014-09-07,290.823,630.984,374.216,2134.38,423.813,6.34502e+06,245.533,192.541,58700
2014-09-14,331.837,719.951,427.005,2565.19,483.592,6.34441e+06,280.166,365.007,58700
2014-09-21,378.617,821.42,487.219,3056.75,551.778,6.34371e+06,319.669,316.175,58700
2014-09-28,431.968,937.136,555.898,3617.62,629.547,6.34291e+06,364.724,349.89,58700
2014-07-13,74.5415,164.499,99.5367,104.275,108.099,6.34801e+06,73.4502,74.3202,58750
2014-07-20,87.3303,191.916,111.963,217.58,125.73,6.34784e+06,85.4301,82.9002,58750
2014-07-27,101.515,222.415,129.128,347.081,146.667,6.34765e+06,99.6556,78.6453,58750
2014-08-03,117.685,257.675,149.546,496.856,170.193,6.34743e+06,115.641,128.946,58750
2014-08-10,136.362,298.538,173.272,670.368,197.237,6.34717e+06,134.017,125.064,58750
2014-08-17,157.991,345.884,200.761,871.408,228.529,6.34687e+06,155.278,106.426,58750
2014-08-24,183.045,400.73,232.603,1104.34,264.773,6.34653e+06,179.905,138.464,58750
2014-08-31,212.068,464.259,269.489,1374.21,306.757,6.34613e+06,208.433,207.331,58750
2014-09-07,245.684,537.842,312.216,1686.87,355.389,6.34567e+06,241.477,251.961,58750
2014-09-14,284.619,623.063,361.705,2049.1,411.717,6.34513e+06,279.75,243.757,58750
2014-09-21,329.711,721.754,419.023,2468.74,476.955,6.34451e+06,324.077,378.132,58750
2014-09-28,381.927,836.033,485.402,2954.86,552.504,6.34379e+06,375.41,294.001,58750
2014-07-13,114.391,249.675,154.18,162.07,167.273,6.34777e+06,85.8137,61.3718,58800
2014-07-20,131.598,286.228,170.99,336.39,191.131,6.34752e+06,98.0536,125.885,58800
2014-07-27,150.358,326.13,193.943,532.499,219.062,6.34725e+06,112.382,106.731,58800
2014-08-03,171.366,371.464,220.828,755.508,249.894,6.34693e+06,128.2,108.233,58800
2014-08-10,195.214,423.114,251.548,1009.51,284.718,6.34657e+06,146.065,197.642,58800
2014-08-17,222.361,481.943,286.54,1298.84,324.323,6.34616e+06,166.383,157.835,58800
2014-08-24,253.276,548.936,326.386,1628.41,369.419,6.34569e+06,189.518,161.357,58800
2014-08-31,288.478,625.218,371.761,2003.81,420.771,6.34516e+06,215.863,215.259,58800
2014-09-07,328.559,712.068,423.428,2431.38,479.244,6.34455e+06,245.86,206.969,58800
2014-09-14,374.193,810.943,482.255,2918.38,545.818,6.34386e+06,280.014,241.117,58800
2014-09-21,426.142,923.495,549.23,3473.01,621.61,6.34308e+06,318.897,264.984,58800
2014-09-28,485.273,1051.6,625.471,4104.66,707.886,6.34218e+06,363.158,255.368,58800
2014-07-13,119.54,260.074,161.553,169.987,175.221,6.34774e+06,93.9771,102.693,58850
2014-07-20,136.795,296.635,178.439,352.289,199.187,6.34749e+06,106.831,126.106,58850
2014-07-27,155.515,336.326,201.416,556.441,227.129,6.3472e+06,121.817,80.3751,58850
2014-08-03,176.37,381.194,228.21,787.461,257.814,6.34688e+06,138.274,107.618,58850
2014-08-10,199.926,432.061,258.678,1049.29,292.296,6.34651e+06,156.768,177.429,58850
2014-08-17,226.609,489.712,293.211,1346.07,331.317,6.34609e+06,177.697,200.671,58850
2014-08-24,256.844,555.041,332.342,1682.47,375.529,6.34562e+06,201.409,194.784,58850
2014-08-31,291.103,629.06,376.683,2063.76,425.626,6.34509e+06,228.277,215.644,58850
2014-09-07,329.918,712.919,426.923,2495.9,482.388,6.34448e+06,258.721,201.604,58850
2014-09-14,373.891,807.918,483.844,2985.68,546.696,6.3438e+06,293.211,289.447,58850
2014-09-21,423.703,915.525,548.327,3540.74,619.547,6.34302e+06,332.284,343.294,58850
2014-09-28,480.124,1037.4,621.372,4169.76,702.067,6.34214e+06,376.542,417.899,58850
2014-07-13,109.657,239.447,147.743,155.283,160.296,6.3478e+06,86.619,81.3352,58900
2014-07-20,126.244,274.697,163.945,322.371,183.29,6.34756e+06,99.0442,97.5612,58900
2014-07-27,144.34,313.205,186.076,510.463,210.223,6.3473e+06,113.598,107.464,58900
2014-08-03,164.62,356.987,212.015,724.5,239.976,6.34699e+06,129.676,147.978,58900
2014-08-10,187.658,406.902,241.675,968.447,273.606,6.34665e+06,147.848,164.058,58900
2014-08-17,213.901,463.795,275.481,1246.52,311.879,6.34625e+06,168.53,148.531,58900
2014-08-24,243.807,528.629,314.005,1563.48,355.489,6.3458e+06,192.095,133.575,58900
2014-08-31,277.884,602.504,357.905,1924.77,405.183,6.34529e+06,218.948,215.551,58900
2014-09-07,316.712,686.673,407.927,2336.55,461.807,6.3447e+06,249.546,295.609,58900
2014-09-14,360.949,782.563,464.921,2805.88,526.322,6.34404e+06,284.409,299.785,58900
2014-09-21,411.344,891.795,529.854,3340.77,599.822,6.34328e+06,324.126,395.016,58900
2014-09-28,468.749,1016.21,603.825,3950.35,683.549,6.34241e+06,369.369,406.656,58900
2014-07-13,111.374,240.37,151.527,159.822,164.228,6.34779e+06,96.5193,119.545,58950
2014-07-20,125.783,270.701,165.683,329.989,184.323,6.34756e+06,108.329,73.2303,58950
2014-07-27,141.225,303.184,184.787,518.4,207.515,6.3473e+06,121.96,157.598,58950
2014-08-03,158.208,339.446,206.819,729.027,232.66,6.34702e+06,136.738,148.692,58950
2014-08-10,177.154,380.056,231.575,964.835,260.563,6.3467e+06,153.137,149.973,58950
2014-08-17,198.352,425.523,259.292,1228.87,291.75,6.34634e+06,171.467,273.132,58950
2014-08-24,222.08,476.419,290.318,1524.5,326.656,6.34594e+06,191.981,163.263,58950
2014-08-31,248.639,533.385,325.046,1855.5,365.727,6.34549e+06,214.944,86.0539,58950
2014-09-07,278.365,597.142,363.917,2226.08,409.458,6.34498e+06,240.645,194.517,58950
2014-09-14,311.633,668.492,407.422,2640.98,458.402,6.34442e+06,269.411,319.821,58950
2014-09-21,348.863,748.335,456.111,3105.47,513.177,6.34379e+06,301.603,280.106,58950
2014-09-28,390.522,837.671,510.597,3625.45,574.471,6.34309e+06,337.626,255.764,58950
2014-07-13,102.524,224.425,137.846,144.772,149.592,6.34784e+06,75.6253,50.6048,59000
2014-07-20,118.513,258.473,153.445,300.902,171.729,6.34762e+06,86.8164,113.059,59000
2014-07-27,136.024,295.826,174.808,477.28,197.741,6.34737e+06,99.9666,75.997,59000
2014-08-03,155.726,338.46,199.933,678.745,226.59,6.34708e+06,114.551,130.672,59000
2014-08-10,178.194,387.252,228.768,909.235,259.326,6.34675e+06,131.101,160.424,59000
2014-08-17,203.887,443.077,261.761,1172.97,296.726,6.34637e+06,150.008,150.613,59000
2014-08-24,233.276,506.936,299.502,1474.73,339.504,6.34594e+06,171.634,151.185,59000
2014-08-31,266.894,579.979,342.672,1820,388.436,6.34544e+06,196.371,280.013,59000
2014-09-07,305.344,663.519,392.052,2215.02,444.405,6.34487e+06,224.666,205.666,59000
2014-09-14,349.319,759.056,448.53,2666.96,508.418,6.34423e+06,257.028,243.196,59000
2014-09-21,399.607,868.302,513.12,3184,581.625,6.34348e+06,294.037,319.721,59000
2014-09-28,457.109,993.211,586.982,3775.47,665.336,6.34264e+06,336.357,376.447,59000
2014-07-13,84.4699,186.935,112.523,117.776,122.235,6.34795e+06,79.2519,68.5773,59050
2014-07-20,99.426,219.073,127.034,246.089,142.824,6.34776e+06,92.6007,93.7241,59050
2014-07-27,116.087,254.996,147.14,393.344,167.361,6.34754e+06,108.51,109.881,59050
2014-08-03,135.167,296.711,171.152,564.393,195.061,6.34728e+06,126.469,174.04,59050
2014-08-10,157.303,345.266,199.172,763.418,227.044,6.34698e+06,147.206,208.113,59050
2014-08-17,183.049,401.767,231.778,995.025,264.213,6.34664e+06,171.304,163.246,59050
2014-08-24,213.002,467.503,269.712,1264.54,307.452,6.34624e+06,199.338,194.6,59050
2014-08-31,247.849,543.976,313.845,1578.17,357.756,6.34577e+06,231.954,202.032,59050
2014-09-07,288.387,632.933,365.187,1943.1,416.278,6.34522e+06,269.897,331.863,59050
2014-09-14,335.54,736.402,424.912,2367.73,484.353,6.34459e+06,314.033,285.253,59050
2014-09-21,390.384,856.739,494.383,2861.79,563.534,6.34385e+06,365.371,495.219,59050
2014-09-28,454.165,996.678,575.182,3436.62,655.624,6.34299e+06,425.078,475.789,59050
2014-07-13,97.2875,210.879,131.887,138.928,142.997,6.34787e+06,91.6071,102.083,59100
2014-07-20,110.656,239.12,144.993,287.422,161.6,6.34767e+06,103.524,77.5801,59100
2014-07-27,125.078,269.588,162.759,452.844,183.188,6.34744e+06,117.354,120.453,59100
2014-08-03,141.051,303.832,183.372,638.988,206.757,6.34718e+06,132.453,118.127,59100
2014-08-10,158.989,342.438,206.682,848.766,233.089,6.34689e+06,149.322,195.309,59100
2014-08-17,179.195,385.949,232.955,1085.21,262.719,6.34657e+06,168.303,164.116,59100
2014-08-24,201.962,434.979,262.56,1351.71,296.103,6.3462e+06,189.69,216.722,59100
2014-08-31,227.617,490.224,295.918,1652.07,333.72,6.34578e+06,213.788,276.021,59100
2014-09-07,256.522,552.467,333.505,1990.59,376.105,6.34532e+06,240.941,245.353,59100
2014-09-14,289.087,622.589,375.855,2372.1,423.859,6.34479e+06,271.533,307.26,59100
2014-09-21,325.774,701.582,423.567,2802.05,477.659,6.3442e+06,305.998,248.259,59100
2014-09-28,367.1,790.559,477.316,3286.56,538.265,6.34353e+06,344.824,449.627,59100
2014-07-13,92.4607,200.062,125.528,132.299,136.081,6.3479e+06,84.793,82.4417,59150
2014-07-20,104.862,226.221,137.696,273.484,153.353,6.34771e+06,95.5551,96.8193,59150
2014-07-27,118.203,254.358,154.16,430.371,173.351,6.34749e+06,108.016,118.323,59150
2014-08-03,132.938,285.896,173.216,606.439,195.123,6.34725e+06,121.583,99.9716,59150
2014-08-10,149.441,321.355,194.709,804.327,219.381,6.34698e+06,136.698,129.491,59150
2014-08-17,167.98,361.213,218.869,1026.77,246.603,6.34668e+06,153.66,153.084,59150
2014-08-24,188.813,406.006,246.019,1276.81,277.191,6.34633e+06,172.719,202.996,59150
2014-08-31,212.225,456.341,276.531,1557.86,311.565,6.34595e+06,194.138,208.893,59150
2014-09-07,238.533,512.902,310.818,1873.77,350.192,6.34551e+06,218.207,242.491,59150
2014-09-14,268.094,576.452,349.345,2228.84,393.597,6.34503e+06,245.253,255.335,59150
2014-09-21,301.307,647.851,392.636,2627.91,442.366,6.34448e+06,275.641,326.328,59150
2014-09-28,338.621,728.061,441.274,3076.43,497.159,6.34387e+06,309.783,349.511,59150
2014-07-13,96.0541,209.398,129.595,136.278,140.585,6.34788e+06,81.1244,85.0376,59200
2014-07-20,110.283,239.596,143.505,282.695,160.327,6.34767e+06,92.5165,53.2512,59200
2014-07-27,125.768,272.494,162.474,447.13,183.403,6.34744e+06,105.833,112.59,59200
2014-08-03,143.076,309.802,184.655,633.777,208.828,6.34718e+06,120.504,131.704,59200
2014-08-10,162.687,352.23,209.956,845.969,237.492,6.34688e+06,137.044,153.392,59200
2014-08-17,184.971,400.469,238.722,1087.23,270.031,6.34654e+06,155.821,162.962,59200
2014-08-24,210.302,455.304,271.42,1361.55,307.014,6.34615e+06,177.162,179.737,59200
2014-08-31,239.095,517.631,308.588,1673.43,349.053,6.34571e+06,201.421,221.956,59200
2014-09-07,271.821,588.468,350.836,2028.02,396.836,6.34521e+06,228.994,236.774,59200
2014-09-14,309.014,668.973,398.853,2431.15,451.144,6.34464e+06,260.332,326.96,59200
2014-09-21,351.282,760.455,453.424,2889.44,512.864,6.344e+06,295.947,308.009,59200
2014-09-28,399.311,864.402,515.439,3410.43,582.999,6.34326e+06,336.419,407.891,59200
2014-07-13,100.929,221.066,135.634,142.422,147.199,6.34785e+06,79.3667,83.7665,59250
2014-07-20,116.784,254.846,151.097,296.102,169.144,6.34763e+06,91.199,73.9822,59250
2014-07-27,134.165,291.942,172.289,469.861,194.95,6.34738e+06,105.113,113.34,59250
2014-08-03,153.739,334.324,197.232,668.517,223.599,6.3471e+06,120.56,142.018,59250
2014-08-10,176.083,382.871,225.886,896.001,256.139,6.34677e+06,138.105,139.15,59250
2014-08-17,201.656,438.468,258.701,1156.53,293.348,6.34639e+06,158.168,146.808,59250
2014-08-24,230.937,502.125,296.273,1454.91,335.948,6.34597e+06,181.136,195.116,59250
2014-08-31,264.46,575.004,339.29,1796.61,384.721,6.34547e+06,207.434,165.967,59250
2014-09-07,302.839,658.433,388.54,2187.93,440.56,6.34491e+06,237.541,262.52,59250
2014-09-14,346.772,753.932,444.921,2636.03,504.484,6.34427e+06,272.007,241.432,59250
2014-09-21,397.059,863.235,509.461,3149.14,577.656,6.34353e+06,311.46,427.456,59250
2014-09-28,454.612,988.325,583.333,3736.68,661.405,6.34269e+06,356.616,432.264,59250
2014-07-13,84.5652,183.256,114.664,120.794,124.321,6.34795e+06,78.8434,74.3338,59300
2014-07-20,96.1463,207.716,126.019,249.877,140.438,6.34777e+06,89.0649,87.2964,59300
2014-07-27,108.635,234.094,141.407,393.624,159.135,6.34757e+06,100.923,81.0228,59300
2014-08-03,122.461,263.731,159.255,555.318,179.541,6.34735e+06,113.864,139.78,59300
2014-08-10,137.984,297.13,179.432,737.472,202.331,6.3471e+06,128.317,96.3792,59300
2014-08-17,155.462,334.76,202.166,942.705,227.966,6.34681e+06,144.575,144.156,59300
2014-08-24,175.15,377.149,227.773,1173.94,256.839,6.3465e+06,162.886,99.7199,59300
2014-08-31,197.326,424.895,256.617,1434.45,289.362,6.34614e+06,183.511,155.191,59300
2014-09-07,222.305,478.672,289.107,1727.96,325.994,6.34573e+06,206.744,302.496,59300
2014-09-14,250.437,539.237,325.701,2058.62,367.255,6.34528e+06,232.911,228.015,59300
2014-09-21,282.12,607.443,366.916,2431.13,413.723,6.34476e+06,262.381,347.812,59300
2014-09-28,317.799,684.248,413.332,2850.77,466.055,6.34418e+06,295.569,290.433,59300
2014-07-13,99.4763,213.266,136.085,143.817,147.404,6.34786e+06,99.6664,94.9726,59350
2014-07-20,111.131,237.667,147.572,296.043,163.712,6.34766e+06,110.693,121.157,59350
2014-07-27,123.495,263.508,162.969,463.024,182.379,6.34744e+06,123.314,148.274,59350
2014-08-03,136.952,292.058,180.567,647.831,202.405,6.34719e+06,136.855,158.013,59350
2014-08-10,151.809,323.709,200.145,852.649,224.396,6.34692e+06,151.724,154.919,59350
2014-08-17,168.265,358.791,221.846,1079.68,248.727,6.34662e+06,168.176,177.943,59350
2014-08-24,186.5,397.668,245.893,1331.31,275.685,6.34629e+06,186.403,186.397,59350
2014-08-31,206.706,440.746,272.54,1610.22,305.558,6.34592e+06,206.601,205.753,59350
2014-09-07,229.095,488.477,302.067,1919.36,338.658,6.34551e+06,228.982,251.957,59350
2014-09-14,253.901,541.359,334.783,2261.97,375.334,6.34506e+06,253.78,249.424,59350
2014-09-21,281.384,599.945,371.031,2641.69,415.968,6.34456e+06,281.255,206.752,59350
2014-09-28,311.831,664.845,411.19,3062.52,460.986,6.344e+06,311.693,352.166,59350
2014-07-13,102.456,223.123,138.353,145.533,150.071,6.34784e+06,83.6302,72.3982,59400
2014-07-20,117.433,254.883,153.002,301.746,170.862,6.34762e+06,95.2166,117.335,59400
2014-07-27,133.706,289.42,172.956,476.924,195.133,6.34738e+06,108.742,124.407,59400
2014-08-03,151.865,328.523,196.257,675.453,221.829,6.3471e+06,123.619,130.158,59400
2014-08-10,172.407,372.921,222.793,900.793,251.876,6.34678e+06,140.363,112.482,59400
2014-08-17,195.711,423.319,252.915,1156.6,285.931,6.34642e+06,159.341,141.416,59400
2014-08-24,222.158,480.516,287.101,1446.99,324.575,6.34601e+06,180.876,154.516,59400
2014-08-31,252.172,545.424,325.897,1776.63,368.431,6.34555e+06,205.316,209.733,59400
2014-09-07,286.23,619.076,369.923,2150.8,418.199,6.34502e+06,233.05,170.625,59400
2014-09-14,324.876,702.643,419.882,2575.51,474.672,6.34443e+06,264.521,244.091,59400
2014-09-21,368.723,797.452,476.569,3057.57,538.749,6.34375e+06,300.229,314.515,59400
2014-09-28,418.466,905.004,540.883,3604.71,611.445,6.34298e+06,340.74,465.577,59400
2014-07-13,82.9686,184.505,110.065,115.026,119.619,6.34796e+06,69.0294,100.463,59450
2014-07-20,98.4504,217.906,125.049,240.918,140.876,6.34777e+06,81.2966,66.8304,59450
2014-07-27,115.829,255.554,145.919,386.42,166.372,6.34755e+06,96.0099,95.7346,59450
2014-08-03,135.887,299.609,171.015,556.706,195.382,6.34729e+06,112.751,111.446,59450
2014-08-10,159.337,351.275,200.518,756.341,229.138,6.34698e+06,132.231,111.335,59450
2014-08-17,186.818,411.851,235.109,990.416,268.666,6.34663e+06,155.042,159.209,59450
2014-08-24,219.032,482.86,275.657,1264.87,314.998,6.34621e+06,181.779,133.362,59450
2014-08-31,256.793,566.093,323.189,1586.64,369.309,6.34572e+06,213.121,148.232,59450
2014-09-07,301.052,663.644,378.902,1963.9,432.969,6.34514e+06,249.857,283.29,59450
2014-09-14,352.923,777.967,444.203,2406.18,507.581,6.34447e+06,292.914,307.96,59450
2014-09-21,413.709,911.93,520.732,2924.67,595.02,6.34368e+06,343.374,410.361,59450
2014-09-28,484.934,1068.89,610.412,3532.47,697.482,6.34275e+06,402.502,373.702,59450
2014-07-13,65.3481,143.088,87.8413,92.2466,95.3287,6.34806e+06,75.4326,99.4728,59500
2014-07-20,75.5751,164.871,97.817,191.757,109.486,6.34792e+06,86.6349,85.8248,59500
2014-07-27,86.7811,188.783,111.484,304.217,126.128,6.34776e+06,99.8034,92.436,59500
2014-08-03,99.3958,216.089,127.564,432.731,144.594,6.34757e+06,114.416,97.6027,59500
2014-08-10,113.789,247.355,146.029,579.827,165.56,6.34736e+06,131.006,176.397,59500
2014-08-17,130.257,283.148,167.167,748.215,189.526,6.34712e+06,149.97,225.544,59500
2014-08-24,149.105,324.116,191.359,940.974,216.952,6.34684e+06,171.672,110.835,59500
2014-08-31,170.677,371.003,219.048,1161.63,248.342,6.34653e+06,196.511,210.309,59500
2014-09-07,195.365,424.661,250.738,1414.21,284.268,6.34617e+06,224.938,228.308,59500
2014-09-14,223.618,486.065,287.005,1703.32,325.382,6.34575e+06,257.471,270.967,59500
2014-09-21,255.948,556.328,328.508,2034.25,372.431,6.34527e+06,294.701,364.093,59500
2014-09-28,292.942,636.724,376.001,2413.02,426.269,6.34473e+06,337.303,235.624,59500
2014-07-13,157.958,336.034,217.458,230.33,235.384,6.34751e+06,103.764,175.875,59550
2014-07-20,174.26,369.951,233.585,472.486,258.284,6.3472e+06,113.858,138.757,59550
2014-07-27,191.352,405.398,255.032,735.282,284.243,6.34686e+06,125.302,147.007,59550
2014-08-03,209.726,444.09,279.289,1022.78,311.753,6.34649e+06,137.429,171.752,59550
2014-08-10,229.768,486.48,305.966,1337.7,341.595,6.34609e+06,150.584,257.689,59550
2014-08-17,251.704,532.911,335.187,1682.69,374.22,6.34565e+06,164.966,177.9,59550
2014-08-24,275.725,583.756,367.186,2060.64,409.939,6.34516e+06,180.712,219.691,59550
2014-08-31,302.027,639.429,402.226,2474.65,449.053,6.34463e+06,197.955,200.69,59550
2014-09-07,330.826,700.383,440.593,2928.16,491.881,6.34405e+06,216.834,236.526,59550
2014-09-14,362.356,767.114,482.602,3424.93,538.772,6.34341e+06,237.505,278.591,59550
2014-09-21,396.873,840.161,528.593,3969.04,590.107,6.34272e+06,260.135,362.826,59550
2014-09-28,434.655,920.115,578.939,4565,646.302,6.34195e+06,284.907,531.426,59550
2014-07-13,88.1992,191.57,119.363,125.658,129.442,6.34793e+06,84.1245,115.764,59600
2014-07-20,100.656,217.929,131.563,260.216,146.758,6.34774e+06,95.378,116.974,59600
2014-07-27,114.136,246.465,148.136,410.548,166.904,6.34753e+06,108.471,113.045,59600
2014-08-03,129.116,278.643,167.418,580.237,188.972,6.34729e+06,122.813,127.546,59600
2014-08-10,145.992,315.032,189.291,772.07,213.707,6.34703e+06,138.888,114.555,59600
2014-08-17,165.062,356.174,214.022,988.967,241.628,6.34673e+06,157.034,175.772,59600
2014-08-24,186.617,402.681,241.977,1234.2,273.186,6.34638e+06,177.543,185.371,59600
2014-08-31,210.982,455.249,273.576,1511.46,308.857,6.346e+06,200.726,232.1,59600
2014-09-07,238.522,514.663,309.293,1824.92,349.177,6.34556e+06,226.93,191.871,59600
2014-09-14,269.647,581.811,349.663,2179.3,394.749,6.34507e+06,256.547,293.058,59600
2014-09-21,304.823,657.692,395.288,2579.92,446.252,6.34451e+06,290.019,327.508,59600
2014-09-28,344.572,743.437,446.85,3032.82,504.455,6.34388e+06,327.845,321.651,59600
2014-07-13,123.45,269.218,166.507,175.074,180.633,6.34772e+06,88.488,110.351,59650
2014-07-20,141.821,308.217,184.463,363.236,206.118,6.34745e+06,100.972,77.7319,59650
2014-07-27,161.823,350.726,208.958,574.66,235.918,6.34715e+06,115.571,125.377,59650
2014-08-03,184.192,398.959,237.614,814.773,268.77,6.34681e+06,131.664,141.527,59650
2014-08-10,209.551,453.837,270.316,1087.9,305.825,6.34643e+06,149.816,139.711,59650
2014-08-17,238.38,516.26,307.515,1398.61,347.91,6.34599e+06,170.433,133.833,59650
2014-08-24,271.166,587.252,349.82,1752.07,395.767,6.34549e+06,193.877,176.139,59650
2014-08-31,308.449,667.979,397.93,2154.15,450.19,6.34492e+06,220.537,219.682,59650
2014-09-07,350.843,759.767,452.639,2611.52,512.077,6.34428e+06,250.854,183.518,59650
2014-09-14,399.044,864.123,514.846,3131.75,582.444,6.34354e+06,285.325,327.502,59650
2014-09-21,453.842,982.752,585.573,3723.47,662.446,6.3427e+06,324.516,277.247,59650
2014-09-28,516.133,1117.59,665.977,4396.46,753.391,6.34175e+06,369.068,341.699,59650
2014-07-13,62.7017,139.71,83.0382,86.727,90.263,6.34808e+06,66.6105,59.4352,59700
2014-07-20,74.646,165.522,94.5868,181.824,106.646,6.34793e+06,78.7004,101.074,59700
2014-07-27,88.0958,194.715,110.707,292.052,126.347,6.34776e+06,93.2391,116.67,59700
2014-08-03,103.67,228.984,130.145,421.449,148.836,6.34757e+06,109.835,112.792,59700
2014-08-10,121.934,269.299,153.067,573.614,175.088,6.34733e+06,129.208,156.546,59700
2014-08-17,143.406,316.714,180.026,752.581,205.925,6.34706e+06,151.964,187.632,59700
2014-08-24,168.654,372.471,211.726,963.063,242.183,6.34673e+06,178.721,204.963,59700
2014-08-31,198.342,438.031,249.002,1210.61,284.819,6.34635e+06,210.185,251.059,59700
2014-09-07,233.25,515.113,292.833,1501.73,334.951,6.34591e+06,247.18,258.442,59700
2014-09-14,274.292,605.736,344.368,1844.09,393.894,6.34538e+06,290.678,228.421,59700
2014-09-21,322.541,712.27,404.957,2246.69,463.192,6.34476e+06,341.817,324.362,59700
2014-09-28,379.26,837.496,476.186,2720.12,544.657,6.34404e+06,401.935,490.006,59700
2014-07-13,79.0543,175.473,105.04,109.841,114.138,6.34798e+06,75.9819,71.5658,59750
2014-07-20,93.5142,206.621,119.049,229.845,134.012,6.3478e+06,89.2121,95.7453,59750
2014-07-27,109.698,241.617,138.521,368.164,157.791,6.34759e+06,105.042,101.086,59750
2014-08-03,128.322,282.449,161.874,529.575,184.765,6.34735e+06,122.998,103.062,59750
2014-08-10,150.03,330.196,189.249,718.258,216.058,6.34706e+06,143.83,135.406,59750
2014-08-17,175.396,386.016,221.253,938.85,252.596,6.34673e+06,168.153,182.579,59750
2014-08-24,205.045,451.261,258.661,1196.74,295.299,6.34634e+06,196.581,191.649,59750
2014-08-31,239.699,527.517,302.384,1498.23,345.212,6.34588e+06,229.808,230.348,59750
2014-09-07,280.2,616.635,353.486,1850.68,403.547,6.34535e+06,268.642,220.803,59750
2014-09-14,327.529,720.774,413.208,2262.68,471.723,6.34473e+06,314.026,389.964,59750
2014-09-21,382.835,842.456,483,2744.27,551.39,6.344e+06,367.061,413.849,59750
2014-09-28,447.454,984.619,564.551,3307.2,644.478,6.34315e+06,429.03,445.335,59750
2014-07-13,155.305,333.451,212.201,224.16,229.881,6.34752e+06,96.4796,115.926,59800
2014-07-20,173.921,372.471,230.536,461.736,255.91,6.34721e+06,107.404,108.312,59800
2014-07-27,193.712,413.89,255.147,722.881,285.756,6.34686e+06,119.93,103.875,59800
2014-08-03,215.299,459.753,283.33,1012.55,317.848,6.34648e+06,133.399,144.881,59800
2014-08-10,239.186,510.706,314.75,1334.29,353.167,6.34605e+06,148.222,176.204,59800
2014-08-17,265.698,567.3,349.651,1691.72,392.327,6.34558e+06,164.657,196.813,59800
2014-08-24,295.138,630.144,388.406,2088.77,435.806,6.34505e+06,182.905,256.755,59800
2014-08-31,327.828,699.922,431.44,2529.82,484.086,6.34446e+06,203.168,184.792,59800
2014-09-07,364.122,777.391,479.223,3019.73,537.692,6.34381e+06,225.666,168.008,59800
2014-09-14,404.416,863.39,532.275,3563.88,597.206,6.34309e+06,250.644,286.318,59800
2014-09-21,449.144,958.849,591.17,4168.26,663.275,6.34228e+06,278.373,305.779,59800
2014-09-28,498.79,1064.79,656.546,4839.5,736.611,6.34139e+06,309.151,232.678,59800
2014-07-13,76.2207,166.285,102.772,108.047,111.495,6.348e+06,81.7281,118.764,59850
2014-07-20,87.6191,190.491,113.911,224.212,127.303,6.34783e+06,93.316,74.6377,59850
2014-07-27,100.038,216.895,129.112,354.81,145.8,6.34765e+06,106.874,119.933,59850
2014-08-03,113.936,246.875,146.907,503.219,166.204,6.34744e+06,121.831,95.5551,59850
2014-08-10,129.703,281.01,167.228,672.133,189.234,6.3472e+06,138.713,115.284,59850
2014-08-17,147.64,319.866,190.36,864.412,215.411,6.34693e+06,157.901,137.112,59850
2014-08-24,168.054,364.089,216.685,1083.28,245.198,6.34662e+06,179.735,96.5275,59850
2014-08-31,191.287,414.416,246.645,1332.42,279.098,6.34627e+06,204.585,139.165,59850
2014-09-07,217.725,471.685,280.741,1616,317.677,6.34586e+06,232.864,291.041,59850
2014-09-14,247.81,536.851,319.541,1938.78,361.579,6.34541e+06,265.045,354.993,59850
2014-09-21,282.042,610.998,363.692,2306.17,411.534,6.34489e+06,301.663,249.765,59850
2014-09-28,320.989,695.354,413.928,2724.3,468.373,6.3443e+06,343.327,334.208,59850
2014-07-13,129.87,281.108,176.264,185.751,191.088,6.34768e+06,93.416,87.5942,59900
2014-07-20,147.375,318.043,193.437,384.043,215.464,6.34741e+06,105.333,99.2983,59900
2014-07-27,166.217,357.793,216.681,604.499,243.7,6.3471e+06,119.136,124.105,59900
2014-08-03,187.037,402.369,243.596,852.041,274.457,6.34676e+06,134.172,101.582,59900
2014-08-10,210.367,452.51,273.969,1130.41,308.741,6.34638e+06,150.932,140.527,59900
2014-08-17,236.586,508.895,308.125,1443.49,347.232,6.34595e+06,169.749,141.556,59900
2014-08-24,266.064,572.29,346.526,1795.59,390.502,6.34547e+06,190.902,182.089,59900
2014-08-31,299.203,643.557,389.7,2191.56,439.149,6.34493e+06,214.684,205.78,59900
2014-09-07,336.457,723.667,438.236,2636.86,493.838,6.34431e+06,241.419,221.452,59900
2014-09-14,378.332,813.71,492.796,3137.62,555.312,6.34363e+06,271.472,240.671,59900
2014-09-21,425.396,914.905,554.123,3700.7,624.409,6.34285e+06,305.251,300.868,59900
2014-09-28,478.288,1028.62,623.049,4333.84,702.065,6.34199e+06,343.214,381.251,59900
2014-07-13,101.564,221.459,137.005,144.06,148.626,6.34785e+06,88.9411,69.4543,59950
2014-07-20,116.651,253.483,151.752,298.869,169.556,6.34763e+06,101.466,62.986,59950
2014-07-27,133.075,288.383,171.866,472.782,194.028,6.34738e+06,116.11,135.97,59950
2014-08-03,151.439,327.975,195.395,670.253,220.999,6.3471e+06,132.251,156.898,59950
2014-08-10,172.253,373.014,222.24,894.823,251.416,6.34679e+06,150.453,137.491,59950
2014-08-17,195.912,424.238,252.773,1150.25,285.957,6.34643e+06,171.123,167.43,59950
2014-08-24,222.814,482.485,287.49,1440.76,325.228,6.34602e+06,194.624,146.951,59950
2014-08-31,253.402,548.711,326.966,1771.16,369.882,6.34555e+06,221.345,270.786,59950
2014-09-07,288.18,624.003,371.85,2146.93,420.652,6.34502e+06,251.728,263.579,59950
2014-09-14,327.716,709.595,422.879,2574.28,478.373,6.34442e+06,286.269,392.622,59950
2014-09-21,372.661,806.887,480.892,3060.26,543.991,6.34373e+06,325.537,337.012,59950
2014-09-28,423.746,917.467,546.837,3612.89,618.58,6.34295e+06,370.172,240.375,59950
2014-07-13,95.1909,203.28,130.641,138.222,141.458,6.34788e+06,100.399,127.935,60000
2014-07-20,105.668,225.146,140.986,284.023,156.147,6.34769e+06,110.825,99.4703,60000
2014-07-27,116.717,248.148,154.798,443.088,172.878,6.34749e+06,122.7,128.004,60000
2014-08-03,128.668,273.41,170.502,618.102,190.717,6.34726e+06,135.361,124.303,60000
2014-08-10,141.783,301.249,187.871,810.921,210.188,6.34701e+06,149.18,150.636,60000
2014-08-17,156.223,331.924,207.01,1023.38,231.601,6.34673e+06,164.379,143.293,60000
2014-08-24,172.13,365.717,228.093,1257.49,255.186,6.34643e+06,181.118,144.695,60000
2014-08-31,189.653,402.941,251.317,1515.43,281.167,6.34609e+06,199.558,199.763,60000
2014-09-07,208.954,443.942,276.9,1799.63,309.785,6.34572e+06,219.869,249.873,60000
2014-09-14,230.213,489.101,305.079,2112.76,341.308,6.34531e+06,242.243,246.009,60000
2014-09-21,253.628,538.837,336.117,2457.75,376.028,6.34486e+06,266.885,278.27,60000
2014-09-28,279.415,593.609,370.301,2837.83,414.266,6.34437e+06,294.025,311.603,60000
2014-07-13,116.716,252.424,158.521,167.096,171.84,6.34776e+06,89.6935,63.2932,60050
2014-07-20,132.266,285.212,173.783,345.338,193.504,6.34751e+06,101.001,112.264,60050
2014-07-27,148.983,320.45,194.422,543.27,218.571,6.34724e+06,114.085,120.55,60050
2014-08-03,167.431,359.916,218.294,765.238,245.84,6.34694e+06,128.318,135.524,60050
2014-08-10,188.076,404.252,245.199,1014.53,276.197,6.3466e+06,144.163,104.063,60050
2014-08-17,211.248,454.049,275.418,1294.55,310.237,6.34621e+06,161.931,144.192,60050
2014-08-24,237.268,509.967,309.351,1609.07,348.455,6.34578e+06,181.879,169.378,60050
2014-08-31,266.485,572.752,347.453,1962.34,391.37,6.3453e+06,204.279,144.321,60050
2014-09-07,299.289,643.242,390.235,2359.11,439.554,6.34476e+06,229.429,226.548,60050
2014-09-14,336.117,722.376,438.269,2804.73,493.653,6.34415e+06,257.666,275.256,60050
2014-09-21,377.46,811.205,492.195,3305.19,554.385,6.34346e+06,289.366,277.167,60050
2014-09-28,423.866,910.908,552.73,3867.21,622.559,6.3427e+06,324.95,354.931,60050
2014-07-13,74.571,164.81,99.4498,104.136,108.02,6.34801e+06,75.0209,65.7549,60100
2014-07-20,87.5812,192.735,112.081,217.446,125.942,6.34784e+06,87.4681,76.6572,60100
2014-07-27,102.045,223.879,129.558,347.234,147.265,6.34765e+06,102.277,77.628,60100
2014-08-03,118.572,259.97,150.391,497.686,171.284,6.34742e+06,118.959,115.61,60100
2014-08-10,137.708,301.893,174.653,672.384,198.96,6.34716e+06,138.18,106.597,60100
2014-08-17,159.918,350.578,202.828,875.266,231.057,6.34686e+06,160.471,153.695,60100
2014-08-24,185.706,407.106,235.541,1110.87,268.32,6.34651e+06,186.351,159.094,60100
2014-08-31,215.647,472.734,273.523,1384.48,311.584,6.3461e+06,216.399,214.979,60100
2014-09-07,250.407,548.923,317.62,1702.19,361.815,6.34563e+06,251.284,201.835,60100
2014-09-14,290.76,637.366,368.815,2071.13,420.128,6.34508e+06,291.783,307.762,60100
2014-09-21,337.6,740.024,428.244,2499.52,487.82,6.34444e+06,338.796,291.784,60100
2014-09-28,391.967,859.17,497.228,2996.92,566.392,6.3437e+06,393.366,422.286,60100
2014-07-13,100.776,221.803,134.874,141.412,146.44,6.34785e+06,77.251,64.4834,60150
2014-07-20,117.546,257.674,151.189,294.688,169.592,6.34763e+06,89.4642,99.9842,60150
2014-07-27,136.068,297.394,173.663,469.201,196.987,6.34737e+06,103.916,108.327,60150
2014-08-03,157.09,343.12,200.296,670.208,227.64,6.34708e+06,120.086,116.027,60150
2014-08-10,181.27,395.892,231.116,902.112,262.724,6.34674e+06,138.594,145.255,60150
2014-08-17,209.154,456.778,266.676,1169.7,303.147,6.34635e+06,159.918,119.226,60150
2014-08-24,241.318,527.015,307.696,1478.45,349.772,6.3459e+06,184.514,190.437,60150
2014-08-31,278.42,608.028,355.013,1834.69,403.555,6.34537e+06,212.886,291.999,60150
2014-09-07,321.213,701.464,409.592,2245.7,465.59,6.34477e+06,245.612,265.855,60150
2014-09-14,370.566,809.217,472.541,2719.89,537.139,6.34408e+06,283.355,259.016,60150
2014-09-21,427.479,933.467,545.139,3266.94,619.651,6.34328e+06,326.883,310.831,60150
2014-09-28,493.102,1076.72,628.855,3898.02,714.797,6.34235e+06,377.075,293.106,60150
2014-07-13,99.7793,217.766,134.493,141.379,145.913,6.34786e+06,84.4976,96.8513,60200
2014-07-20,114.775,249.62,149.144,293.435,166.707,6.34764e+06,96.5387,107.406,60200
2014-07-27,131.122,284.389,169.146,464.479,191.046,6.3474e+06,110.634,104.661,60200
2014-08-03,149.427,323.889,192.574,658.964,217.912,6.34713e+06,126.192,134.59,60200
2014-08-10,170.205,368.887,219.341,880.452,248.255,6.34681e+06,143.763,126.208,60200
2014-08-17,193.856,420.137,249.827,1132.73,282.76,6.34645e+06,163.745,146.38,60200
2014-08-24,220.786,478.495,284.541,1420.06,322.046,6.34605e+06,186.495,192.501,60200
2014-08-31,251.451,544.942,324.069,1747.31,366.78,6.34558e+06,212.4,210.487,60200
2014-09-07,286.364,620.592,369.075,2120.02,417.714,6.34505e+06,241.895,258.64,60200
2014-09-14,326.112,706.713,420.317,2544.48,475.703,6.34445e+06,275.477,280.112,60200
2014-09-21,371.36,804.745,478.653,3027.86,541.719,6.34377e+06,313.706,272.933,60200
2014-09-28,422.864,916.325,545.06,3578.32,616.866,6.34299e+06,357.223,302.862,60200
2014-07-13,134.581,293.404,181.567,190.926,196.965,6.34765e+06,84.5256,83.4879,60250
2014-07-20,154.532,335.746,201.07,396.068,224.645,6.34736e+06,96.4041,113.546,60250
2014-07-27,176.244,381.874,227.666,626.473,257.001,6.34704e+06,110.289,122.034,60250
2014-08-03,200.512,434.186,258.767,888.022,292.65,6.34667e+06,125.588,101.68,60250
2014-08-10,228.011,493.678,294.243,1185.39,332.841,6.34625e+06,142.836,162.577,60250
2014-08-17,259.257,561.315,334.578,1523.52,378.467,6.34577e+06,162.415,196.341,60250
2014-08-24,294.773,638.198,380.426,1907.99,430.323,6.34523e+06,184.669,155.16,60250
2014-08-31,335.142,725.579,432.539,2345.15,489.265,6.34461e+06,209.963,143.098,60250
2014-09-07,381.021,824.883,491.77,2842.17,556.256,6.34391e+06,238.711,216.174,60250
2014-09-14,433.158,937.724,559.085,3407.24,632.387,6.34311e+06,271.383,363.264,60250
2014-09-21,492.399,1065.93,635.579,4049.65,718.898,6.34221e+06,308.508,205.708,60250
2014-09-28,559.704,1211.58,722.494,4779.92,817.19,6.34118e+06,350.689,468.093,60250
2014-07-13,94.0977,205.613,126.707,133.146,137.481,6.34789e+06,86.2966,94.9082,60300
2014-07-20,108.453,236.138,140.725,276.503,157.375,6.34769e+06,98.7839,90.802,60300
2014-07-27,124.133,269.526,159.886,438.039,180.698,6.34746e+06,113.424,107.678,60300
2014-08-03,141.723,307.527,182.367,622.05,206.492,6.3472e+06,129.614,119.041,60300
2014-08-10,161.728,350.9,208.099,831.997,235.678,6.3469e+06,147.935,117.209,60300
2014-08-17,184.542,400.39,237.461,1071.57,268.932,6.34656e+06,168.808,162.577,60300
2014-08-24,210.568,456.85,270.957,1344.93,306.863,6.34617e+06,192.617,170.485,60300
2014-08-31,240.257,521.254,309.168,1656.86,350.135,6.34572e+06,219.779,227.92,60300
2014-09-07,274.123,594.716,352.758,2012.77,399.496,6.34522e+06,250.763,263.237,60300
2014-09-14,312.751,678.503,402.479,2418.84,455.8,6.34464e+06,286.104,369.294,60300
2014-09-21,356.806,774.058,459.189,2882.15,520.016,6.34398e+06,326.413,443.477,60300
2014-09-28,407.046,883.021,523.866,3410.72,593.252,6.34323e+06,372.383,346.291,60300
2014-07-13,92.5391,206.675,122.306,127.643,132.976,6.3479e+06,67.165,61.7026,60350
2014-07-20,110.598,245.776,139.745,267.919,157.716,6.34769e+06,79.6604,63.8665,60350
2014-07-27,131.007,290.175,164.15,431.071,187.556,6.34743e+06,94.7326,114.716,60350
2014-08-03,154.729,342.484,193.676,623.293,221.748,6.34714e+06,112.002,121.792,60350
2014-08-10,182.65,404.242,228.616,850.161,261.808,6.34678e+06,132.237,148.176,60350
2014-08-17,215.59,477.135,269.856,1117.96,309.035,6.34637e+06,156.09,142.212,60350
2014-08-24,254.463,563.155,318.522,1434.05,364.763,6.34588e+06,184.238,176.57,60350
2014-08-31,300.332,664.655,375.951,1807.15,430.524,6.3453e+06,217.453,202.14,60350
2014-09-07,354.455,784.408,443.717,2247.5,508.119,6.34462e+06,256.646,272.253,60350
2014-09-14,418.307,925.682,523.671,2767.22,599.67,6.34382e+06,302.887,308.81,60350
2014-09-21,493.631,1092.32,617.998,3380.56,707.674,6.34287e+06,357.438,391.65,60350
2014-09-28,582.473,1288.85,729.267,4104.36,835.071,6.34175e+06,421.785,363.34,60350
2014-07-13,97.7067,214.153,131.228,137.767,142.427,6.34787e+06,78.9021,126.265,60400
2014-07-20,113.183,247.143,146.316,286.518,163.839,6.34766e+06,90.7641,52.893,60400
2014-07-27,130.165,283.414,167.009,454.866,189.041,6.34741e+06,104.725,106.963,60400
2014-08-03,149.312,324.897,191.388,647.536,217.049,6.34714e+06,120.242,97.214,60400
2014-08-10,171.191,372.466,219.422,868.397,248.896,6.34682e+06,137.884,114.77,60400
2014-08-17,196.26,426.999,251.561,1121.61,285.352,6.34645e+06,158.081,124.076,60400
2014-08-24,224.992,489.503,288.398,1411.91,327.133,6.34604e+06,181.226,112.939,60400
2014-08-31,257.923,561.138,330.618,1744.71,375.019,6.34556e+06,207.755,230.54,60400
2014-09-07,295.663,643.231,379.006,2126.22,429.901,6.34501e+06,238.158,330.21,60400
2014-09-14,338.911,737.299,434.459,2563.56,492.795,6.34438e+06,273.001,203.564,60400
2014-09-21,388.467,845.08,498.004,3064.88,564.865,6.34365e+06,312.926,396.079,60400
2014-09-28,445.243,968.559,570.815,3639.51,647.44,6.34283e+06,358.672,545.223,60400
2014-07-13,109.601,240.897,146.853,154.037,159.426,6.3478e+06,78.6515,80.8614,60450
2014-07-20,127.551,279.25,164.329,320.787,184.226,6.34756e+06,90.8861,108.136,60450
2014-07-27,147.334,321.62,188.367,510.268,213.52,6.34728e+06,105.338,149.25,60450
2014-08-03,169.74,370.29,216.799,728.06,246.223,6.34697e+06,121.472,121.216,60450
2014-08-10,195.455,426.341,249.633,978.8,283.574,6.3466e+06,139.898,126.591,60450
2014-08-17,225.045,490.875,287.435,1267.51,326.516,6.34618e+06,161.083,134.962,60450
2014-08-24,259.107,565.159,330.95,1599.94,375.941,6.34569e+06,185.467,177.219,60450
2014-08-31,298.312,650.659,381.038,1982.69,432.834,6.34514e+06,213.534,234.56,60450
2014-09-07,343.436,749.058,438.689,2423.35,498.316,6.3445e+06,245.839,225.899,60450
2014-09-14,395.365,862.292,505.041,2930.68,573.677,6.34376e+06,283.018,347.432,60450
2014-09-21,455.12,992.582,581.398,3514.72,660.401,6.34291e+06,325.803,328.008,60450
2014-09-28,523.871,1142.48,669.261,4187.05,760.188,6.34193e+06,375.032,364.536,60450
2014-07-13,90.678,196.583,122.911,129.466,133.267,6.34791e+06,88.4067,115.893,60500
2014-07-20,103.165,222.965,135.152,267.867,150.641,6.34772e+06,99.9327,96.4149,60500
2014-07-27,116.639,251.435,151.747,422.079,170.808,6.34751e+06,113.311,104.166,60500
2014-08-03,131.566,283.442,171.006,595.65,192.831,6.34727e+06,127.92,135.247,60500
2014-08-10,148.334,319.535,192.792,791.307,217.442,6.347e+06,144.247,99.7615,60500
2014-08-17,167.226,360.225,217.352,1011.89,245.143,6.34669e+06,162.623,158.468,60500
2014-08-24,188.52,406.087,245.033,1260.57,276.361,6.34635e+06,183.333,124.894,60500
2014-08-31,212.519,457.777,276.233,1540.92,311.547,6.34596e+06,206.675,217.432,60500
2014-09-07,239.567,516.03,311.398,1856.96,351.204,6.34553e+06,232.982,261.183,60500
2014-09-14,270.049,581.675,351.028,2213.22,395.896,6.34503e+06,262.63,271.312,60500
2014-09-21,304.397,655.645,395.688,2614.82,446.26,6.34448e+06,296.04,305.172,60500
2014-09-28,343.1,738.988,446.014,3067.51,503.01,6.34385e+06,333.688,314.466,60500
2014-07-13,125.864,276.382,168.779,177.087,183.213,6.3477e+06,81.9527,107.791,60550
2014-07-20,146.249,319.904,188.636,368.622,211.391,6.34743e+06,94.5569,85.1904,60550
2014-07-27,168.683,367.905,215.92,585.972,244.635,6.34711e+06,109.427,124.462,60550
2014-08-03,194.051,422.961,248.149,835.434,281.691,6.34675e+06,126.002,130.64,60550
2014-08-10,223.122,486.271,285.312,1122.22,323.947,6.34633e+06,144.904,159.768,60550
2014-08-17,256.524,559.053,328.037,1451.95,372.456,6.34585e+06,166.602,182.452,60550
2014-08-24,294.916,642.706,377.143,1831.05,428.205,6.3453e+06,191.539,216.382,60550
2014-08-31,339.038,738.842,433.583,2266.89,492.28,6.34467e+06,220.2,221.433,60550
2014-09-07,389.743,849.314,498.447,2767.94,565.917,6.34394e+06,253.139,286.755,60550
2014-09-14,448.006,976.243,572.985,3343.94,650.534,6.34311e+06,290.989,305.339,60550
2014-09-21,514.945,1122.06,658.632,4006.05,747.759,6.34215e+06,334.478,338.383,60550
2014-09-28,591.842,1289.56,757.031,4767.1,859.454,6.34104e+06,384.44,517.792,60550
2014-07-13,113.889,250.231,152.646,160.132,165.71,6.34777e+06,83.9903,100.442,60600
2014-07-20,132.461,289.901,170.732,333.42,191.374,6.34752e+06,96.998,100.728,60600
2014-07-27,152.918,333.697,195.597,530.229,221.674,6.34724e+06,112.356,139.095,60600
2014-08-03,176.073,383.977,224.993,756.314,255.481,6.34691e+06,129.491,164.876,60600
2014-08-10,202.632,441.849,258.92,1016.46,294.068,6.34653e+06,149.049,151.391,60600
2014-08-17,233.176,508.44,297.96,1315.82,338.407,6.34609e+06,171.522,235.039,60600
2014-08-24,268.315,585.048,342.872,1660.32,389.411,6.34559e+06,197.373,175.218,60600
2014-08-31,308.738,673.172,394.539,2056.74,448.086,6.34502e+06,227.113,192.984,60600
2014-09-07,355.235,774.531,453.974,2512.89,515.58,6.34435e+06,261.322,207.135,60600
2014-09-14,408.713,891.103,522.338,3037.73,593.212,6.34359e+06,300.67,337.508,60600
2014-09-21,470.214,1025.15,600.965,3641.6,682.496,6.34271e+06,345.924,359.764,60600
2014-09-28,540.933,1179.28,691.386,4336.35,785.169,6.3417e+06,397.964,261.223,60600
2014-07-13,119.032,262.393,159.094,166.725,172.762,6.34774e+06,77.8626,92.067,60650
2014-07-20,139.199,305.587,178.7,347.701,200.582,6.34748e+06,90.4012,105.757,60650
2014-07-27,161.528,353.544,205.752,554.218,233.569,6.34717e+06,105.268,114.858,60650
2014-08-03,186.935,408.887,237.879,792.66,270.569,6.34682e+06,121.944,142.966,60650
2014-08-10,216.228,472.909,275.145,1068.42,313.023,6.34642e+06,141.077,144.349,60650
2014-08-17,250.089,546.951,318.244,1387.37,362.054,6.34595e+06,163.176,159.556,60650
2014-08-24,289.241,632.563,368.078,1756.28,418.743,6.3454e+06,188.725,198.319,60650
2014-08-31,334.509,731.543,425.698,2182.95,484.288,6.34478e+06,218.265,230.394,60650
2014-09-07,386.842,845.966,492.317,2676.4,560.068,6.34405e+06,252.419,199.693,60650
2014-09-14,447.338,978.225,569.333,3247.05,647.671,6.34321e+06,291.901,293.914,60650
2014-09-21,517.26,1131.08,658.357,3906.96,748.931,6.34224e+06,337.539,322.308,60650
2014-09-28,598.066,1307.72,761.251,4670.03,865.962,6.34111e+06,390.283,433.911,60650
2014-07-13,90.7596,195.037,123.92,130.871,134.255,6.34791e+06,97.1858,101.35,60700
2014-07-20,101.784,218.163,134.773,269.681,149.663,6.34773e+06,108.339,105.537,60700
2014-07-27,113.521,242.749,149.355,422.448,167.35,6.34752e+06,121.142,143.443,60700
2014-08-03,126.343,270.014,166.075,592.124,186.396,6.3473e+06,134.93,140.046,60700
2014-08-10,140.551,300.35,184.742,780.847,207.39,6.34704e+06,150.127,144.868,60700
2014-08-17,156.345,334.096,205.508,990.784,230.702,6.34676e+06,167.002,180.658,60700
2014-08-24,173.911,371.626,228.601,1224.31,256.624,6.34645e+06,185.767,166.09,60700
2014-08-31,193.445,413.362,254.283,1484.08,285.452,6.3461e+06,206.635,273.24,60700
2014-09-07,215.168,459.773,282.844,1773.03,317.511,6.34572e+06,229.842,289.514,60700
2014-09-14,239.323,511.38,314.604,2094.43,353.161,6.34529e+06,255.649,286.91,60700
2014-09-21,266.182,568.76,349.921,2451.92,392.801,6.34481e+06,284.344,299.487,60700
2014-09-28,296.045,632.554,389.189,2849.53,436.877,6.34428e+06,316.25,372.43,60700
2014-07-13,122.259,264.353,166.081,175.076,180.032,6.34772e+06,89.3937,94.318,60750
2014-07-20,138.497,298.583,182.019,361.794,202.655,6.34747e+06,100.627,105.539,60750
2014-07-27,155.946,335.357,203.568,569.07,228.826,6.34719e+06,113.622,129.916,60750
2014-08-03,175.195,376.528,228.483,801.439,257.284,6.34687e+06,127.753,115.261,60750
2014-08-10,196.729,422.764,256.555,1062.32,288.954,6.34651e+06,143.479,120.53,60750
2014-08-17,220.891,474.676,288.074,1355.26,324.454,6.34611e+06,161.106,168.007,60750
2014-08-24,248.012,532.947,323.453,1684.17,364.296,6.34566e+06,180.889,210.198,60750
2014-08-31,278.454,598.35,363.165,2053.48,409.018,6.34516e+06,203.095,127.949,60750
2014-09-07,312.62,671.752,407.738,2468.12,459.213,6.34459e+06,228.02,163.698,60750
2014-09-14,350.964,754.125,457.765,2933.64,515.549,6.34395e+06,255.993,143.348,60750
2014-09-21,393.993,846.555,513.907,3456.27,578.769,6.34324e+06,287.384,268.575,60750
2014-09-28,442.273,950.26,576.906,4042.98,649.709,6.34244e+06,322.609,448.405,60750
2014-07-13,130.527,287.079,174.795,183.309,189.772,6.34767e+06,75.9775,94.6425,60800
2014-07-20,152.068,333.129,195.761,381.867,219.523,6.34739e+06,87.8886,104.228,60800
2014-07-27,175.833,384.056,224.618,607.704,254.695,6.34706e+06,101.97,98.0338,60800
2014-08-03,202.774,442.615,258.78,867.542,294,6.34668e+06,117.706,82.1637,60800
2014-08-10,233.725,510.117,298.268,1166.99,338.934,6.34624e+06,135.696,133.103,60800
2014-08-17,269.375,587.909,343.776,1512.13,390.646,6.34574e+06,156.399,158.627,60800
2014-08-24,310.45,677.538,396.21,1909.91,450.221,6.34516e+06,180.251,212.574,60800
2014-08-31,357.772,780.793,456.621,2368.36,518.86,6.34449e+06,207.731,265.876,60800
2014-09-07,412.286,899.734,526.218,2896.7,597.935,6.34372e+06,239.39,218.888,60800
2014-09-14,475.078,1036.73,606.391,3505.55,689.023,6.34283e+06,275.858,353.627,60800
2014-09-21,547.396,1194.49,698.736,4207.14,793.935,6.3418e+06,317.861,353.39,60800
2014-09-28,630.672,1376.14,805.086,5015.54,914.753,6.34062e+06,366.232,292.985,60800
2014-07-13,77.9944,170.82,104.819,110.068,113.756,6.34799e+06,74.3806,63.4008,60850
2014-07-20,90.2368,196.901,116.759,228.828,130.701,6.34782e+06,85.4601,57.8228,60850
2014-07-27,103.656,225.541,133.121,363.092,150.626,6.34762e+06,98.4882,91.4405,60850
2014-08-03,118.768,258.259,152.379,516.578,172.744,6.3474e+06,112.95,122.253,60850
2014-08-10,136.016,295.736,174.5,692.321,197.864,6.34715e+06,129.376,189.562,60850
2014-08-17,155.757,338.652,199.833,893.577,226.589,6.34686e+06,148.157,147.113,60850
2014-08-24,178.359,387.789,228.835,1124.05,259.472,6.34653e+06,169.658,151.606,60850
2014-08-31,204.236,444.043,262.041,1387.96,297.121,6.34615e+06,194.275,142.515,60850
2014-09-07,233.86,508.442,300.057,1690.17,340.223,6.34572e+06,222.458,255.247,60850
2014-09-14,267.773,582.16,343.578,2036.21,389.565,6.34522e+06,254.721,239.676,60850
2014-09-21,306.591,666.537,393.397,2432.44,446.048,6.34465e+06,291.653,264.884,60850
2014-09-28,351.021,763.109,450.423,2886.11,510.699,6.344e+06,333.926,303.071,60850
2014-07-13,107.376,230.995,146.477,154.643,158.709,6.34781e+06,93.4126,103.256,60900
2014-07-20,120.631,258.824,159.519,318.825,177.224,6.34759e+06,104.31,96.0962,60900
2014-07-27,134.766,288.465,177.063,499.789,198.507,6.34735e+06,116.837,132.496,60900
2014-08-03,150.234,321.389,197.207,701.111,221.465,6.34708e+06,130.35,111.35,60900
2014-08-10,167.402,358.081,219.732,925.398,246.812,6.34678e+06,145.268,111.417,60900
2014-08-17,186.518,398.961,244.83,1175.3,275.004,6.34644e+06,161.861,193.953,60900
2014-08-24,207.81,444.499,272.786,1453.75,306.402,6.34607e+06,180.341,162.523,60900
2014-08-31,231.527,495.22,303.925,1763.98,341.375,6.34566e+06,200.926,168.913,60900
2014-09-07,257.943,551.71,338.61,2109.63,380.33,6.34519e+06,223.854,234.854,60900
2014-09-14,287.362,614.623,377.241,2494.71,423.715,6.34468e+06,249.39,228.26,60900
2014-09-21,320.125,684.681,420.264,2923.72,472.033,6.3441e+06,277.829,281.582,60900
2014-09-28,356.608,762.69,468.176,3401.65,525.84,6.34346e+06,309.498,317.307,60900
2014-07-13,99.1741,215.46,134.189,141.255,145.523,6.34786e+06,91.1836,79.5904,60950
2014-07-20,113.226,245.199,147.949,292.549,165.053,6.34765e+06,103.421,124.915,60950
2014-07-27,128.437,277.407,166.646,461.635,187.783,6.34742e+06,117.663,126.51,60950
2014-08-03,145.346,313.738,188.406,652.563,212.689,6.34715e+06,133.269,114.047,60950
2014-08-10,164.404,354.838,213.099,868.486,240.616,6.34685e+06,150.768,129.118,60950
2014-08-17,185.945,401.322,241.028,1112.71,272.151,6.34651e+06,170.527,175.287,60950
2014-08-24,210.303,453.886,272.608,1388.93,307.805,6.34612e+06,192.868,176.648,60950
2014-08-31,237.844,513.318,308.316,1701.34,348.12,6.34569e+06,218.129,160.787,60950
2014-09-07,268.984,580.512,348.692,2054.67,393.704,6.3452e+06,246.692,222.151,60950
2014-09-14,304.189,656.475,394.341,2454.27,445.242,6.34464e+06,278.985,240.515,60950
2014-09-21,343.988,742.345,445.95,2906.16,503.505,6.34401e+06,315.492,243.221,60950
2014-09-28,388.975,839.405,504.291,3417.19,569.368,6.3433e+06,356.761,306.768,60950
2014-07-13,81.9774,179.206,110.346,115.938,119.734,6.34796e+06,86.7216,93.6033,61000
2014-07-20,94.5516,205.954,122.622,240.818,137.155,6.34779e+06,99.3394,99.6869,61000
2014-07-27,108.294,235.23,139.41,381.62,157.591,6.34759e+06,114.141,118.703,61000
2014-08-03,123.724,268.577,159.117,542.12,180.207,6.34736e+06,130.521,150.686,61000
2014-08-10,141.283,306.663,181.691,725.363,205.817,6.34709e+06,149.07,149.763,61000
2014-08-17,161.322,350.152,207.467,934.604,235.016,6.3468e+06,170.219,230.314,61000
2014-08-24,184.198,399.799,236.892,1173.52,268.345,6.34646e+06,194.359,214.532,61000
2014-08-31,210.313,456.474,270.483,1446.33,306.394,6.34607e+06,221.917,209.433,61000
2014-09-07,240.123,521.166,308.829,1757.81,349.828,6.34562e+06,253.376,250.526,61000
2014-09-14,274.15,595.004,352.601,2113.44,399.407,6.34511e+06,289.285,272.42,61000
2014-09-21,312.986,679.275,402.563,2519.48,455.996,6.34454e+06,330.271,362.458,61000
2014-09-28,357.307,775.444,459.585,2983.04,520.58,6.34387e+06,377.049,480.958,61000
2014-07-13,99.5106,218.545,133.424,139.986,144.837,6.34786e+06,77.5335,71.1612,61050
2014-07-20,115.656,253.019,149.149,291.412,167.151,6.34764e+06,89.4788,89.6214,61050
2014-07-27,133.428,291.051,170.76,463.284,193.483,6.34739e+06,103.575,91.7743,61050
2014-08-03,153.529,334.685,196.293,660.594,222.842,6.3471e+06,119.291,127.929,61050
2014-08-10,176.572,384.875,225.743,887.475,256.331,6.34678e+06,137.218,175.688,61050
2014-08-17,203.056,442.591,259.61,1148.39,294.787,6.3464e+06,157.804,161.216,61050
2014-08-24,233.504,508.949,298.547,1448.45,338.996,6.34596e+06,181.47,204.836,61050
2014-08-31,268.509,585.235,343.312,1793.51,389.822,6.34546e+06,208.678,211.637,61050
2014-09-07,308.75,672.927,394.776,2190.3,448.253,6.34488e+06,239.957,213.804,61050
2014-09-14,355.006,773.722,453.937,2646.56,515.42,6.34422e+06,275.913,226.516,61050
2014-09-21,408.172,889.565,521.939,3171.18,592.624,6.34346e+06,317.241,421.986,61050
2014-09-28,469.271,1022.69,600.096,3774.38,681.355,6.34258e+06,364.74,401.726,61050
2014-07-13,92.5463,203.737,123.835,129.828,134.457,6.3479e+06,78.1519,86.3084,61100
2014-07-20,107.988,236.775,138.857,270.579,155.773,6.3477e+06,90.5417,59.7362,61100
2014-07-27,125.05,273.373,159.554,430.887,181.005,6.34746e+06,105.208,126.273,61100
2014-08-03,144.423,315.521,184.091,615.597,209.247,6.34719e+06,121.623,116.043,61100
2014-08-10,166.715,364.182,212.495,828.778,241.585,6.34688e+06,140.419,178.704,61100
2014-08-17,192.431,420.348,245.28,1074.85,278.858,6.34652e+06,162.084,174.481,61100
2014-08-24,222.106,485.164,283.113,1358.88,321.867,6.3461e+06,187.082,157.67,61100
2014-08-31,256.35,559.955,326.772,1686.72,371.498,6.34562e+06,215.93,269.445,61100
2014-09-07,295.863,646.249,377.15,2065.11,428.767,6.34507e+06,249.217,228.248,61100
2014-09-14,341.451,745.806,435.279,2501.83,494.844,6.34443e+06,287.624,317.078,61100
2014-09-21,394.045,860.655,502.344,3005.84,571.079,6.34369e+06,331.934,388.607,61100
2014-09-28,454.713,993.127,579.712,3587.49,659.022,6.34283e+06,383.051,315.11,61100
2014-07-13,91.7886,200.089,123.846,130.234,134.347,6.3479e+06,89.7637,78.3177,61150
2014-07-20,105.377,228.927,137.13,270.151,153.201,6.34771e+06,102.361,98.5876,61150
2014-07-27,120.164,260.34,155.244,427.274,175.238,6.34749e+06,117.084,125.08,61150
2014-08-03,136.69,295.962,176.425,605.609,199.515,6.34724e+06,133.305,164.423,61150
2014-08-10,155.414,336.469,200.582,808.334,226.883,6.34695e+06,151.591,121.264,61150
2014-08-17,176.69,382.522,228.047,1038.82,257.95,6.34662e+06,172.348,159.494,61150
2014-08-24,200.872,434.868,259.264,1300.86,293.257,6.34625e+06,195.939,210.35,61150
2014-08-31,228.357,494.363,294.747,1598.77,333.388,6.34583e+06,222.752,239.672,61150
2014-09-07,259.595,561.978,335.075,1937.44,379,6.34536e+06,253.228,300.065,61150
2014-09-14,295.096,638.815,380.909,2322.44,430.838,6.34481e+06,287.863,240.422,61150
2014-09-21,335.437,726.127,432.996,2760.1,489.746,6.3442e+06,327.222,251.038,61150
2014-09-28,381.276,825.329,492.185,3257.6,556.685,6.34349e+06,371.947,366.326,61150
2014-07-13,94.4387,206.592,127.045,133.454,137.862,6.34789e+06,72.7651,65.1613,61200
2014-07-20,109.05,237.692,141.304,277.293,158.099,6.34768e+06,83.4462,68.1082,61200
2014-07-27,125.037,271.772,160.82,439.635,181.858,6.34745e+06,95.9868,81.1753,61200
2014-08-03,143.006,310.632,183.752,624.886,208.183,6.34719e+06,109.881,143.709,61200
2014-08-10,163.477,355.061,210.046,836.616,238.024,6.34688e+06,125.632,131.634,61200
2014-08-17,186.863,405.846,240.101,1078.64,272.083,6.34654e+06,143.608,165.311,61200
2014-08-24,213.589,463.883,274.448,1355.3,311.001,6.34614e+06,164.15,91.154,61200
2014-08-31,244.129,530.203,313.699,1671.52,355.475,6.34569e+06,187.624,210.241,61200
2014-09-07,279.027,605.981,358.551,2032.97,406.297,6.34517e+06,214.448,211.202,61200
2014-09-14,318.901,692.56,409.802,2446.08,464.367,6.34458e+06,245.098,304.811,61200
2014-09-21,364.457,791.471,468.36,2918.24,530.715,6.34391e+06,280.117,214.778,61200
2014-09-28,416.498,904.457,535.26,3457.85,606.512,6.34314e+06,320.124,237.231,61200
2014-07-13,104.41,225.677,141.877,149.577,153.789,6.34783e+06,92.5847,60.8635,61250
2014-07-20,118.207,254.755,155.421,309.048,173.015,6.34761e+06,104.16,115.479,61250
2014-07-27,133.026,285.974,173.728,485.988,195.247,6.34737e+06,117.543,101.243,61250
2014-08-03,149.364,320.909,194.885,684.24,219.409,6.3471e+06,132.089,160.662,61250
2014-08-10,167.633,360.121,218.71,906.698,246.283,6.3468e+06,148.268,122.924,61250
2014-08-17,188.12,404.125,245.446,1156.35,276.391,6.34646e+06,166.394,180.509,61250
2014-08-24,211.105,453.495,275.443,1436.52,310.166,6.34607e+06,186.727,161.032,61250
2014-08-31,236.892,508.881,309.096,1750.93,348.058,6.34564e+06,209.539,246.571,61250
2014-09-07,265.821,571.013,346.851,2103.74,390.568,6.34516e+06,235.131,223.084,61250
2014-09-14,298.271,640.705,389.205,2499.64,438.255,6.34462e+06,263.84,258.602,61250
2014-09-21,334.669,718.872,436.714,2943.88,491.745,6.34402e+06,296.043,375.203,61250
2014-09-28,375.492,806.537,490.002,3442.33,551.741,6.34334e+06,332.161,417.638,61250
2014-07-13,69.8834,151.526,94.7121,99.7585,102.694,6.34803e+06,74.2462,111.777,61300
2014-07-20,79.5278,171.905,104.165,206.417,116.111,6.34789e+06,83.9472,84.251,61300
2014-07-27,89.9371,193.904,116.984,325.287,131.689,6.34772e+06,95.2096,86.567,61300
2014-08-03,101.472,218.643,131.864,459.113,148.705,6.34754e+06,107.512,113.969,61300
2014-08-10,114.435,246.548,148.7,610.004,167.728,6.34733e+06,121.265,106.889,61300
2014-08-17,129.043,278.017,167.687,780.162,189.144,6.3471e+06,136.749,215.568,61300
2014-08-24,145.513,313.497,189.092,972.043,213.287,6.34683e+06,154.204,167.307,61300
2014-08-31,164.082,353.499,213.226,1188.42,240.507,6.34653e+06,173.884,229.314,61300
2014-09-07,185.017,398.595,240.436,1432.4,271.196,6.34619e+06,196.071,239.495,61300
2014-09-14,208.617,449.431,271.11,1707.52,305.793,6.34581e+06,221.085,227.291,61300
2014-09-21,235.221,506.736,305.691,2017.74,344.794,6.34538e+06,249.282,208.941,61300
2014-09-28,265.209,571.327,344.672,2367.51,388.758,6.3449e+06,281.067,407.288,61300
2014-07-13,152.014,331.527,205.026,215.572,222.421,6.34755e+06,86.512,82.4744,61350
2014-07-20,174.649,379.578,227.15,447.268,253.82,6.34722e+06,98.7249,102.47,61350
2014-07-27,199.295,431.957,257.33,707.627,290.539,6.34685e+06,113.007,80.3433,61350
2014-08-03,226.858,491.389,292.639,1003.34,331.017,6.34644e+06,128.751,122.197,61350
2014-08-10,258.105,559.009,332.934,1339.72,376.675,6.34596e+06,146.51,158.644,61350
2014-08-17,293.628,635.927,378.77,1722.41,428.533,6.34542e+06,166.681,186.386,61350
2014-08-24,334.025,723.399,430.898,2157.79,487.501,6.3448e+06,189.616,171.914,61350
2014-08-31,379.963,822.863,490.177,2653.07,554.559,6.3441e+06,215.699,216.709,61350
2014-09-07,432.195,935.948,557.584,3216.47,630.809,6.34331e+06,245.357,226.943,61350
2014-09-14,491.578,1064.5,634.226,3857.33,717.503,6.3424e+06,279.077,324.974,61350
2014-09-21,559.081,1210.63,721.357,4586.26,816.058,6.34137e+06,317.411,359.475,61350
2014-09-28,635.804,1376.69,820.401,5415.3,928.083,6.3402e+06,360.983,344.354,61350
2014-07-13,106.605,233.966,143.02,150.085,155.244,6.34782e+06,80.884,101.901,61400
2014-07-20,123.761,270.576,159.735,312.334,178.963,6.34758e+06,93.2422,115.829,61400
2014-07-27,142.625,310.917,182.689,496.307,206.928,6.34732e+06,107.812,112.33,61400
2014-08-03,163.938,357.151,209.783,707.286,238.073,6.34701e+06,124.039,106.781,61400
2014-08-10,188.342,410.273,241.002,949.628,273.56,6.34666e+06,142.528,193.084,61400
2014-08-17,216.36,471.295,276.863,1228.03,314.266,6.34626e+06,163.737,212.028,61400
2014-08-24,248.539,541.378,318.048,1547.86,361.011,6.34579e+06,188.091,201.854,61400
2014-08-31,285.492,621.859,365.348,1915.25,414.695,6.34526e+06,216.062,199.028,61400
2014-09-07,327.927,714.272,419.666,2337.28,476.344,6.34465e+06,248.181,284.798,61400
2014-09-14,376.652,820.376,482.039,2822.04,547.134,6.34395e+06,285.064,180.518,61400
2014-09-21,432.592,942.187,553.656,3378.83,628.411,6.34314e+06,327.411,382.724,61400
2014-09-28,496.811,1082.01,635.878,4018.33,721.721,6.34222e+06,376.026,327.764,61400
2014-07-13,116.964,249.816,160.501,169.806,173.793,6.34775e+06,96.7105,112.731,61450
2014-07-20,129.871,276.758,173.245,348.949,191.888,6.34752e+06,106.78,131.731,61450
2014-07-27,143.486,305.107,190.263,544.434,212.503,6.34727e+06,118.251,130.044,61450
2014-08-03,158.216,336.246,209.614,759.57,234.488,6.34699e+06,130.485,126.026,61450
2014-08-10,174.384,370.569,231.023,996.65,258.488,6.34668e+06,143.841,152.459,61450
2014-08-17,192.189,408.396,254.618,1257.94,284.888,6.34634e+06,158.532,121.451,61450
2014-08-24,211.805,450.074,280.613,1545.92,313.971,6.34596e+06,174.716,142.664,61450
2014-08-31,233.418,495.992,309.255,1863.29,346.014,6.34555e+06,192.546,193.239,61450
2014-09-07,257.229,546.576,340.81,2213.05,381.315,6.34509e+06,212.191,167.813,61450
2014-09-14,283.459,602.299,375.573,2598.49,420.206,6.34459e+06,233.832,290.094,61450
2014-09-21,312.352,663.676,413.868,3023.24,463.046,6.34404e+06,257.671,296.973,61450
2014-09-28,344.176,731.276,456.05,3491.3,510.234,6.34343e+06,283.93,319.147,61450
2014-07-13,99.4394,214.841,135.171,142.525,146.514,6.34786e+06,88.7596,76.0704,61500
2014-07-20,112.5,242.358,147.995,294.42,164.719,6.34765e+06,99.7882,69.7399,61500
2014-07-27,126.52,271.881,165.321,462.851,185.758,6.34742e+06,112.534,129.773,61500
2014-08-03,141.966,304.895,185.334,651.447,208.608,6.34717e+06,126.377,130.152,61500
2014-08-10,159.226,341.927,207.855,862.932,234.006,6.34688e+06,141.763,188.283,61500
2014-08-17,178.569,383.458,233.113,1100.12,262.443,6.34655e+06,158.99,150.841,61500
2014-08-24,200.257,430.025,261.432,1366.12,294.321,6.34619e+06,178.302,114.688,61500
2014-08-31,224.574,482.232,293.183,1664.43,330.064,6.34579e+06,199.955,159.713,61500
2014-09-07,251.835,540.761,328.781,1998.97,370.136,6.34533e+06,224.232,237.676,61500
2014-09-14,282.396,606.371,368.689,2374.12,415.06,6.34482e+06,251.447,141.115,61500
2014-09-21,316.653,679.913,413.428,2794.8,465.42,6.34425e+06,281.956,285.89,61500
2014-09-28,355.051,762.34,463.577,3266.52,521.869,6.3436e+06,316.153,350.27,61500
2014-07-13,112.28,243.115,152.349,160.533,165.167,6.34778e+06,90.2385,82.7948,61550
2014-07-20,127.484,275.203,167.261,331.955,186.334,6.34755e+06,101.803,95.1531,61550
2014-07-27,143.857,309.756,187.453,522.627,210.864,6.34729e+06,115.205,110.955,61550
2014-08-03,161.959,348.527,210.845,736.833,237.598,6.34699e+06,129.811,184.363,61550
2014-08-10,182.255,392.16,237.255,977.838,267.415,6.34666e+06,146.102,88.5588,61550
2014-08-17,205.077,441.256,266.972,1249.03,300.91,6.34629e+06,164.402,138.186,61550
2014-08-24,230.749,496.485,300.401,1554.19,338.584,6.34587e+06,184.985,234.222,61550
2014-08-31,259.627,558.609,338.004,1897.55,380.963,6.3454e+06,208.139,292.741,61550
2014-09-07,292.109,628.483,380.303,2283.88,428.633,6.34487e+06,234.183,289.849,61550
2014-09-14,328.641,707.066,427.879,2718.55,482.249,6.34427e+06,263.476,216.022,61550
2014-09-21,369.726,795.436,481.388,3207.59,542.55,6.3436e+06,296.421,221.211,61550
2014-09-28,415.926,894.803,541.563,3757.78,610.361,6.34284e+06,333.47,431.243,61550
2014-07-13,102.289,219.518,139.817,147.718,151.46,6.34784e+06,94.1242,78.6775,61600
2014-07-20,114.462,245.024,151.809,304.211,168.484,6.34763e+06,104.704,98.3703,61600
2014-07-27,127.395,272.08,167.898,476.115,187.994,6.34741e+06,116.828,183.071,61600
2014-08-03,141.493,302.019,186.313,666.659,208.958,6.34715e+06,129.856,162.797,61600
2014-08-10,157.082,335.262,206.83,878.159,232.017,6.34687e+06,144.186,136.646,61600
2014-08-17,174.376,372.164,229.606,1112.95,257.567,6.34656e+06,160.064,136.451,61600
2014-08-24,193.568,413.12,254.883,1373.59,285.919,6.34621e+06,177.683,160.366,61600
2014-08-31,214.867,458.57,282.935,1662.92,317.385,6.34583e+06,197.237,307.978,61600
2014-09-07,238.504,509.006,314.067,1984.1,352.303,6.3454e+06,218.937,256.671,61600
2014-09-14,264.732,564.97,348.614,2340.6,391.052,6.34493e+06,243.017,207.59,61600
2014-09-21,293.834,627.063,386.948,2736.32,434.048,6.34441e+06,269.737,337.308,61600
2014-09-28,326.123,695.953,429.482,3175.54,481.754,6.34382e+06,299.384,168.396,61600
2014-07-13,104.29,227.562,140.597,147.806,152.533,6.34783e+06,81.5874,67.3123,61650
2014-07-20,119.921,260.762,155.872,306.742,174.211,6.34761e+06,93.1824,82.3325,61650
2014-07-27,136.956,296.986,176.72,485.473,199.579,6.34735e+06,106.752,124.923,61650
2014-08-03,156.025,338.126,201.131,688.633,227.571,6.34707e+06,121.724,149.346,61650
2014-08-10,177.663,384.976,229.014,919.925,259.174,6.34674e+06,138.628,119.527,61650
2014-08-17,202.284,438.318,260.759,1183.28,295.101,6.34637e+06,157.844,191.585,61650
2014-08-24,230.31,499.038,296.895,1483.14,335.992,6.34594e+06,179.716,132.66,61650
2014-08-31,262.211,568.15,338.028,1824.54,382.537,6.34546e+06,204.612,170.171,61650
2014-09-07,298.52,646.807,384.847,2213.24,435.515,6.34491e+06,232.95,165.701,61650
2014-09-14,339.842,736.321,438.134,2655.76,495.811,6.34428e+06,265.201,341.864,61650
2014-09-21,386.866,838.18,498.777,3159.55,564.43,6.34357e+06,301.904,290.406,61650
2014-09-28,440.372,954.073,567.786,3733.05,642.512,6.34275e+06,343.669,213.468,61650
2014-07-13,101.564,217.993,138.809,146.646,150.369,6.34784e+06,101.998,176.878,61700
2014-07-20,113.677,243.378,150.741,302.023,167.31,6.34764e+06,113.489,102.912,61700
2014-07-27,126.55,270.313,166.754,472.737,186.727,6.34741e+06,126.66,69.1626,61700
2014-08-03,140.587,300.126,185.084,662.004,207.597,6.34716e+06,140.817,166.83,61700
2014-08-10,156.111,333.235,205.512,872.133,230.557,6.34688e+06,156.391,109.603,61700
2014-08-17,173.337,369.997,228.195,1105.46,256.005,6.34657e+06,173.652,131.465,61700
2014-08-24,192.458,410.807,253.373,1364.53,284.249,6.34623e+06,192.81,205.157,61700
2014-08-31,213.684,456.106,281.323,1652.18,315.601,6.34585e+06,214.077,174.649,61700
2014-09-07,237.243,506.384,312.347,1971.55,350.402,6.34542e+06,237.684,369.696,61700
2014-09-14,263.392,562.187,346.783,2326.15,389.03,6.34495e+06,263.885,225.758,61700
2014-09-21,292.413,624.116,385.003,2719.83,431.901,6.34443e+06,292.966,208.322,61700
2014-09-28,324.619,692.838,427.42,3156.89,479.479,6.34385e+06,325.239,383.7,61700
2014-07-13,160.472,348.073,217.42,228.979,235.749,6.3475e+06,85.8148,93.0421,61750
2014-07-20,182.726,395.106,239.229,473.875,266.706,6.34716e+06,97.0833,134.697,61750
2014-07-27,206.754,445.9,268.812,746.949,302.657,6.34678e+06,110.17,98.5631,61750
2014-08-03,233.393,503.045,303.164,1054.54,341.946,6.34636e+06,124.471,125.808,61750
2014-08-10,263.338,567.524,342.047,1401.54,385.883,6.34588e+06,140.465,148.835,61750
2014-08-17,297.096,640.258,385.91,1793.05,435.367,6.34533e+06,158.477,143.695,61750
2014-08-24,335.168,722.285,435.379,2234.75,491.168,6.34472e+06,178.789,159.722,61750
2014-08-31,378.101,814.782,491.167,2733.05,554.096,6.34403e+06,201.696,177.663,61750
2014-09-07,426.511,919.073,554.077,3295.2,625.056,6.34326e+06,227.526,251.966,61750
2014-09-14,481.091,1036.65,625.012,3929.33,705.065,6.34238e+06,256.65,222.652,61750
2014-09-21,542.62,1169.18,704.985,4644.62,795.265,6.34139e+06,289.483,246.118,61750
2014-09-28,611.972,1318.55,795.137,5451.41,896.941,6.34027e+06,326.494,380.472,61750
2014-07-13,102.343,225.938,136.617,143.105,148.375,6.34784e+06,73.7663,102.05,61800
2014-07-20,119.977,263.751,153.747,298.655,172.68,6.34761e+06,85.8499,74.7028,61800
2014-07-27,139.545,305.84,177.419,476.538,201.555,6.34735e+06,100.205,147.934,61800
2014-08-03,161.864,354.526,205.591,682.386,234.02,6.34705e+06,116.346,142.959,61800
2014-08-10,187.658,410.977,238.344,920.994,271.36,6.34669e+06,134.91,128.313,61800
2014-08-17,217.544,476.416,276.31,1197.61,314.586,6.34628e+06,156.4,118.898,61800
2014-08-24,252.18,552.258,320.313,1518.29,364.679,6.34581e+06,181.304,108.478,61800
2014-08-31,292.321,640.148,371.31,1890.03,422.734,6.34526e+06,210.167,286.073,61800
2014-09-07,338.836,741.991,430.408,2320.94,490.012,6.34462e+06,243.615,58.3872,61800
2014-09-14,392.733,859.99,498.891,2820.43,567.97,6.34388e+06,282.373,314.161,61800
2014-09-21,455.178,996.691,578.241,3399.37,658.296,6.34302e+06,327.279,195.576,61800
2014-09-28,527.515,1155.04,670.171,4070.38,762.939,6.34203e+06,379.304,390.279,61800
2014-07-13,96.0789,210.688,128.989,135.396,140.002,6.34788e+06,73.8936,87.7112,61850
2014-07-20,111.387,243.332,143.909,281.652,161.176,6.34767e+06,85.0692,60.8625,61850
2014-07-27,128.197,279.254,164.382,447.292,186.114,6.34743e+06,98.2311,84.5848,61850
2014-08-03,147.165,320.368,188.519,637.005,213.85,6.34716e+06,112.87,124.34,61850
2014-08-10,168.857,367.549,216.296,854.64,245.411,6.34684e+06,129.529,75.7287,61850
2014-08-17,193.729,421.679,248.163,1104.34,281.569,6.34648e+06,148.613,45.5366,61850
2014-08-24,222.258,483.769,284.716,1390.83,323.038,6.34607e+06,170.5,187.107,61850
2014-08-31,254.98,554.982,326.643,1719.5,370.604,6.34559e+06,195.605,201.838,61850
2014-09-07,292.51,636.653,374.731,2096.57,425.159,6.34505e+06,224.4,298.211,61850
2014-09-14,335.549,730.309,429.882,2529.15,487.726,6.34443e+06,257.423,217.134,61850
2014-09-21,384.902,837.699,493.129,3025.38,559.476,6.34371e+06,295.292,302.777,61850
2014-09-28,441.49,960.823,565.653,3594.6,641.747,6.34289e+06,338.715,453.534,61850
2014-07-13,108.826,238.166,146.349,153.713,158.816,6.3478e+06,83.238,82.269,61900
2014-07-20,125.75,274.197,162.861,319.45,182.249,6.34757e+06,95.5199,34.6425,61900
2014-07-27,144.278,313.709,185.47,506.618,209.777,6.3473e+06,109.947,118.893,61900
2014-08-03,165.115,358.791,212.051,720.332,240.295,6.34699e+06,125.943,107.836,61900
2014-08-10,188.87,410.364,242.547,964.747,274.912,6.34664e+06,144.086,170.959,61900
2014-08-17,216.023,469.35,277.426,1244.31,314.445,6.34624e+06,164.806,192.107,61900
2014-08-24,247.072,536.799,317.309,1564.08,359.646,6.34578e+06,188.496,163.122,61900
2014-08-31,282.574,613.919,362.914,1929.8,411.33,6.34526e+06,215.585,227.733,61900
2014-09-07,323.164,702.087,415.058,2348.08,470.425,6.34466e+06,246.557,222.699,61900
2014-09-14,369.567,802.877,474.674,2826.45,537.986,6.34398e+06,281.967,338.086,61900
2014-09-21,422.612,918.084,542.827,3373.52,615.221,6.34319e+06,322.447,277.5,61900
2014-09-28,483.241,1049.75,620.732,3999.12,703.503,6.3423e+06,368.717,412.243,61900
2014-07-13,83.4773,181.259,113.002,118.972,122.54,6.34795e+06,84.8588,55.0013,61950
2014-07-20,95.2195,206.099,124.503,246.335,138.865,6.34778e+06,96.1637,117.531,61950
2014-07-27,107.92,232.978,140.122,388.567,157.851,6.34758e+06,109.312,116.67,61950
2014-08-03,122.027,263.272,158.288,549.04,178.638,6.34736e+06,123.706,135.074,61950
2014-08-10,137.913,297.515,178.885,730.368,201.926,6.34711e+06,139.833,147.961,61950
2014-08-17,155.855,336.214,202.162,935.293,228.202,6.34682e+06,158.029,147.47,61950
2014-08-24,176.126,379.939,228.462,1166.88,257.887,6.3465e+06,178.586,196.84,61950
2014-08-31,199.03,429.341,258.177,1428.59,291.426,6.34613e+06,201.812,186.683,61950
2014-09-07,224.906,485.151,291.749,1724.34,329.319,6.34572e+06,228.052,312.976,61950
2014-09-14,254.138,548.198,329.678,2058.54,372.128,6.34526e+06,257.698,223.765,61950
2014-09-21,287.16,619.415,372.525,2436.18,420.488,6.34473e+06,291.187,315.457,61950
2014-09-28,324.459,699.854,420.926,2862.89,475.115,6.34414e+06,329.016,342.298,61950
2014-07-13,102.556,220.878,139.771,147.514,151.458,6.34784e+06,88.1626,76.3766,62000
2014-07-20,115.431,247.932,152.432,304.285,169.432,6.34763e+06,98.6247,126.202,62000
2014-07-27,129.184,276.804,169.482,477.356,190.121,6.3474e+06,110.668,119.195,62000
2014-08-03,144.26,308.932,189.09,670.227,212.479,6.34714e+06,123.682,138.662,62000
2014-08-10,161.025,344.797,211.053,885.472,237.208,6.34685e+06,138.077,154.463,62000
2014-08-17,179.723,384.827,235.567,1125.72,264.76,6.34652e+06,154.115,179.76,62000
2014-08-24,200.587,429.495,262.92,1393.87,295.5,6.34616e+06,172.008,175.172,62000
2014-08-31,223.867,479.334,293.441,1693.14,329.8,6.34576e+06,191.974,176.554,62000
2014-09-07,249.841,534.94,327.496,2027.16,368.071,6.34531e+06,214.251,264.452,62000
2014-09-14,278.82,596.975,365.492,2399.93,410.77,6.34481e+06,239.106,288.676,62000
2014-09-21,311.149,666.178,407.883,2815.95,458.407,6.34425e+06,266.835,342.994,62000
2014-09-28,347.212,743.369,455.173,3280.21,511.548,6.34362e+06,297.768,307.48,62000
2014-07-13,115.028,248.449,156.399,164.923,169.519,6.34777e+06,87.8109,135.612,62050
2014-07-20,130.075,280.141,171.175,340.641,190.495,6.34753e+06,98.6762,104.544,62050
2014-07-27,146.218,314.126,191.132,535.411,214.727,6.34726e+06,111.228,136.33,62050
2014-08-03,163.995,352.111,214.173,753.401,241.031,6.34697e+06,124.854,150.317,62050
2014-08-10,183.85,394.699,240.091,997.739,270.256,6.34663e+06,139.992,123.207,62050
2014-08-17,206.091,442.437,269.144,1271.65,302.959,6.34626e+06,156.933,177.652,62050
2014-08-24,231.016,495.937,301.702,1578.69,339.604,6.34584e+06,175.915,200.915,62050
2014-08-31,258.947,555.888,338.188,1922.87,380.67,6.34537e+06,197.187,201.593,62050
2014-09-07,290.245,623.063,379.075,2308.68,426.688,6.34485e+06,221.024,209.133,62050
2014-09-14,325.313,698.325,424.889,2741.11,478.251,6.34426e+06,247.733,212.936,62050
2014-09-21,364.602,782.643,476.222,3225.8,536.022,6.3436e+06,277.659,276.831,62050
2014-09-28,408.616,877.094,533.732,3769.04,600.745,6.34286e+06,311.185,271.025,62050
2014-07-13,70.1614,153.737,94.2543,98.9595,102.295,6.34803e+06,76.2664,85.1511,62100
2014-07-20,81.2377,177.344,105.055,205.781,117.622,6.34788e+06,87.6934,82.4105,62100
2014-07-27,93.3877,203.287,119.862,326.629,135.656,6.34771e+06,101.138,49.4852,62100
2014-08-03,107.081,232.947,137.302,464.88,155.69,6.34751e+06,116.075,90.7377,62100
2014-08-10,122.722,266.946,157.35,623.293,178.461,6.34728e+06,133.052,77.8635,62100
2014-08-17,140.637,305.91,180.324,804.837,204.519,6.34702e+06,152.479,150.647,62100
2014-08-24,161.164,350.555,206.648,1012.89,234.372,6.34672e+06,174.736,137.411,62100
2014-08-31,184.682,401.705,236.808,1251.3,268.576,6.34638e+06,200.238,202.233,62100
2014-09-07,211.627,460.306,271.364,1524.51,307.765,6.34598e+06,229.455,181.928,62100
2014-09-14,242.496,527.439,310.954,1837.58,352.663,6.34553e+06,262.929,341.378,62100
2014-09-21,277.858,604.339,356.309,2196.33,404.097,6.34502e+06,301.275,248.363,62100
2014-09-28,318.364,692.422,408.264,2607.39,463.015,6.34442e+06,345.202,311.433,62100
2014-07-13,118.101,255.783,160.212,168.805,173.695,6.34775e+06,85.2421,92.5473,62150
2014-07-20,134.149,289.66,175.95,349.102,196.036,6.3475e+06,96.2058,99.3076,62150
2014-07-27,151.438,326.156,197.267,549.718,221.933,6.34723e+06,108.915,86.7245,62150
2014-08-03,170.561,367.123,221.97,775.184,250.169,6.34692e+06,122.772,131.373,62150
2014-08-10,192.01,413.245,249.872,1028.96,281.674,6.34657e+06,138.233,132.006,62150
2014-08-17,216.137,465.161,281.278,1314.63,317.078,6.34617e+06,155.608,181.776,62150
2014-08-24,243.287,523.584,316.621,1636.2,356.914,6.34573e+06,175.158,161.78,62150
2014-08-31,273.84,589.325,356.393,1998.17,401.743,6.34523e+06,197.158,158.363,62150
2014-09-07,308.218,663.293,401.147,2405.6,452.186,6.34467e+06,221.914,296.294,62150
2014-09-14,346.897,746.512,451.503,2864.19,508.943,6.34404e+06,249.767,223.738,62150
2014-09-21,390.412,840.129,508.159,3380.33,572.798,6.34333e+06,281.105,189.08,62150
2014-09-28,439.361,945.432,571.897,3961.23,644.633,6.34253e+06,316.358,336.154,62150
2014-07-13,92.2873,202.414,123.877,130.022,134.457,6.3479e+06,70.8443,63.5417,62200
2014-07-20,107.027,233.853,138.243,270.5,154.843,6.3477e+06,81.5854,79.4343,62200
2014-07-27,123.219,268.459,157.958,429.643,178.858,6.34747e+06,94.2389,120.67,62200
2014-08-03,141.495,308.081,181.208,611.97,205.578,6.34721e+06,108.317,80.9995,62200
2014-08-10,162.401,353.564,207.973,821.199,235.993,6.3469e+06,124.343,113.054,62200
2014-08-17,186.381,405.762,238.689,1061.33,270.848,6.34656e+06,142.708,156.774,62200
2014-08-24,213.896,465.656,273.933,1336.92,310.837,6.34616e+06,163.777,169.404,62200
2014-08-31,245.466,534.373,314.372,1653.2,356.719,6.3457e+06,187.952,185.801,62200
2014-09-07,281.684,613.207,360.768,2016.17,409.361,6.34518e+06,215.689,89.0786,62200
2014-09-14,323.235,703.641,413.996,2432.69,469.753,6.34458e+06,247.509,276.035,62200
2014-09-21,370.896,807.371,475.059,2910.66,539.032,6.34389e+06,284.012,269.861,62200
2014-09-28,425.563,926.339,545.101,3459.12,618.497,6.34309e+06,325.881,279.678,62200
2014-07-13,88.822,196.749,118.227,123.71,128.442,6.34792e+06,68.5054,47.4026,62250
2014-07-20,104.71,230.914,133.635,258.605,150.303,6.34772e+06,80.1647,88.1113,62250
2014-07-27,122.434,269.164,155.004,413.623,176.387,6.34749e+06,94.0771,109.437,62250
2014-08-03,142.762,313.646,180.558,593.946,205.877,6.34722e+06,109.806,96.8459,62250
2014-08-10,166.38,365.495,210.419,804.062,239.978,6.3469e+06,127.994,125.759,62250
2014-08-17,193.888,425.916,245.217,1048.93,279.664,6.34654e+06,149.16,127.557,62250
2014-08-24,225.938,496.311,285.76,1334.28,325.897,6.34611e+06,173.819,191.362,62250
2014-08-31,263.277,578.321,332.994,1666.81,379.762,6.34561e+06,202.548,127,62250
2014-09-07,306.775,673.852,388.022,2054.3,442.514,6.34503e+06,236.017,240.527,62250
2014-09-14,357.443,785.125,452.125,2505.81,515.613,6.34435e+06,275.005,230.862,62250
2014-09-21,416.457,914.72,526.794,3031.89,600.757,6.34356e+06,320.417,366.072,62250
2014-09-28,485.185,1065.63,613.76,3644.85,699.921,6.34264e+06,373.307,411.801,62250
2014-07-13,79.2219,173.036,106.713,112.15,115.783,6.34798e+06,89.857,109.791,62300
2014-07-20,91.2459,198.595,118.456,232.856,132.449,6.34781e+06,102.791,73.5284,62300
2014-07-27,104.37,226.531,134.502,368.788,151.978,6.34762e+06,117.947,85.1841,62300
2014-08-03,119.085,258.308,153.317,523.535,173.561,6.3474e+06,134.698,145.099,62300
2014-08-10,135.81,294.555,174.84,699.981,197.969,6.34714e+06,153.64,179.095,62300
2014-08-17,154.871,335.89,199.384,901.197,225.761,6.34686e+06,175.208,155.097,62300
2014-08-24,176.602,383.018,227.367,1130.66,257.443,6.34653e+06,199.796,172.611,62300
2014-08-31,201.379,436.747,259.271,1392.32,293.564,6.34616e+06,227.83,271.628,62300
2014-09-07,229.625,497.997,295.644,1690.69,334.745,6.34574e+06,259.789,158.745,62300
2014-09-14,261.824,567.818,337.11,2030.92,381.692,6.34525e+06,296.224,303.786,62300
2014-09-21,298.528,647.401,384.378,2418.85,435.207,6.3447e+06,337.756,441.49,62300
2014-09-28,340.362,738.106,438.258,2861.18,496.205,6.34407e+06,385.095,517.173,62300
2014-07-13,74.2656,161.847,100.226,105.404,108.722,6.34801e+06,73.0779,83.4691,62350
2014-07-20,85.222,185.094,110.938,218.617,123.925,6.34785e+06,83.2972,69.822,62350
2014-07-27,97.1398,210.406,125.541,345.704,141.69,6.34767e+06,95.2378,123.551,62350
2014-08-03,110.454,239.099,142.611,489.888,161.254,6.34747e+06,108.388,141.405,62350
2014-08-10,125.534,271.714,162.073,653.725,183.299,6.34724e+06,123.205,105.443,62350
2014-08-17,142.662,308.78,184.19,839.921,208.313,6.34697e+06,140.019,128.634,62350
2014-08-24,162.122,350.898,209.32,1051.52,236.732,6.34668e+06,159.121,198.73,62350
2014-08-31,184.234,398.75,237.873,1291.99,269.023,6.34634e+06,180.825,174.594,62350
2014-09-07,209.356,453.116,270.315,1565.26,305.71,6.34595e+06,205.485,236.488,62350
2014-09-14,237.896,514.878,307.173,1875.79,347.391,6.34551e+06,233.501,374.277,62350
2014-09-21,270.319,585.036,349.046,2228.66,394.743,6.34502e+06,265.329,256.537,62350
2014-09-28,307.148,664.728,396.614,2629.63,448.533,6.34445e+06,301.484,226.279,62350
2014-07-13,93.9637,206.133,126.106,132.353,136.879,6.34789e+06,78.6923,93.31,62400
2014-07-20,109.007,238.225,140.766,275.376,157.683,6.34769e+06,90.6529,109.086,62400
2014-07-27,125.539,273.563,160.89,437.449,182.198,6.34745e+06,104.747,78.9453,62400
2014-08-03,144.203,314.036,184.63,623.192,209.482,6.34718e+06,120.432,107.597,62400
2014-08-10,165.562,360.511,211.966,836.405,240.549,6.34688e+06,138.293,159.944,62400
2014-08-17,190.068,413.863,243.348,1081.19,276.163,6.34652e+06,158.768,166.178,62400
2014-08-24,218.194,475.099,279.366,1362.2,317.034,6.34612e+06,182.265,199.581,62400
2014-08-31,250.475,545.378,320.706,1684.81,363.944,6.34565e+06,209.234,130.591,62400
2014-09-07,287.522,626.029,368.151,2055.14,417.781,6.34511e+06,240.185,242.474,62400
2014-09-14,330.034,718.574,422.599,2480.26,479.564,6.3445e+06,275.704,206.844,62400
2014-09-21,378.815,824.757,485.079,2968.24,550.458,6.34379e+06,316.462,379.733,62400
2014-09-28,434.781,946.575,556.769,3528.35,631.801,6.34298e+06,363.226,334.507,62400
2014-07-13,87.5083,188.862,119.057,125.575,129.036,6.34793e+06,79.9358,84.7144,62450
2014-07-20,98.8299,212.694,130.18,259.278,144.825,6.34775e+06,89.7168,78.9081,62450
2014-07-27,110.963,238.218,145.19,407.315,163.048,6.34755e+06,101.005,128.059,62450
2014-08-03,124.309,266.714,162.503,572.809,182.807,6.34732e+06,113.246,77.6151,62450
2014-08-10,139.197,298.627,181.955,758.089,204.733,6.34707e+06,126.828,100.5,62450
2014-08-17,155.856,334.36,203.737,965.549,229.241,6.34679e+06,142.011,122.64,62450
2014-08-24,174.504,374.363,228.119,1197.84,256.674,6.34648e+06,159.005,171.659,62450
2014-08-31,195.379,419.141,255.414,1457.93,287.382,6.34612e+06,178.028,184.514,62450
2014-09-07,218.746,469.261,285.967,1749.13,321.757,6.34573e+06,199.323,219.944,62450
2014-09-14,244.901,525.359,320.166,2075.16,360.233,6.34528e+06,223.158,286.594,62450
2014-09-21,274.173,588.141,358.445,2440.18,403.297,6.34479e+06,249.836,351.52,62450
2014-09-28,306.934,658.401,401.286,2848.84,451.494,6.34423e+06,279.693,296.519,62450
2014-07-13,77.7071,168.739,105.186,110.741,114.065,6.34799e+06,84.9226,104.088,62500
2014-07-20,88.6453,191.879,115.9,229.3,129.272,6.34782e+06,96.2441,80.2857,62500
2014-07-27,100.478,216.921,130.45,361.708,146.959,6.34764e+06,109.412,140.653,62500
2014-08-03,113.621,245.148,147.374,511.11,166.325,6.34743e+06,123.83,134.09,62500
2014-08-10,128.423,277.057,166.565,679.943,188.024,6.3472e+06,139.985,141.912,62500
2014-08-17,145.143,313.122,188.255,870.762,212.509,6.34693e+06,158.215,161.518,62500
2014-08-24,164.036,353.876,212.764,1086.43,240.173,6.34663e+06,178.811,190.344,62500
2014-08-31,185.383,399.925,240.458,1330.16,271.432,6.34629e+06,202.084,218.782,62500
2014-09-07,209.504,451.953,271.75,1605.63,306.753,6.34591e+06,228.38,252.127,62500
2014-09-14,236.757,510.733,307.106,1916.93,346.661,6.34548e+06,258.092,278.323,62500
2014-09-21,267.545,577.139,347.052,2268.73,391.748,6.34499e+06,291.66,195.216,62500
2014-09-28,302.327,652.153,392.182,2666.29,442.684,6.34444e+06,329.582,262.2,62500
2014-07-13,79.1536,174.267,105.907,111.031,114.993,6.34798e+06,66.6404,47.0921,62550
2014-07-20,92.3728,202.551,118.766,231.411,133.239,6.3478e+06,77.2148,88.7681,62550
2014-07-27,106.981,233.888,136.486,368.532,154.841,6.3476e+06,89.7332,98.5445,62550
2014-08-03,123.57,269.983,157.494,526.547,179.023,6.34737e+06,103.747,68.1891,62550
2014-08-10,142.661,311.661,181.817,708.939,206.716,6.3471e+06,119.796,95.1407,62550
2014-08-17,164.688,359.775,209.896,919.501,238.64,6.3468e+06,138.296,142.689,62550
2014-08-24,190.111,415.308,242.303,1162.58,275.482,6.34644e+06,159.647,112.116,62550
2014-08-31,219.453,479.399,279.707,1443.18,318.005,6.34603e+06,184.29,161.04,62550
2014-09-07,253.315,553.36,322.875,1767.09,367.08,6.34555e+06,212.73,212.57,62550
2014-09-14,292.392,638.708,372.693,2140.98,423.714,6.34501e+06,245.55,265.915,62550
2014-09-21,337.482,737.184,430.181,2572.56,489.066,6.34437e+06,283.423,243.382,62550
2014-09-28,389.507,850.798,496.514,3070.7,564.472,6.34364e+06,327.122,416.926,62550
2014-07-13,89.1445,194.211,120.337,126.567,130.535,6.34792e+06,87.085,101.562,62600
2014-07-20,102.243,221.995,133.146,262.472,148.713,6.34773e+06,99.2128,129.349,62600
2014-07-27,116.483,252.23,150.601,414.963,169.945,6.34752e+06,113.378,135.229,62600
2014-08-03,132.384,286.485,170.994,587.884,193.315,6.34727e+06,128.968,64.5987,62600
2014-08-10,150.383,325.403,194.234,784.279,219.635,6.347e+06,146.527,153.128,62600
2014-08-17,170.816,369.608,220.631,1007.37,249.485,6.34668e+06,166.441,160.357,62600
2014-08-24,194.02,419.811,250.608,1260.77,283.379,6.34632e+06,189.054,166.684,62600
2014-08-31,220.37,476.819,284.65,1548.6,321.869,6.34592e+06,214.732,216.041,62600
2014-09-07,250.292,541.55,323.307,1875.52,365.578,6.34546e+06,243.892,265.238,62600
2014-09-14,284.266,615.045,367.203,2246.83,415.208,6.34494e+06,277.002,372.797,62600
2014-09-21,322.839,698.485,417.043,2668.55,471.558,6.34434e+06,314.596,291.316,62600
2014-09-28,366.629,793.206,473.628,3147.49,535.533,6.34367e+06,357.276,384.6,62600
2014-07-13,75.644,165.743,101.624,106.698,110.293,6.348e+06,83.4977,99.5423,62650
2014-07-20,87.5791,191.179,113.262,221.868,126.808,6.34784e+06,96.0011,92.4637,62650
2014-07-27,100.67,219.13,129.217,352.153,146.24,6.34765e+06,110.712,87.8225,62650
2014-08-03,115.422,251.083,148.007,501.187,167.825,6.34743e+06,127.053,96.2287,62650
2014-08-10,132.272,287.708,169.605,671.945,192.356,6.34719e+06,145.625,138.691,62650
2014-08-17,151.57,329.676,194.355,867.622,220.426,6.34691e+06,166.875,136.059,62650
2014-08-24,173.679,377.76,222.709,1091.85,252.581,6.34658e+06,191.218,134.824,62650
2014-08-31,199.008,432.845,255.194,1348.78,289.421,6.34621e+06,219.108,249.994,62650
2014-09-07,228.024,495.947,292.409,1643.19,331.625,6.34579e+06,251.059,253.636,62650
2014-09-14,261.263,568.229,335.042,1980.53,379.972,6.3453e+06,287.66,299.496,62650
2014-09-21,299.336,651.02,383.878,2367.05,435.352,6.34475e+06,329.586,207.295,62650
2014-09-28,342.942,745.838,439.815,2809.89,498.783,6.34411e+06,377.607,345.983,62650
2014-07-13,80.9857,176.078,109.51,115.25,118.768,6.34797e+06,93.6258,65.1777,62700
2014-07-20,92.5749,200.62,120.854,238.775,134.869,6.3478e+06,106.319,74.5493,62700
2014-07-27,105.136,227.236,136.281,376.975,153.626,6.3476e+06,121.105,84.2411,62700
2014-08-03,119.115,257.295,154.255,533.206,174.205,6.34739e+06,137.328,131.185,62700
2014-08-10,134.89,291.34,174.675,710.094,197.308,6.34714e+06,155.54,216.279,62700
2014-08-17,152.743,329.892,197.798,910.399,223.428,6.34686e+06,176.13,176.584,62700
2014-08-24,172.954,373.539,223.975,1137.22,252.994,6.34654e+06,199.438,186.798,62700
2014-08-31,195.834,422.949,253.611,1394.05,286.467,6.34618e+06,225.825,222.358,62700
2014-09-07,221.736,478.882,287.161,1684.86,324.361,6.34578e+06,255.697,274.958,62700
2014-09-14,251.056,542.193,325.14,2014.14,367.257,6.34532e+06,289.512,337.368,62700
2014-09-21,284.243,613.852,368.13,2386.96,415.811,6.3448e+06,327.788,398.165,62700
2014-09-28,321.804,694.952,416.79,2809.07,470.768,6.34421e+06,371.111,415.833,62700
2014-07-13,84.1627,183.472,113.553,119.409,123.183,6.34795e+06,80.7797,68.3257,62750
2014-07-20,96.6278,209.926,125.739,247.701,140.477,6.34777e+06,92.121,88.8726,62750
2014-07-27,110.193,238.746,142.356,391.776,160.693,6.34757e+06,105.378,122.187,62750
2014-08-03,125.355,271.428,161.787,555.31,182.965,6.34734e+06,119.984,115.258,62750
2014-08-10,142.535,308.596,183.951,741.222,208.075,6.34707e+06,136.45,149.915,62750
2014-08-17,162.057,350.855,209.151,952.602,236.58,6.34678e+06,155.143,139.401,62750
2014-08-24,184.247,398.893,237.796,1192.94,268.979,6.34644e+06,176.389,113.116,62750
2014-08-31,209.472,453.496,270.357,1466.18,305.807,6.34605e+06,200.54,183.064,62750
2014-09-07,238.142,515.557,307.368,1776.84,347.669,6.34561e+06,227.991,251.178,62750
2014-09-14,270.728,586.09,349.436,2130.02,395.248,6.34511e+06,259.193,235.663,62750
2014-09-21,307.761,666.245,397.247,2531.53,449.322,6.34455e+06,294.653,200.884,62750
2014-09-28,349.844,757.327,451.582,2987.97,510.774,6.3439e+06,334.951,442.045,62750
2014-07-13,80.2598,174.257,108.655,114.398,117.825,6.34797e+06,82.7476,82.6615,62800
2014-07-20,91.5358,198.109,119.7,236.855,133.502,6.3478e+06,93.7576,97.3249,62800
2014-07-27,103.731,223.915,134.698,373.59,151.734,6.34761e+06,106.561,87.8776,62800
2014-08-03,117.273,252.995,152.139,527.84,171.691,6.3474e+06,120.577,125.414,62800
2014-08-10,132.522,285.863,171.913,702.113,194.046,6.34716e+06,136.277,57.0159,62800
2014-08-17,149.742,323.002,194.256,899.036,219.267,6.34688e+06,153.989,197.812,62800
2014-08-24,169.196,364.961,219.498,1121.55,247.756,6.34657e+06,173.997,136.039,62800
2014-08-31,191.173,412.359,248.013,1372.98,279.94,6.34623e+06,196.599,96.453,62800
2014-09-07,215.999,465.9,280.226,1657.06,316.297,6.34583e+06,222.133,300.393,62800
2014-09-14,244.041,526.376,316.614,1978.04,357.366,6.34538e+06,250.975,275.416,62800
2014-09-21,275.714,594.681,357.716,2340.69,403.754,6.34488e+06,283.553,403.814,62800
2014-09-28,311.487,671.821,404.141,2750.41,456.148,6.34431e+06,320.349,250.983,62800
2014-07-13,122.903,267.275,166.16,174.858,180.211,6.34772e+06,85.2836,79.7083,62850
2014-07-20,140.543,304.636,183.425,362.308,204.716,6.34746e+06,96.8805,109.234,62850
2014-07-27,159.666,345.165,206.908,572.094,233.269,6.34717e+06,110.393,96.9252,62850
2014-08-03,180.957,390.95,234.275,809.333,264.605,6.34683e+06,125.223,88.2701,62850
2014-08-10,204.987,442.82,265.375,1078.03,299.794,6.34646e+06,141.876,158.564,62850
2014-08-17,232.189,501.569,300.6,1382.39,339.588,6.34603e+06,160.708,117.764,62850
2014-08-24,262.991,568.096,340.487,1727.15,384.643,6.34555e+06,182.03,184.59,62850
2014-08-31,297.868,643.421,385.654,2117.64,435.662,6.34501e+06,206.175,210.823,62850
2014-09-07,337.357,728.702,436.795,2559.93,493.429,6.34439e+06,233.512,163.922,62850
2014-09-14,382.063,825.245,494.698,3060.86,558.831,6.34369e+06,264.464,291.68,62850
2014-09-21,432.671,934.524,560.249,3628.18,632.87,6.34289e+06,299.502,386.954,62850
2014-09-28,489.953,1058.21,634.451,4270.65,716.677,6.342e+06,339.164,379.578,62850
2014-07-13,130.59,277.708,179.835,190.501,194.654,6.34767e+06,103.034,132.583,62900
2014-07-20,143.981,305.561,193.084,390.718,213.467,6.34742e+06,112.992,157.023,62900
2014-07-27,158.013,334.653,210.698,607.889,234.785,6.34714e+06,124.276,99.7448,62900
2014-08-03,173.09,366.391,230.61,845.341,257.364,6.34683e+06,136.227,145.159,62900
2014-08-10,189.527,401.146,252.498,1105.3,281.845,6.3465e+06,149.186,94.8927,62900
2014-08-17,207.509,439.196,276.462,1389.93,308.595,6.34614e+06,163.345,167.077,62900
2014-08-24,227.19,480.843,302.691,1701.57,337.868,6.34574e+06,178.84,134.376,62900
2014-08-31,248.73,526.424,331.399,2042.77,369.908,6.3453e+06,195.799,183.99,62900
2014-09-07,272.305,576.307,362.818,2416.32,404.974,6.34482e+06,214.36,187.882,62900
2014-09-14,298.103,630.893,397.203,2825.29,443.349,6.3443e+06,234.673,142.18,62900
2014-09-21,326.334,690.622,434.832,3273,485.344,6.34373e+06,256.901,331.374,62900
2014-09-28,357.223,755.973,476.008,3763.12,531.295,6.3431e+06,281.224,279.565,62900
2014-07-13,106.094,233.341,142.077,148.997,154.25,6.34782e+06,71.7114,56.381,62950
2014-07-20,123.602,270.77,159.117,310.388,178.431,6.34759e+06,82.953,94.5232,62950
2014-07-27,142.919,312.164,182.572,493.951,207.018,6.34732e+06,96.2432,108.048,62950
2014-08-03,164.817,359.764,210.339,705.15,238.966,6.34701e+06,111.096,104.256,62950
2014-08-10,189.977,414.637,242.437,948.544,275.491,6.34665e+06,128.076,104.916,62950
2014-08-17,218.957,477.877,279.429,1229.08,317.527,6.34624e+06,147.619,157.764,62950
2014-08-24,252.35,550.747,322.054,1552.41,365.959,6.34577e+06,170.135,186.808,62950
2014-08-31,290.825,634.703,371.168,1925.06,421.763,6.34523e+06,196.079,170.601,62950
2014-09-07,335.152,731.425,427.756,2354.53,486.058,6.3446e+06,225.97,135.754,62950
2014-09-14,386.217,842.841,492.949,2849.47,560.129,6.34388e+06,260.405,301.392,62950
2014-09-21,445.037,971.17,568.049,3419.82,645.454,6.34305e+06,300.073,263.097,62950
2014-09-28,512.782,1118.96,654.553,4077.05,743.731,6.34209e+06,345.762,326.999,62950
2014-07-13,92.6132,205.709,122.984,128.577,133.645,6.3479e+06,76.4341,115.509,63000
2014-07-20,109.678,242.488,139.51,269.141,157.09,6.34769e+06,89.843,90.9499,63000
2014-07-27,128.797,283.858,162.498,431.319,185.166,6.34744e+06,105.9,87.862,63000
2014-08-03,150.821,332.177,190.094,620.773,217.049,6.34716e+06,124.135,123.863,63000
2014-08-10,176.521,388.737,222.476,842.469,254.079,6.34682e+06,145.313,106.929,63000
2014-08-17,206.582,454.928,260.372,1101.93,297.357,6.34643e+06,170.064,133.173,63000
2014-08-24,241.754,532.374,304.711,1405.58,347.991,6.34597e+06,199.023,149.212,63000
2014-08-31,282.905,622.979,356.589,1760.94,407.232,6.34543e+06,232.904,281.327,63000
2014-09-07,331.047,728.971,417.283,2176.78,476.54,6.3448e+06,272.543,182.16,63000
2014-09-14,387.361,852.949,488.286,2663.4,557.618,6.34406e+06,318.913,325.281,63000
2014-09-21,453.228,997.948,571.341,3232.8,652.455,6.34319e+06,373.152,295.934,63000
2014-09-28,530.26,1167.51,668.482,3899.03,763.373,6.34218e+06,436.588,331.236,63000
2014-07-13,87.5106,190.854,118.027,124.097,128.04,6.34793e+06,79.3871,79.9016,63050
2014-07-20,100.544,218.525,130.765,257.478,146.12,6.34774e+06,90.5966,115.131,63050
2014-07-27,114.737,248.691,148.144,407.363,167.264,6.34753e+06,103.706,119.229,63050
2014-08-03,130.612,282.925,168.479,577.605,190.577,6.34729e+06,118.161,89.9808,63050
2014-08-10,148.613,321.883,191.688,771.272,216.877,6.34702e+06,134.467,116.745,63050
2014-08-17,169.08,366.207,218.094,991.619,246.753,6.3467e+06,152.991,116.884,63050
2014-08-24,192.362,416.625,248.13,1242.32,280.733,6.34635e+06,174.059,226.489,63050
2014-08-31,218.843,473.972,282.295,1527.53,319.384,6.34595e+06,198.023,176.106,63050
2014-09-07,248.962,539.194,321.155,1852.02,363.346,6.34549e+06,225.28,161.119,63050
2014-09-14,283.216,613.367,365.353,2221.17,413.346,6.34497e+06,256.281,364.566,63050
2014-09-21,322.171,697.715,415.618,2641.11,470.208,6.34437e+06,291.537,223.607,63050
2014-09-28,366.467,793.623,472.78,3118.82,534.871,6.3437e+06,331.628,425.819,63050
2014-07-13,84.7471,185.071,114.173,119.996,123.875,6.34795e+06,82.5825,110.761,63100
2014-07-20,97.581,212.348,126.708,249.126,141.665,6.34776e+06,94.4427,96.9919,63100
2014-07-27,111.586,242.152,143.833,394.507,162.506,6.34756e+06,108.337,75.2602,63100
2014-08-03,127.283,276.045,163.908,559.966,185.534,6.34732e+06,123.689,118.571,63100
2014-08-10,145.118,314.693,186.866,748.575,211.567,6.34705e+06,141.044,177.288,63100
2014-08-17,165.44,358.754,213.04,963.602,241.201,6.34675e+06,160.799,171.819,63100
2014-08-24,188.602,408.975,242.872,1208.74,274.973,6.3464e+06,183.314,204.841,63100
2014-08-31,215.002,466.214,276.874,1488.21,313.467,6.346e+06,208.977,166.019,63100
2014-09-07,245.089,531.446,315.628,1806.79,357.339,6.34555e+06,238.225,214.349,63100
2014-09-14,279.378,605.783,359.795,2169.96,407.338,6.34504e+06,271.557,339.39,63100
2014-09-21,318.451,690.489,410.128,2583.95,464.316,6.34445e+06,309.542,323.429,63100
2014-09-28,362.972,787,467.483,3055.84,529.242,6.34378e+06,352.826,381.345,63100
2014-07-13,69.0974,151.839,92.6009,97.1377,100.527,6.34804e+06,68.2978,69.3247,63150
2014-07-20,80.3846,175.952,103.591,202.27,116.123,6.34789e+06,78.8934,87.3304,63150
2014-07-27,92.821,202.581,118.705,321.697,134.54,6.34771e+06,91.4061,94.9455,63150
2014-08-03,106.901,233.163,136.576,458.92,155.095,6.34751e+06,105.371,97.9292,63150
2014-08-10,123.057,268.373,157.209,616.852,178.564,6.34728e+06,121.316,90.7385,63150
2014-08-17,141.644,308.903,180.958,798.643,205.54,6.34702e+06,139.644,183.691,63150
2014-08-24,163.034,355.547,208.29,1007.89,236.582,6.34672e+06,160.733,140.646,63150
2014-08-31,187.65,409.224,239.744,1248.75,272.306,6.34636e+06,185.004,222.401,63150
2014-09-07,215.977,470.991,275.941,1525.97,313.417,6.34596e+06,212.935,270.954,63150
2014-09-14,248.573,542.062,317.594,1845.04,360.724,6.3455e+06,245.075,270.967,63150
2014-09-21,286.077,623.834,365.522,2212.27,415.157,6.34496e+06,282.056,271.782,63150
2014-09-28,329.226,717.909,420.668,2634.9,477.785,6.34435e+06,324.606,145.402,63150
2014-07-13,81.5776,177.575,110.201,115.936,119.53,6.34796e+06,82.259,64.5873,63200
2014-07-20,93.4335,202.707,121.8,240.329,135.992,6.34779e+06,93.5879,106.358,63200
2014-07-27,106.307,230.016,137.592,379.735,155.198,6.3476e+06,106.805,107.492,63200
2014-08-03,120.661,260.916,156.021,537.615,176.309,6.34737e+06,121.334,90.7465,63200
2014-08-10,136.889,295.977,176.996,716.694,200.054,6.34712e+06,137.675,123.18,63200
2014-08-17,155.288,335.751,200.79,919.849,226.949,6.34684e+06,156.183,177.765,63200
2014-08-24,176.155,380.864,227.777,1150.31,257.449,6.34651e+06,177.173,160.013,63200
2014-08-31,199.822,432.027,258.384,1411.74,292.04,6.34615e+06,200.978,287.07,63200
2014-09-07,226.662,490.047,293.097,1708.3,331.272,6.34573e+06,227.977,269.797,63200
2014-09-14,257.098,555.841,332.463,2044.7,375.762,6.34526e+06,258.594,240.324,63200
2014-09-21,291.612,630.445,377.104,2426.27,426.213,6.34472e+06,293.314,328.96,63200
2014-09-28,330.745,715.03,427.724,2859.07,483.419,6.34412e+06,332.682,378.75,63200
2014-07-13,100.037,217.198,135.427,142.586,146.858,6.34785e+06,82.294,84.0043,63250
2014-07-20,114.093,246.93,149.196,295.217,166.4,6.34764e+06,93.2449,89.7333,63250
2014-07-27,129.294,279.097,167.892,465.647,189.126,6.34741e+06,105.98,104.701,63250
2014-08-03,146.175,315.345,189.632,657.909,214.002,6.34714e+06,119.92,119.892,63250
2014-08-10,165.182,356.312,214.28,875.13,241.868,6.34684e+06,135.535,135.249,63250
2014-08-17,186.645,402.602,242.129,1120.58,273.304,6.3465e+06,153.15,152.464,63250
2014-08-24,210.891,454.894,273.59,1397.93,308.812,6.34611e+06,173.047,219.996,63250
2014-08-31,238.28,513.963,309.129,1711.32,348.923,6.34568e+06,195.524,197.483,63250
2014-09-07,269.217,580.682,349.275,2065.4,394.232,6.34519e+06,220.914,215.47,63250
2014-09-14,304.16,656.036,394.62,2465.47,445.409,6.34463e+06,249.592,208.682,63250
2014-09-21,343.624,741.134,445.836,2917.46,503.21,6.344e+06,281.981,315.126,63250
2014-09-28,388.189,837.229,503.677,3428.11,568.486,6.34329e+06,318.56,258.297,63250
2014-07-13,109.313,235.709,148.834,157.024,161.296,6.3478e+06,93.0182,119.144,63300
2014-07-20,123.274,265.074,162.555,324.077,180.774,6.34758e+06,104.251,112.686,63300
2014-07-27,138.213,296.473,181.055,508.806,203.229,6.34733e+06,117.2,125.514,63300
2014-08-03,154.622,331.478,202.365,715.036,227.54,6.34705e+06,131.22,126.458,63300
2014-08-10,172.9,370.625,226.276,945.603,254.478,6.34673e+06,146.755,123.35,63300
2014-08-17,193.324,414.395,253.011,1203.41,284.546,6.34639e+06,164.095,152.766,63300
2014-08-24,216.153,463.324,282.897,1491.68,318.153,6.346e+06,183.476,189.381,63300
2014-08-31,241.672,518.014,316.303,1813.99,355.718,6.34556e+06,205.14,311.797,63300
2014-09-07,270.195,579.139,353.643,2174.36,397.707,6.34507e+06,229.355,182.546,63300
2014-09-14,302.073,647.452,395.378,2577.26,444.638,6.34453e+06,256.419,163.926,63300
2014-09-21,337.698,723.792,442.022,3027.71,497.087,6.34392e+06,286.666,198.468,63300
2014-09-28,377.508,809.093,494.149,3531.28,555.699,6.34324e+06,320.467,389.812,63300
2014-07-13,89.1729,193.22,120.923,127.392,131.105,6.34792e+06,85.5582,60.3534,63350
2014-07-20,101.366,218.97,132.879,263.512,148.076,6.34773e+06,96.6328,95.7093,63350
2014-07-27,114.513,246.734,149.08,415.071,167.76,6.34752e+06,109.479,129.856,63350
2014-08-03,129.065,277.922,167.867,585.523,189.238,6.34729e+06,123.495,203.74,63350
2014-08-10,145.399,313.064,189.102,777.51,213.222,6.34702e+06,139.147,195.333,63350
2014-08-17,163.787,352.649,213.023,993.783,240.195,6.34673e+06,156.749,0,63350
2014-08-24,184.496,397.233,239.963,1237.41,270.568,6.34639e+06,176.57,243.741,63350
2014-08-31,207.819,447.441,270.303,1511.85,304.775,6.34601e+06,198.893,177.616,63350
2014-09-07,234.083,503.98,304.471,1820.98,343.298,6.34559e+06,224.033,350.581,63350
2014-09-14,263.659,567.644,342.948,2169.18,386.678,6.34511e+06,252.342,303.953,63350
2014-09-21,296.96,639.325,386.275,2561.37,435.525,6.34457e+06,284.219,337.994,63350
2014-09-28,334.453,720.026,435.06,3003.11,490.523,6.34396e+06,320.111,390.853,63350
2014-07-13,101.804,222.807,136.9,143.787,148.563,6.34784e+06,75.4011,72.2561,63400
2014-07-20,117.644,256.532,152.355,298.828,170.496,6.34762e+06,86.5327,71.2032,63400
2014-07-27,134.987,293.519,173.517,473.928,196.261,6.34737e+06,99.6096,87.5931,63400
2014-08-03,154.494,335.723,198.398,673.876,224.829,6.34709e+06,114.109,103.973,63400
2014-08-10,176.732,384.009,226.946,902.563,257.236,6.34676e+06,130.556,128.986,63400
2014-08-17,202.155,439.239,259.601,1164.16,294.249,6.34638e+06,149.342,187.698,63400
2014-08-24,231.228,502.399,296.943,1463.39,336.571,6.34596e+06,170.822,130.623,63400
2014-08-31,264.474,574.621,339.646,1805.65,384.968,6.34547e+06,195.385,197.716,63400
2014-09-07,302.488,657.198,388.477,2197.13,440.31,6.3449e+06,223.473,294.363,63400
2014-09-14,345.951,751.608,444.311,2644.88,503.587,6.34426e+06,255.588,236.028,63400
2014-09-21,395.64,859.534,508.147,3156.98,575.931,6.34353e+06,292.306,336.356,63400
2014-09-28,452.44,982.898,581.125,3742.63,658.633,6.34269e+06,334.28,417.987,63400
2014-07-13,73.7564,160.104,99.8674,105.153,108.294,6.34801e+06,95.7683,90.2158,63450
2014-07-20,84.0906,181.961,109.991,217.693,122.664,6.34786e+06,108.476,102.592,63450
2014-07-27,95.2638,205.6,123.735,343.318,139.37,6.34768e+06,123.249,120.19,63450
2014-08-03,107.668,232.23,139.714,484.991,157.651,6.34749e+06,139.417,112.169,63450
2014-08-10,121.63,262.32,157.824,645.005,178.124,6.34726e+06,157.521,137.275,63450
2014-08-17,137.393,296.31,178.281,825.762,201.214,6.34701e+06,177.941,189.424,63450
2014-08-24,155.195,334.7,201.385,1029.95,227.288,6.34673e+06,200.999,202.272,63450
2014-08-31,175.3,378.054,227.479,1260.59,256.735,6.34641e+06,227.04,238.24,63450
2014-09-07,198.006,427.014,256.947,1521.11,289.991,6.34605e+06,256.449,290.454,63450
2014-09-14,223.645,482.3,290.226,1815.38,327.547,6.34564e+06,289.661,386.99,63450
2014-09-21,252.597,544.725,327.805,2147.76,369.955,6.34518e+06,327.164,284.977,63450
2014-09-28,285.288,615.208,370.239,2523.16,417.841,6.34466e+06,369.511,317.437,63450
2014-07-13,66.8932,147.02,89.6343,94.021,97.3081,6.34805e+06,82.404,112.563,63500
2014-07-20,77.8418,170.412,100.294,195.796,112.434,6.34791e+06,95.2135,104.817,63500
2014-07-27,89.9082,196.254,114.955,311.436,130.302,6.34774e+06,110.344,115.951,63500
2014-08-03,103.574,225.939,132.297,444.343,150.248,6.34754e+06,127.235,78.3395,63500
2014-08-10,119.257,260.125,152.322,597.346,173.028,6.34732e+06,146.527,116.554,63500
2014-08-17,137.305,299.486,175.378,773.509,199.219,6.34706e+06,168.706,183.103,63500
2014-08-24,158.081,344.798,201.919,976.334,229.366,6.34677e+06,194.236,153.619,63500
2014-08-31,181.997,396.956,232.471,1209.85,264.069,6.34643e+06,223.623,207.599,63500
2014-09-07,209.525,456.991,267.64,1478.7,304.015,6.34604e+06,257.451,196.717,63500
2014-09-14,241.21,526.088,308.12,1788.21,349.994,6.34559e+06,296.388,230.029,63500
2014-09-21,277.676,605.609,354.712,2144.53,402.914,6.34507e+06,341.202,302.601,63500
2014-09-28,319.643,697.12,408.334,2554.73,463.818,6.34447e+06,392.778,521.199,63500
2014-07-13,118.988,255.767,162.426,171.522,175.977,6.34774e+06,93.7988,98.0584,63550
2014-07-20,133.499,286.212,176.71,353.493,196.255,6.3475e+06,104.607,135.509,63550
2014-07-27,148.954,318.594,195.907,553.837,219.54,6.34723e+06,117.019,109.088,63550
2014-08-03,165.843,354.518,217.925,776.443,244.625,6.34694e+06,130.39,67.4311,63550
2014-08-10,184.566,394.5,242.516,1024.14,272.284,6.3466e+06,145.133,100.777,63550
2014-08-17,205.386,438.991,269.88,1299.78,303.008,6.34624e+06,161.509,118.41,63550
2014-08-24,228.547,488.488,300.322,1606.52,337.183,6.34583e+06,179.725,206.921,63550
2014-08-31,254.312,543.548,334.188,1947.86,375.202,6.34537e+06,199.989,257.89,63550
2014-09-07,282.973,604.792,371.861,2327.68,417.493,6.34486e+06,222.532,255.254,63550
2014-09-14,314.852,672.91,413.767,2750.31,464.536,6.3443e+06,247.606,327.733,63550
2014-09-21,350.308,748.667,460.377,3220.56,516.858,6.34367e+06,275.495,338.075,63550
2014-09-28,389.738,832.912,512.216,3743.77,575.049,6.34297e+06,306.512,307.762,63550
2014-07-13,70.7749,157.504,93.8296,98.0363,101.981,6.34803e+06,68.7268,65.2424,63600
2014-07-20,84.0838,186.235,106.706,205.408,120.248,6.34787e+06,81.0371,85.2403,63600
2014-07-27,99.0408,218.66,124.654,329.638,142.179,6.34768e+06,95.8164,130.261,63600
2014-08-03,116.325,256.649,146.26,475.194,167.161,6.34746e+06,112.653,129.122,63600
2014-08-10,136.556,301.252,171.689,646.032,196.267,6.34719e+06,132.267,107.146,63600
2014-08-17,160.292,353.609,201.538,846.572,230.389,6.34689e+06,155.263,170.52,63600
2014-08-24,188.149,415.057,236.569,1081.97,270.432,6.34653e+06,182.248,150.075,63600
2014-08-31,220.841,487.168,277.681,1358.29,317.426,6.34611e+06,213.918,225.062,63600
2014-09-07,259.205,571.786,325.928,1682.61,372.574,6.34561e+06,251.084,324.977,63600
2014-09-14,304.222,671.072,382.544,2063.29,437.289,6.34503e+06,294.696,297.763,63600
2014-09-21,357.041,787.56,448.977,2510.08,513.222,6.34435e+06,345.868,366.332,63600
2014-09-28,419.006,924.212,526.921,3034.44,602.31,6.34355e+06,405.906,231.696,63600
2014-07-13,105.228,226.654,143.401,151.341,155.393,6.34782e+06,104.929,125.511,63650
2014-07-20,118.457,254.455,156.41,312.193,173.86,6.34761e+06,117.398,144.382,63650
2014-07-27,132.59,284.128,173.929,489.793,195.12,6.34737e+06,131.754,152.987,63650
2014-08-03,148.086,317.152,194.08,687.74,218.098,6.3471e+06,147.27,199.299,63650
2014-08-10,165.319,354.023,216.654,908.681,243.516,6.34681e+06,164.433,156.128,63650
2014-08-17,184.542,395.181,241.854,1155.32,271.841,6.34647e+06,183.559,218.114,63650
2014-08-24,205.995,441.114,269.976,1430.65,303.446,6.3461e+06,204.901,163.452,63650
2014-08-31,229.936,492.372,301.36,1737.98,338.717,6.34569e+06,228.717,189.14,63650
2014-09-07,256.652,549.568,336.382,2081.04,378.078,6.34523e+06,255.295,235.073,63650
2014-09-14,286.461,613.386,375.463,2463.95,421.998,6.34471e+06,284.952,352.155,63650
2014-09-21,319.721,684.587,419.069,2891.35,471.003,6.34414e+06,318.043,378.005,63650
2014-09-28,356.827,764.018,467.722,3368.37,525.678,6.34349e+06,354.962,399.297,63650
2014-07-13,97.1276,213.532,130.115,136.47,141.258,6.34787e+06,79.6104,84.7669,63700
2014-07-20,113.079,247.621,145.643,284.235,163.293,6.34766e+06,92.0289,66.1646,63700
2014-07-27,130.666,285.296,167.007,452.201,189.33,6.34741e+06,106.703,111.718,63700
2014-08-03,150.592,328.59,192.285,645.332,218.409,6.34713e+06,123.091,118.366,63700
2014-08-10,173.47,378.47,221.487,867.762,251.632,6.34681e+06,141.815,165.825,63700
2014-08-17,199.807,435.92,255.122,1123.97,289.845,6.34644e+06,163.351,149.763,63700
2014-08-24,230.135,502.078,293.854,1419.08,333.844,6.346e+06,188.148,204.092,63700
2014-08-31,265.058,578.256,338.456,1758.99,384.511,6.34551e+06,216.703,223.906,63700
2014-09-07,305.268,665.965,389.813,2150.49,442.852,6.34494e+06,249.583,273.274,63700
2014-09-14,351.563,766.94,448.945,2601.38,510.024,6.34428e+06,287.44,311.65,63700
2014-09-21,404.859,883.176,517.024,3120.66,587.356,6.34352e+06,331.023,265.42,63700
2014-09-28,466.206,1016.96,595.396,3718.66,676.377,6.34265e+06,381.193,402.085,63700
2014-07-13,77.9228,170.26,104.931,110.265,113.853,6.34799e+06,83.6001,82.229,63750
2014-07-20,89.8031,195.521,116.532,228.982,130.317,6.34782e+06,95.689,81.5595,63750
2014-07-27,102.778,223.149,132.39,362.742,149.618,6.34763e+06,109.861,88.9421,63750
2014-08-03,117.334,254.593,150.992,515.102,170.962,6.34741e+06,125.534,149.077,63750
2014-08-10,133.887,290.48,172.285,688.922,195.113,6.34716e+06,143.267,131.728,63750
2014-08-17,152.763,331.427,196.58,887.254,222.627,6.34688e+06,163.47,173.765,63750
2014-08-24,174.296,378.14,224.294,1113.55,254.011,6.34656e+06,186.515,160.669,63750
2014-08-31,198.859,431.425,255.909,1371.75,289.813,6.34619e+06,212.803,191.368,63750
2014-09-07,226.878,492.203,291.973,1666.34,330.652,6.34577e+06,242.79,235.625,63750
2014-09-14,258.837,561.525,333.11,2002.43,377.234,6.34529e+06,276.995,281.324,63750
2014-09-21,295.287,640.584,380.03,2385.88,430.364,6.34475e+06,316.007,314.173,63750
2014-09-28,336.855,730.742,433.542,2823.32,490.958,6.34413e+06,360.5,312.308,63750
2014-07-13,94.6254,205.18,128.241,135.073,139.048,6.34789e+06,93.8037,90.994,63800
2014-07-20,107.69,232.786,141.047,279.492,157.225,6.34769e+06,106.066,110.431,63800
2014-07-27,121.791,262.587,158.412,440.454,178.327,6.34747e+06,120.301,134.523,63800
2014-08-03,137.418,296.101,178.569,621.675,201.378,6.34722e+06,135.852,109.334,63800
2014-08-10,154.977,333.902,201.376,826.015,227.147,6.34693e+06,153.236,169.781,63800
2014-08-17,174.766,376.53,227.096,1056.45,256.159,6.34662e+06,172.808,216.321,63800
2014-08-24,197.076,424.592,256.093,1316.32,288.864,6.34626e+06,194.871,180.929,63800
2014-08-31,222.229,478.774,288.784,1609.36,325.735,6.34585e+06,219.745,289.998,63800
2014-09-07,250.584,539.853,325.64,1939.81,367.303,6.34539e+06,247.787,279.709,63800
2014-09-14,282.548,608.702,367.188,2312.43,414.163,6.34488e+06,279.399,253.869,63800
2014-09-21,318.577,686.302,414.022,2732.57,466.983,6.3443e+06,315.032,510.088,63800
2014-09-28,359.184,773.76,466.811,3206.3,526.518,6.34364e+06,355.195,188.768,63800
2014-07-13,105.977,228.35,144.378,152.355,156.456,6.34782e+06,90.8958,88.2906,63850
2014-07-20,119.371,256.507,157.546,314.337,175.151,6.3476e+06,101.757,100.818,63850
2014-07-27,133.688,286.579,175.288,493.277,196.682,6.34736e+06,114.266,151.681,63850
2014-08-03,149.396,320.065,195.706,692.827,219.968,6.34709e+06,127.794,138.973,63850
2014-08-10,166.874,357.474,218.591,915.683,245.74,6.34679e+06,142.767,124.556,63850
2014-08-17,186.382,399.254,244.151,1164.6,274.476,6.34646e+06,159.461,184.825,63850
2014-08-24,208.165,445.909,272.692,1442.62,306.558,6.34608e+06,178.1,219.417,63850
2014-08-31,232.487,498,304.561,1753.13,342.382,6.34566e+06,198.912,234.701,63850
2014-09-07,259.643,556.158,340.144,2099.93,382.38,6.34519e+06,222.149,248.33,63850
2014-09-14,289.96,621.086,379.872,2487.23,427.036,6.34467e+06,248.094,226.048,63850
2014-09-21,323.806,693.564,424.225,2919.77,476.891,6.34409e+06,277.057,206.673,63850
2014-09-28,361.586,774.464,473.739,3402.8,532.544,6.34344e+06,309.39,324.321,63850
2014-07-13,94.7021,205.091,128.478,135.373,139.29,6.34789e+06,85.0541,71.9075,63900
2014-07-20,107.557,232.226,141.086,279.951,157.186,6.34769e+06,95.9818,108.127,63900
2014-07-27,121.405,261.457,158.161,440.806,177.93,6.34747e+06,108.649,132.052,63900
2014-08-03,136.721,294.265,177.947,621.565,200.545,6.34722e+06,122.458,103.332,63900
2014-08-10,153.898,331.201,200.293,824.996,225.776,6.34694e+06,137.865,89.0364,63900
2014-08-17,173.219,372.774,225.445,1053.97,254.129,6.34662e+06,155.178,123.575,63900
2014-08-24,194.96,419.556,253.747,1311.7,286.029,6.34627e+06,174.657,187.237,63900
2014-08-31,219.425,472.196,285.595,1601.78,321.926,6.34587e+06,196.576,249.257,63900
2014-09-07,246.952,531.424,321.431,1928.26,362.317,6.34542e+06,221.24,191.681,63900
2014-09-14,277.924,598.059,361.753,2295.7,407.764,6.34492e+06,248.991,299.187,63900
2014-09-21,312.767,673.022,407.119,2709.23,458.894,6.34435e+06,280.213,255.333,63900
2014-09-28,351.964,757.347,458.156,3174.61,516.415,6.34371e+06,315.336,287.432,63900
2014-07-13,85.4393,185.608,115.612,121.702,125.376,6.34794e+06,86.1917,93.5928,63950
2014-07-20,97.5337,211.203,127.455,252.045,142.186,6.34776e+06,97.7484,92.8927,63950
2014-07-27,110.625,238.921,143.547,397.702,161.749,6.34756e+06,111.197,121.589,63950
2014-08-03,125.177,270.184,162.275,562.157,183.183,6.34733e+06,125.932,158.289,63950
2014-08-10,141.576,305.549,183.525,748.122,207.215,6.34707e+06,142.453,129.396,63950
2014-08-17,160.11,345.544,207.556,958.44,234.349,6.34678e+06,161.107,152.652,63950
2014-08-24,181.067,390.766,234.729,1196.29,265.026,6.34645e+06,182.197,153.303,63950
2014-08-31,204.761,441.896,265.451,1465.28,299.712,6.34607e+06,206.042,193.282,63950
2014-09-07,231.55,499.7,300.187,1769.47,338.928,6.34565e+06,233.001,233.995,63950
2014-09-14,261.836,565.046,339.458,2113.47,383.263,6.34517e+06,263.481,243.99,63950
2014-09-21,296.071,638.913,383.855,2502.45,433.384,6.34463e+06,297.937,287.751,63950
2014-09-28,334.77,722.404,434.041,2942.31,490.04,6.34402e+06,336.886,400.68,63950
2014-07-13,114.931,253.504,153.535,160.869,166.735,6.34777e+06,79.5454,76.1554,64000
2014-07-20,134.537,295.516,172.589,335.587,193.772,6.34751e+06,92.4441,76.8134,64000
2014-07-27,156.264,342.209,198.896,535.134,225.855,6.34722e+06,107.75,122.945,64000
2014-08-03,181.01,396.143,230.166,765.74,261.876,6.34688e+06,124.935,122.707,64000
2014-08-10,209.569,458.593,266.469,1032.68,303.246,6.34648e+06,144.672,175.321,64000
2014-08-17,242.611,530.886,308.494,1341.73,351.07,6.34603e+06,167.488,186.209,64000
2014-08-24,280.853,614.553,357.133,1699.5,406.415,6.3455e+06,193.891,187.478,64000
2014-08-31,325.11,711.376,413.423,2113.68,470.467,6.34489e+06,224.449,222.847,64000
2014-09-07,376.322,823.41,478.565,2593.13,544.59,6.34418e+06,259.811,224.947,64000
2014-09-14,435.578,953.03,553.943,3148.11,630.358,6.34336e+06,300.73,248.145,64000
2014-09-21,504.131,1102.98,641.158,3790.48,729.591,6.34241e+06,348.071,412.457,64000
2014-09-28,583.431,1276.42,742.056,4533.97,844.386,6.34131e+06,402.838,337.494,64000
2014-07-13,105.379,230.621,141.712,148.843,153.784,6.34782e+06,79.5447,93.0719,64050
2014-07-20,121.767,265.513,157.702,309.329,176.476,6.3476e+06,91.2821,98.8662,64050
2014-07-27,139.709,303.776,179.596,490.569,203.133,6.34734e+06,105.07,84.443,64050
2014-08-03,159.888,347.432,205.336,697.515,232.686,6.34704e+06,120.357,152.981,64050
2014-08-10,182.892,397.377,234.868,934.191,266.209,6.3467e+06,137.696,139.848,64050
2014-08-17,209.187,454.5,268.645,1204.91,304.493,6.34631e+06,157.499,171.788,64050
2014-08-24,239.255,519.82,307.268,1514.55,348.266,6.34587e+06,180.14,172.968,64050
2014-08-31,273.637,594.506,351.433,1868.7,398.319,6.34536e+06,206.03,171.407,64050
2014-09-07,312.947,679.895,401.932,2273.76,455.55,6.34478e+06,235.632,364.858,64050
2014-09-14,357.888,777.51,459.668,2737,520.981,6.34412e+06,269.477,289.848,64050
2014-09-21,409.262,889.092,525.674,3266.78,595.782,6.34336e+06,308.167,151.074,64050
2014-09-28,467.984,1016.62,601.127,3872.61,681.286,6.34249e+06,352.394,462.331,64050
2014-07-13,77.4548,167.007,105.462,111.266,114.291,6.34799e+06,97.2666,62.3233,64100
2014-07-20,87.3409,187.801,115.178,229.634,128.085,6.34783e+06,109.005,95.9455,64100
2014-07-27,97.9204,210.037,128.279,360.52,143.986,6.34765e+06,122.538,163.635,64100
2014-08-03,109.54,234.825,143.369,506.631,161.202,6.34746e+06,137.189,164.043,64100
2014-08-10,122.484,262.547,160.302,669.976,180.278,6.34723e+06,153.424,144.234,64100
2014-08-17,136.947,293.544,179.234,852.614,201.571,6.34699e+06,171.545,201.026,64100
2014-08-24,153.114,328.195,200.398,1056.82,225.37,6.34671e+06,191.799,194.297,64100
2014-08-31,171.187,366.929,224.056,1285.14,251.974,6.3464e+06,214.44,292.194,64100
2014-09-07,191.389,410.225,250.502,1540.4,281.712,6.34606e+06,239.749,242.527,64100
2014-09-14,213.969,458.616,280.062,1825.8,314.953,6.34567e+06,268.038,230.096,64100
2014-09-21,239.207,512.7,313.102,2144.86,352.107,6.34524e+06,299.657,287.244,64100
2014-09-28,267.413,573.142,350.03,2501.56,393.631,6.34476e+06,334.996,217.353,64100
2014-07-13,119.213,257.044,162.318,171.252,175.908,6.34774e+06,97.5378,119.107,64150
2014-07-20,134.428,289.049,177.273,353.435,197.138,6.3475e+06,109.31,108.911,64150
2014-07-27,150.711,323.269,197.436,554.884,221.611,6.34722e+06,122.879,104.044,64150
2014-08-03,168.592,361.414,220.66,779.765,248.106,6.34692e+06,137.57,158.088,64150
2014-08-10,188.51,404.069,246.717,1031.17,277.461,6.34658e+06,153.847,151.308,64150
2014-08-17,210.763,451.757,275.85,1312.26,310.224,6.3462e+06,172.014,181.613,64150
2014-08-24,235.635,505.061,308.412,1626.54,346.839,6.34577e+06,192.316,198.042,64150
2014-08-31,263.435,564.636,344.807,1977.91,387.765,6.3453e+06,215.008,257.145,64150
2014-09-07,294.504,631.214,385.484,2370.74,433.504,6.34477e+06,240.37,220.056,64150
2014-09-14,329.224,705.612,430.944,2809.9,484.621,6.34417e+06,268.713,234.678,64150
2014-09-21,368.021,788.743,481.745,3300.84,541.743,6.34351e+06,300.386,319.395,64150
2014-09-28,411.37,881.62,538.511,3849.64,605.57,6.34277e+06,335.777,399.134,64150
2014-07-13,74.1545,161.572,100.093,105.271,108.575,6.34801e+06,83.4109,93.0348,64200
2014-07-20,85.0662,184.721,110.762,218.32,123.719,6.34785e+06,95.0444,88.5731,64200
2014-07-27,96.9318,209.917,125.305,345.186,141.408,6.34767e+06,108.634,73.0531,64200
2014-08-03,110.184,238.469,142.298,489.075,160.883,6.34747e+06,123.595,89.047,64200
2014-08-10,125.188,270.914,161.667,652.527,182.82,6.34724e+06,140.448,161.168,64200
2014-08-17,142.224,307.777,183.672,838.227,207.706,6.34698e+06,159.566,185.927,64200
2014-08-24,161.575,349.649,208.667,1049.2,235.969,6.34668e+06,181.278,178.489,64200
2014-08-31,183.555,397.208,237.058,1288.88,268.072,6.34634e+06,205.941,203.579,64200
2014-09-07,208.52,451.224,269.305,1561.17,304.535,6.34596e+06,233.953,246.476,64200
2014-09-14,236.873,512.569,305.93,1870.49,345.949,6.34552e+06,265.769,315.411,64200
2014-09-21,269.073,582.234,347.527,2221.88,392.983,6.34503e+06,301.901,343.655,64200
2014-09-28,305.638,661.34,394.765,2621.04,446.395,6.34447e+06,342.934,294.595,64200
2014-07-13,94.6103,207.481,127.01,133.316,137.855,6.34789e+06,87.5424,90.2416,64250
2014-07-20,109.696,239.656,141.714,277.334,158.722,6.34768e+06,100.793,93.3891,64250
2014-07-27,126.266,275.064,161.891,440.456,183.3,6.34745e+06,116.401,102.733,64250
2014-08-03,144.964,315.595,185.682,627.304,210.639,6.34718e+06,133.762,163.508,64250
2014-08-10,166.348,362.112,213.064,841.676,241.753,6.34687e+06,153.52,192.276,64250
2014-08-17,190.871,415.486,244.481,1087.66,277.401,6.34651e+06,176.158,224.414,64250
2014-08-24,219.003,476.715,280.522,1369.91,318.291,6.3461e+06,202.124,190.981,64250
2014-08-31,251.273,546.949,321.865,1693.76,365.197,6.34564e+06,231.911,250.162,64250
2014-09-07,288.289,627.506,369.29,2065.34,419.002,6.3451e+06,266.079,289.066,64250
2014-09-14,330.743,719.895,423.687,2491.66,480.715,6.34448e+06,305.269,323.384,64250
2014-09-21,379.431,825.845,486.075,2980.76,551.493,6.34378e+06,350.215,277.056,64250
2014-09-28,435.263,947.332,557.623,3541.87,632.661,6.34297e+06,401.759,323.096,64250
2014-07-13,85.0755,183.806,115.646,121.938,125.351,6.34794e+06,82.847,72.9331,64300
2014-07-20,96.2491,207.347,126.617,251.892,140.925,6.34777e+06,93.1403,51.3391,64300
2014-07-27,108.243,232.605,141.44,395.993,158.924,6.34757e+06,105.036,133.582,64300
2014-08-03,121.458,260.85,158.561,557.345,178.473,6.34735e+06,117.956,127.821,64300
2014-08-10,136.224,292.534,177.829,738.279,200.202,6.34711e+06,132.318,128.267,64300
2014-08-17,152.774,328.067,199.438,941.201,224.531,6.34683e+06,148.397,117.236,64300
2014-08-24,171.331,367.911,223.667,1168.78,251.806,6.34652e+06,166.424,144.919,64300
2014-08-31,192.137,412.584,250.834,1424,282.389,6.34617e+06,186.637,112.574,64300
2014-09-07,215.464,462.668,281.294,1710.22,316.677,6.34578e+06,209.299,136.366,64300
2014-09-14,241.617,518.816,315.444,2031.19,355.12,6.34534e+06,234.706,318.283,64300
2014-09-21,270.935,581.757,353.729,2391.12,398.217,6.34485e+06,263.19,238.186,64300
2014-09-28,303.799,652.309,396.648,2794.73,446.529,6.3443e+06,295.12,457.651,64300
2014-07-13,108.997,238.787,146.451,153.771,158.941,6.3478e+06,92.6259,123.345,64350
2014-07-20,126.163,275.365,163.191,319.728,182.698,6.34757e+06,106.47,114.91,64350
2014-07-27,144.986,315.548,186.136,507.424,210.641,6.3473e+06,122.755,115.182,64350
2014-08-03,166.192,361.47,213.152,722.081,241.673,6.34699e+06,140.839,151.457,64350
2014-08-10,190.404,414.088,244.196,967.966,276.929,6.34663e+06,161.385,142.923,64350
2014-08-17,218.126,474.365,279.758,1249.66,317.258,6.34623e+06,184.888,130.904,64350
2014-08-24,249.875,543.4,320.487,1572.37,363.442,6.34576e+06,211.802,328.234,64350
2014-08-31,286.235,622.459,367.133,1942.06,416.335,6.34523e+06,242.627,193.772,64350
2014-09-07,327.872,712.987,420.552,2365.55,476.908,6.34462e+06,277.927,316.968,64350
2014-09-14,375.549,816.641,481.724,2850.65,546.269,6.34393e+06,318.348,303.885,64350
2014-09-21,430.136,935.309,551.767,3406.29,625.688,6.34313e+06,364.63,459.396,64350
2014-09-28,492.627,1071.15,631.959,4042.71,716.61,6.34221e+06,417.617,363.09,64350
2014-07-13,84.7149,182.01,115.687,122.183,125.333,6.34795e+06,92.9869,92.3829,64400
2014-07-20,94.9729,203.525,125.786,251.754,139.671,6.34777e+06,103.625,103.989,64400
2014-07-27,105.891,226.391,139.354,394.313,156.126,6.34758e+06,115.833,149.293,64400
2014-08-03,117.815,251.741,154.906,552.602,173.841,6.34737e+06,128.976,119.965,64400
2014-08-10,131.023,279.938,172.264,728.604,193.361,6.34714e+06,143.458,114.056,64400
2014-08-17,145.702,311.294,191.568,924.33,215.029,6.34688e+06,159.535,131.625,64400
2014-08-24,162.022,346.158,213.029,1141.99,239.117,6.34659e+06,177.406,194.634,64400
2014-08-31,180.166,384.917,236.889,1384.02,265.897,6.34626e+06,197.274,191.854,64400
2014-09-07,200.337,428.005,263.416,1653.17,295.67,6.34591e+06,219.363,235.124,64400
2014-09-14,222.76,475.903,292.906,1952.44,328.768,6.34551e+06,243.92,266.512,64400
2014-09-21,247.686,529.145,325.689,2285.22,365.561,6.34506e+06,271.217,263.849,64400
2014-09-28,275.392,588.322,362.13,2655.24,406.459,6.34457e+06,301.56,338.764,64400
2014-07-13,96.8541,211.228,130.63,137.349,141.713,6.34787e+06,78.1502,87.195,64450
2014-07-20,111.276,241.845,144.726,284.972,161.719,6.34767e+06,89.1824,109.068,64450
2014-07-27,126.98,275.223,163.956,450.857,185.115,6.34743e+06,102.085,91.164,64450
2014-08-03,144.545,313.099,186.455,639.266,210.909,6.34717e+06,116.309,103.335,64450
2014-08-10,164.46,356.2,212.134,853.594,240.007,6.34686e+06,132.356,154.187,64450
2014-08-17,187.103,405.234,241.349,1097.44,273.06,6.34652e+06,150.584,136.974,64450
2014-08-24,212.858,461.008,274.578,1374.86,310.652,6.34613e+06,171.314,148.906,64450
2014-08-31,242.151,524.441,312.372,1690.48,353.408,6.34568e+06,194.893,153.362,64450
2014-09-07,275.467,596.58,355.358,2049.53,402.036,6.34517e+06,221.71,182.348,64450
2014-09-14,313.353,678.614,404.245,2457.98,457.34,6.3446e+06,252.208,277.858,64450
2014-09-21,356.434,771.892,459.839,2922.61,520.229,6.34394e+06,286.889,311.265,64450
2014-09-28,405.419,877.944,523.054,3451.14,591.737,6.34319e+06,326.324,358.11,64450
2014-07-13,90.6392,197.169,122.51,128.912,132.873,6.34791e+06,86.6518,61.5794,64500
2014-07-20,103.698,224.835,135.29,267.144,151.012,6.34772e+06,98.4808,87.5327,64500
2014-07-27,117.863,254.865,152.678,421.912,172.156,6.3475e+06,112.27,115.493,64500
2014-08-03,133.641,288.806,172.952,597.012,195.373,6.34726e+06,127.41,128.897,64500
2014-08-10,151.459,327.279,196.001,795.42,221.458,6.34698e+06,144.421,126.038,64500
2014-08-17,171.639,370.877,222.122,1020.27,250.972,6.34667e+06,163.668,121.036,64500
2014-08-24,194.503,420.275,251.717,1275.08,284.407,6.34631e+06,185.473,194.05,64500
2014-08-31,220.406,476.239,285.247,1563.84,322.288,6.3459e+06,210.177,238.779,64500
2014-09-07,249.752,539.637,323.233,1891.06,365.205,6.34545e+06,238.164,213.171,64500
2014-09-14,282.995,611.451,366.268,2261.85,413.822,6.34493e+06,269.869,321.359,64500
2014-09-21,320.651,692.794,415.016,2681.99,468.895,6.34434e+06,305.784,344.689,64500
2014-09-28,363.3,784.92,470.234,3158.05,531.274,6.34367e+06,346.464,332.188,64500
2014-07-13,105.579,228.715,143.199,150.871,155.254,6.34782e+06,89.267,62.864,64550
2014-07-20,119.969,259.097,157.31,312.044,175.284,6.3476e+06,100.784,115.99,64550
2014-07-27,135.478,291.842,176.427,491.437,198.51,6.34735e+06,114.138,122.984,64550
2014-08-03,152.638,328.61,198.588,693.118,223.842,6.34708e+06,128.703,107.671,64550
2014-08-10,171.891,370.022,223.626,920.197,252.118,6.34676e+06,144.961,146.232,64550
2014-08-17,193.557,416.652,251.821,1175.91,283.905,6.34641e+06,163.238,134.422,64550
2014-08-24,217.947,469.148,283.56,1463.85,319.684,6.34602e+06,183.81,186.844,64550
2014-08-31,245.404,528.241,319.291,1788.09,359.963,6.34557e+06,206.97,189.914,64550
2014-09-07,276.311,594.756,359.513,2153.17,405.305,6.34507e+06,233.04,268.112,64550
2014-09-14,311.098,669.619,404.788,2564.23,456.341,6.3445e+06,262.384,283.136,64550
2014-09-21,350.25,753.871,455.746,3027.06,513.783,6.34386e+06,295.412,335.098,64550
2014-09-28,394.311,848.68,513.098,3548.14,578.429,6.34315e+06,332.582,314.921,64550
2014-07-13,86.2219,189.267,115.655,121.361,125.542,6.34794e+06,82.9985,96.1707,64600
2014-07-20,100.129,218.951,129.204,252.581,144.769,6.34775e+06,95.7097,73.0585,64600
2014-07-27,115.427,251.673,147.814,401.413,167.443,6.34753e+06,110.7,80.3885,64600
2014-08-03,132.717,289.186,169.788,572.143,192.704,6.34729e+06,127.401,156.835,64600
2014-08-10,152.521,332.304,195.115,768.314,221.497,6.347e+06,146.436,155.33,64600
2014-08-17,175.266,381.852,224.218,993.746,254.536,6.34667e+06,168.279,174.736,64600
2014-08-24,201.397,438.778,257.655,1252.8,292.49,6.3463e+06,193.372,160.706,64600
2014-08-31,231.418,504.175,296.069,1550.48,336.095,6.34587e+06,222.2,187.439,64600
2014-09-07,265.906,579.297,340.2,1892.54,386.188,6.34537e+06,255.317,215.161,64600
2014-09-14,305.521,665.586,390.895,2285.57,443.732,6.3448e+06,293.361,320.888,64600
2014-09-21,351.023,764.692,449.128,2737.17,509.829,6.34415e+06,337.059,299.593,64600
2014-09-28,403.281,878.506,516.011,3256.03,585.743,6.3434e+06,387.247,438.093,64600
2014-07-13,106.676,239.037,140.585,146.564,152.899,6.34782e+06,71.1554,82.5034,64650
2014-07-20,128.202,285.774,161.338,308.146,182.335,6.34757e+06,84.8545,79.6121,64650
2014-07-27,152.657,339.146,190.484,496.999,217.998,6.34727e+06,101.451,118.528,64650
2014-08-03,181.234,402.358,225.912,720.652,259.082,6.34692e+06,120.57,136.796,64650
2014-08-10,215.047,477.373,268.051,985.986,307.473,6.3465e+06,143.091,124.5,64650
2014-08-17,255.144,566.368,318.044,1300.81,364.817,6.34601e+06,169.777,96.2373,64650
2014-08-24,302.706,671.929,377.344,1674.34,432.832,6.34542e+06,201.429,156.477,64650
2014-08-31,359.117,797.123,447.681,2117.51,513.504,6.34473e+06,238.972,332.979,64650
2014-09-07,426.016,945.584,531.101,2643.27,609.181,6.3439e+06,283.498,310.676,64650
2014-09-14,505.344,1121.61,630.03,3266.98,722.641,6.34293e+06,336.299,539.466,64650
2014-09-21,599.397,1330.3,747.334,4006.85,857.17,6.34177e+06,398.906,474.027,64650
2014-09-28,710.888,1577.65,886.406,4884.43,1016.66,6.34039e+06,473.127,580.682,64650
2014-07-13,91.3265,199.963,122.765,128.924,133.229,6.34791e+06,87.2045,95.8197,64700
2014-07-20,105.612,230.391,136.701,267.994,153.005,6.34771e+06,100.149,101.876,64700
2014-07-27,121.264,263.787,155.791,425.155,176.251,6.34748e+06,115.364,132.654,64700
2014-08-03,138.882,301.92,178.251,604.739,202.044,6.34723e+06,132.247,134.111,64700
2014-08-10,158.982,345.579,204.038,810.274,231.323,6.34693e+06,151.411,115.509,64700
2014-08-17,181.976,395.552,233.555,1045.54,264.787,6.34659e+06,173.315,146.96,64700
2014-08-24,208.289,452.741,267.334,1314.84,303.079,6.34621e+06,198.379,213.832,64700
2014-08-31,238.4,518.182,305.988,1623.09,346.898,6.34576e+06,227.06,224.758,64700
2014-09-07,272.855,593.06,350.221,1975.9,397.041,6.34526e+06,259.881,339.801,64700
2014-09-14,312.277,678.729,400.834,2379.7,454.415,6.34468e+06,297.435,317.472,64700
2014-09-21,357.38,776.737,458.742,2841.85,520.058,6.34402e+06,340.401,466.399,64700
2014-09-28,408.975,888.847,524.993,3370.75,595.155,6.34326e+06,389.555,453.939,64700
2014-07-13,78.5886,171.956,105.703,111.028,114.705,6.34798e+06,82.704,91.19,64750
2014-07-20,90.7806,197.91,117.6,230.72,131.589,6.34781e+06,94.8772,93.7016,64750
2014-07-27,104.125,226.364,133.886,365.851,151.417,6.34762e+06,109.174,121.461,64750
2014-08-03,119.129,258.819,153.029,520.103,173.394,6.3474e+06,125.02,127.038,64750
2014-08-10,136.229,295.941,174.986,696.462,198.317,6.34715e+06,142.989,111.17,64750
2014-08-17,155.771,338.388,200.094,898.127,226.772,6.34686e+06,163.506,174.717,64750
2014-08-24,178.113,386.915,228.797,1128.72,259.3,6.34653e+06,186.959,190.52,64750
2014-08-31,203.653,442.391,261.611,1392.4,296.486,6.34615e+06,213.771,212.856,64750
2014-09-07,232.85,505.804,299.124,1693.88,338.997,6.34572e+06,244.421,237.029,64750
2014-09-14,266.223,578.287,342.005,2038.59,387.59,6.34522e+06,279.458,163.246,64750
2014-09-21,304.368,661.129,391.02,2432.71,443.133,6.34466e+06,319.505,252.302,64750
2014-09-28,347.964,755.804,447.043,2883.3,506.615,6.34402e+06,365.276,452.721,64750
2014-07-13,119.221,262.826,159.338,166.977,173.028,6.34774e+06,74.8954,81.0551,64800
2014-07-20,139.435,306.123,178.989,348.238,200.912,6.34748e+06,86.965,79.5081,64800
2014-07-27,161.818,354.199,206.104,555.1,233.977,6.34717e+06,101.277,106.326,64800
2014-08-03,187.288,409.684,238.31,793.962,271.068,6.34682e+06,117.332,71.1095,64800
2014-08-10,216.658,473.876,275.67,1070.23,313.631,6.34641e+06,135.755,116.11,64800
2014-08-17,250.611,548.123,318.882,1389.81,362.792,6.34594e+06,157.035,154.083,64800
2014-08-24,289.873,633.981,368.852,1759.48,419.637,6.3454e+06,181.641,150.068,64800
2014-08-31,335.272,733.254,426.636,2187.07,485.37,6.34477e+06,210.093,171.036,64800
2014-09-07,387.763,848.027,493.449,2681.63,561.374,6.34404e+06,242.991,198.997,64800
2014-09-14,448.446,980.704,570.697,3253.62,649.244,6.3432e+06,281.026,223.726,64800
2014-09-21,518.591,1134.06,659.999,3915.14,750.823,6.34222e+06,324.995,444.416,64800
2014-09-28,599.663,1311.28,763.223,4680.15,868.234,6.3411e+06,375.816,320.792,64800
2014-07-13,163.978,353.294,223.412,235.762,242.1,6.34747e+06,106.938,101.704,64850
2014-07-20,184.674,396.798,243.762,486.401,270.989,6.34714e+06,119.699,127.264,64850
2014-07-27,206.793,443.247,271.175,763.245,304.257,6.34677e+06,134.393,172.765,64850
2014-08-03,231.054,494.958,302.715,1071.93,340.225,6.34635e+06,150.281,94.9202,64850
2014-08-10,258.041,552.71,338.058,1416.61,380.025,6.34588e+06,167.861,176.475,64850
2014-08-17,288.154,617.191,377.523,1801.54,424.389,6.34537e+06,187.457,180.016,64850
2014-08-24,321.767,689.171,421.577,2231.39,473.904,6.34479e+06,209.328,230.405,64850
2014-08-31,359.286,769.51,470.751,2711.38,529.174,6.34414e+06,233.742,248.365,64850
2014-09-07,401.161,859.171,525.638,3247.36,590.864,6.34342e+06,260.991,285.875,64850
2014-09-14,447.893,959.224,586.896,3845.82,659.711,6.34261e+06,291.402,273.466,64850
2014-09-21,500.038,1070.86,655.257,4513.99,736.539,6.34171e+06,325.337,235.852,64850
2014-09-28,558.217,1195.4,731.535,5259.98,822.262,6.3407e+06,363.202,415.625,64850
2014-07-13,76.2605,168.831,101.555,106.283,110.324,6.348e+06,73.3604,96.2781,64900
2014-07-20,89.8194,197.976,114.708,222.115,128.985,6.34783e+06,85.7694,90.4877,64900
2014-07-27,104.933,230.574,132.939,355.121,151.237,6.34763e+06,100.566,55.8126,64900
2014-08-03,122.252,268.452,154.724,509.708,176.372,6.34739e+06,117.28,139.048,64900
2014-08-10,142.356,312.568,180.161,689.683,205.412,6.34713e+06,136.59,151.499,64900
2014-08-17,165.754,363.934,209.778,899.246,239.18,6.34681e+06,159.044,234.454,64900
2014-08-24,192.992,423.732,244.256,1143.26,278.488,6.34645e+06,185.182,156.451,64900
2014-08-31,224.699,493.341,284.393,1427.37,324.247,6.34602e+06,215.61,233.456,64900
2014-09-07,261.608,574.363,331.115,1758.16,377.513,6.34552e+06,251.029,258.939,64900
2014-09-14,304.567,668.664,385.5,2143.29,439.513,6.34495e+06,292.257,212.848,64900
2014-09-21,354.564,778.408,448.799,2591.66,511.675,6.34428e+06,340.241,250.73,64900
2014-09-28,412.747,906.113,522.467,3113.65,595.655,6.3435e+06,396.084,423.44,64900
2014-07-13,94.5188,208.944,126.028,131.957,136.892,6.34789e+06,80.0205,64.8148,64950
2014-07-20,111.05,244.433,142.077,275.571,159.662,6.34768e+06,93.3311,75.5615,64950
2014-07-27,129.435,284.028,164.287,440.122,186.761,6.34743e+06,109.172,109.417,64950
2014-08-03,150.449,329.926,190.769,630.937,217.297,6.34715e+06,127.021,92.7762,64950
2014-08-10,174.787,383.256,221.62,852.578,252.492,6.34682e+06,147.595,180.447,64950
2014-08-17,203.045,445.207,257.458,1110.06,293.322,6.34643e+06,171.462,185.967,64950
2014-08-24,235.863,517.157,299.079,1409.18,340.737,6.34599e+06,199.179,207.534,64950
2014-08-31,273.977,600.712,347.418,1756.64,395.804,6.34547e+06,231.368,216.639,64950
2014-09-07,318.237,697.737,403.555,2160.26,459.754,6.34487e+06,268.75,284.01,64950
2014-09-14,369.629,810.391,468.742,2629.08,534.012,6.34417e+06,312.158,284.16,64950
2014-09-21,429.297,941.177,544.433,3173.63,620.233,6.34336e+06,362.559,366.822,64950
2014-09-28,498.565,1092.99,632.311,3806.08,720.332,6.34242e+06,421.072,380.446,64950
2014-07-13,95.767,208.027,129.595,136.425,140.539,6.34788e+06,88.6253,22.4852,65000
2014-07-20,109.309,236.683,142.857,282.526,159.363,6.34768e+06,100.495,146.372,65000
2014-07-27,123.965,267.712,160.874,445.774,181.265,6.34745e+06,114.307,99.4149,65000
2014-08-03,140.254,302.704,181.839,630.069,205.26,6.3472e+06,129.438,158.121,65000
2014-08-10,158.607,342.281,205.625,838.441,232.158,6.34691e+06,146.401,151.39,65000
2014-08-17,179.348,387.032,232.521,1074.07,262.525,6.34658e+06,165.55,133.824,65000
2014-08-24,202.796,437.626,262.927,1340.51,296.851,6.34621e+06,187.196,190.03,65000
2014-08-31,229.303,494.818,297.3,1641.8,335.656,6.34579e+06,211.667,241.721,65000
2014-09-07,259.266,559.466,336.158,1982.46,379.523,6.34531e+06,239.33,344.704,65000
2014-09-14,293.135,632.535,380.081,2367.65,429.108,6.34478e+06,270.599,340.263,65000
2014-09-21,331.414,715.116,429.728,2803.15,485.153,6.34417e+06,305.941,304.236,65000
2014-09-28,374.674,808.44,485.84,3295.53,548.494,6.34349e+06,345.885,406.52,65000
2014-07-13,92.1355,201.316,124.07,130.376,134.619,6.3479e+06,79.9012,83.4263,65050
2014-07-20,106.184,231.186,137.787,270.746,154.087,6.3477e+06,91.4561,92.3669,65050
2014-07-27,121.526,263.854,156.538,428.905,176.91,6.34748e+06,105.002,101.48,65050
2014-08-03,138.737,301.035,178.535,609.056,202.148,6.34722e+06,119.982,113.708,65050
2014-08-10,158.309,343.467,203.712,814.583,230.704,6.34693e+06,136.931,129.145,65050
2014-08-17,180.628,391.881,232.438,1049.09,263.237,6.3466e+06,156.24,112.658,65050
2014-08-24,206.087,447.109,265.206,1316.67,300.344,6.34621e+06,178.265,219.074,65050
2014-08-31,235.128,510.105,302.586,1621.96,342.672,6.34578e+06,203.388,193.388,65050
2014-09-07,268.253,581.956,345.223,1970.28,390.954,6.34528e+06,232.045,265.51,65050
2014-09-14,306.032,663.9,393.854,2367.67,446.022,6.34472e+06,264.73,211.638,65050
2014-09-21,349.117,757.347,449.319,2821.03,508.827,6.34407e+06,302.007,254.368,65050
2014-09-28,398.248,863.902,512.572,3338.23,580.449,6.34334e+06,344.517,269.533,65050
2014-07-13,108.495,234.077,147.651,155.75,160.022,6.3478e+06,96.1357,91.1759,65100
2014-07-20,122.464,263.474,161.377,321.531,179.507,6.34758e+06,107.841,111.969,65100
2014-07-27,137.426,294.939,179.894,504.999,201.985,6.34733e+06,121.346,131.692,65100
2014-08-03,153.874,330.046,201.241,709.996,226.344,6.34705e+06,135.979,146.21,65100
2014-08-10,172.213,369.343,225.213,939.383,253.359,6.34674e+06,152.209,162.531,65100
2014-08-17,192.721,413.317,252.04,1196.1,283.539,6.3464e+06,170.341,169.74,65100
2014-08-24,215.665,462.517,282.054,1483.38,317.3,6.34601e+06,190.623,111.946,65100
2014-08-31,241.335,517.558,315.632,1804.87,355.071,6.34557e+06,213.314,215.994,65100
2014-09-07,270.05,579.129,353.198,2164.64,397.326,6.34508e+06,238.7,234.816,65100
2014-09-14,302.172,647.999,395.221,2567.21,444.595,6.34454e+06,267.097,326.614,65100
2014-09-21,338.1,725.028,442.227,3017.67,497.468,6.34393e+06,298.861,245.136,65100
2014-09-28,378.283,811.173,494.804,3521.7,556.604,6.34324e+06,334.388,216.05,65100
2014-07-13,93.7469,203.721,126.819,133.486,137.534,6.34789e+06,82.2455,85.1571,65150
2014-07-20,107.074,231.932,139.868,276.492,156.054,6.34769e+06,93.3211,90.4517,65150
2014-07-27,121.507,262.5,157.603,436.373,177.616,6.34747e+06,106.215,120.055,65150
2014-08-03,137.557,296.994,178.252,616.977,201.253,6.34722e+06,120.35,97.4282,65150
2014-08-10,155.654,336.031,201.693,821.302,227.766,6.34694e+06,136.205,130.001,65150
2014-08-17,176.118,380.201,228.215,1052.5,257.718,6.34661e+06,154.116,148.896,65150
2014-08-24,199.266,430.168,258.218,1314.09,291.596,6.34625e+06,174.375,186.043,65150
2014-08-31,225.452,486.687,292.156,1610.07,329.918,6.34584e+06,197.292,189.975,65150
2014-09-07,255.07,550.613,330.546,1944.95,373.266,6.34537e+06,223.214,211.883,65150
2014-09-14,288.569,622.912,373.968,2323.82,422.296,6.34484e+06,252.534,323.357,65150
2014-09-21,326.454,704.675,423.078,2752.46,477.747,6.34424e+06,285.694,304.282,65150
2014-09-28,369.297,797.131,478.619,3237.37,540.457,6.34357e+06,323.195,221.782,65150
2014-07-13,146.298,316.161,198.824,209.626,215.514,6.34758e+06,87.2705,112.529,65200
2014-07-20,165.583,356.798,217.758,433.083,242.392,6.34728e+06,98.1541,93.3758,65200
2014-07-27,186.29,400.412,243.344,680.959,273.461,6.34694e+06,110.735,92.8751,65200
2014-08-03,209.112,449.199,272.904,958.615,307.217,6.34656e+06,124.404,87.832,65200
2014-08-10,234.62,503.94,306.181,1270.09,344.748,6.34614e+06,139.602,121.442,65200
2014-08-17,263.216,565.346,343.511,1619.54,386.781,6.34566e+06,156.623,163.87,65200
2014-08-24,295.286,634.213,385.377,2011.58,433.914,6.34512e+06,175.709,258.181,65200
2014-08-31,331.25,711.439,432.329,2451.4,486.772,6.34452e+06,197.113,197.144,65200
2014-09-07,371.578,798.03,484.98,2944.8,546.046,6.34385e+06,221.116,208.315,65200
2014-09-14,416.795,895.113,544.019,3498.27,612.509,6.3431e+06,248.029,269.461,65200
2014-09-21,467.488,1003.95,610.213,4119.1,687.025,6.34225e+06,278.204,258.158,65200
2014-09-28,524.312,1125.93,684.422,4815.45,770.56,6.3413e+06,312.031,255.742,65200
2014-07-13,93.3669,203.993,125.735,132.128,136.425,6.34789e+06,80.6998,55.1869,65250
2014-07-20,107.592,234.238,139.625,274.376,156.138,6.34769e+06,92.3608,119.712,65250
2014-07-27,123.125,267.311,158.611,434.636,179.246,6.34747e+06,106.03,149.232,65250
2014-08-03,140.549,304.949,180.881,617.164,204.798,6.34721e+06,121.145,113.243,65250
2014-08-10,160.361,347.899,206.369,825.382,233.706,6.34691e+06,138.245,213.018,65250
2014-08-17,182.951,396.899,235.447,1062.94,266.636,6.34657e+06,157.724,162.926,65250
2014-08-24,208.718,452.79,268.613,1333.97,304.192,6.34619e+06,179.94,203.314,65250
2014-08-31,238.106,516.535,306.443,1643.16,347.028,6.34575e+06,205.279,245.524,65250
2014-09-07,271.623,589.233,349.589,1995.9,395.885,6.34524e+06,234.179,191.72,65250
2014-09-14,309.846,672.135,398.796,2398.3,451.603,6.34467e+06,267.138,243.265,65250
2014-09-21,353.433,766.665,454.911,2857.33,515.143,6.34402e+06,304.724,323.683,65250
2014-09-28,403.131,874.442,518.9,3380.93,587.594,6.34327e+06,347.582,360.451,65250
2014-07-13,115.092,242.759,159.54,169.396,172.565,6.34776e+06,108.531,68.1701,65300
2014-07-20,125.229,263.709,169.61,346.191,186.865,6.34755e+06,117.524,166.049,65300
2014-07-27,135.724,285.293,182.888,535.821,202.908,6.34731e+06,127.615,48.4352,65300
2014-08-03,146.857,308.545,197.737,740.657,219.685,6.34706e+06,138.166,152.57,65300
2014-08-10,158.843,333.698,213.865,962.176,237.647,6.34678e+06,149.463,159.563,65300
2014-08-17,171.795,360.9,231.309,1201.76,257.031,6.34648e+06,161.654,111.436,65300
2014-08-24,185.798,390.313,250.17,1460.89,277.986,6.34616e+06,174.833,158.958,65300
2014-08-31,200.939,422.113,270.561,1741.14,300.642,6.34582e+06,189.082,252.626,65300
2014-09-07,217.308,456.492,292.608,2044.23,325.137,6.34544e+06,204.488,205.765,65300
2014-09-14,235.004,493.658,316.443,2372.01,351.619,6.34503e+06,221.143,155.587,65300
2014-09-21,254.134,533.833,342.211,2726.49,380.247,6.34459e+06,239.148,127.532,65300
2014-09-28,274.812,577.258,370.066,3109.83,411.194,6.34412e+06,258.611,153.881,65300
2014-07-13,126.655,275.207,171.349,180.362,185.824,6.3477e+06,94.4803,121.064,65350
2014-07-20,144.638,313.271,188.957,373.571,210.817,6.34743e+06,107.188,88.3838,65350
2014-07-27,164.11,354.505,212.887,589.55,239.909,6.34713e+06,121.979,126.483,65350
2014-08-03,185.759,401.026,240.744,833.488,271.794,6.34679e+06,138.191,140.017,65350
2014-08-10,210.164,453.663,272.36,1109.42,307.553,6.3464e+06,156.372,196.898,65350
2014-08-17,237.753,513.206,308.125,1421.6,347.94,6.34597e+06,176.906,213.106,65350
2014-08-24,268.956,580.547,348.574,1774.76,393.609,6.34548e+06,200.127,219.682,65350
2014-08-31,304.242,656.697,394.318,2174.27,445.258,6.34492e+06,226.387,226.801,65350
2014-09-07,344.143,742.803,446.048,2626.21,503.664,6.34429e+06,256.082,261.633,65350
2014-09-14,389.258,840.156,504.542,3137.42,569.705,6.34358e+06,289.661,318.616,65350
2014-09-21,440.265,950.212,570.679,3715.66,644.374,6.34277e+06,327.625,414.579,65350
2014-09-28,497.924,1074.62,645.45,4369.67,728.787,6.34186e+06,370.544,419.512,65350
2014-07-13,106.036,228.206,144.601,152.645,156.682,6.34782e+06,101.237,103.479,65400
2014-07-20,119.205,255.862,157.556,314.763,175.073,6.3476e+06,113.12,112.461,65400
2014-07-27,133.256,285.339,174.988,493.554,196.223,6.34736e+06,126.786,133.195,65400
2014-08-03,148.642,318.103,195.016,692.579,219.053,6.3471e+06,141.537,190.193,65400
2014-08-10,165.731,354.637,217.426,914.444,244.274,6.3468e+06,157.834,212.776,65400
2014-08-17,184.769,395.368,242.409,1161.8,272.344,6.34647e+06,175.97,217.443,65400
2014-08-24,205.989,440.767,270.255,1437.58,303.625,6.3461e+06,196.182,211.519,65400
2014-08-31,229.64,491.366,301.291,1745.04,338.49,6.34568e+06,218.71,186.994,65400
2014-09-07,255.998,547.755,335.882,2087.79,377.348,6.34522e+06,243.817,215.174,65400
2014-09-14,285.372,610.592,374.433,2469.9,420.653,6.34471e+06,271.798,275.35,65400
2014-09-21,318.104,680.611,417.394,2895.85,468.912,6.34414e+06,302.979,366.765,65400
2014-09-28,354.576,758.625,465.265,3370.66,522.685,6.3435e+06,337.724,350.261,65400
2014-07-13,79.9718,174.821,107.647,113.103,116.805,6.34797e+06,70.8726,102.347,65450
2014-07-20,92.2372,200.911,119.621,234.927,133.799,6.3478e+06,81.1834,46.8699,65450
2014-07-27,105.642,229.468,135.997,372.284,153.732,6.34761e+06,93.2784,114.537,65450
2014-08-03,120.693,261.996,155.221,528.854,175.793,6.34738e+06,106.664,82.3017,65450
2014-08-10,137.821,299.145,177.239,707.608,200.774,6.34713e+06,121.821,105.689,65450
2014-08-17,157.367,341.565,202.381,911.721,229.255,6.34684e+06,139.102,98.2319,65450
2014-08-24,179.68,389.991,231.083,1144.78,261.765,6.3465e+06,158.828,178.17,65450
2014-08-31,205.153,445.272,263.849,1410.9,298.878,6.34612e+06,181.347,162.376,65450
2014-09-07,234.23,508.373,301.252,1714.74,341.244,6.34569e+06,207.053,199.46,65450
2014-09-14,267.419,580.394,343.947,2061.65,389.603,6.3452e+06,236.395,231.144,65450
2014-09-21,305.3,662.593,392.68,2457.71,444.8,6.34463e+06,269.886,294.148,65450
2014-09-28,348.531,756.397,448.3,2909.89,507.795,6.34399e+06,308.109,302.795,65450
2014-07-13,97.8869,209.796,133.943,141.566,145.08,6.34787e+06,96.6623,65.9407,65500
2014-07-20,109.303,233.692,145.196,291.369,161.056,6.34767e+06,107.307,85.9884,65500
2014-07-27,121.408,258.983,160.275,455.626,179.336,6.34745e+06,119.486,96.9049,65500
2014-08-03,134.577,286.915,177.503,637.337,198.938,6.34721e+06,132.546,101.666,65500
2014-08-10,149.109,317.866,196.661,838.633,220.454,6.34695e+06,146.882,168.972,65500
2014-08-17,165.198,352.158,217.886,1061.66,244.248,6.34665e+06,162.735,135.558,65500
2014-08-24,183.019,390.141,241.396,1308.75,270.6,6.34633e+06,180.292,206.084,65500
2014-08-31,202.757,432.211,267.435,1582.49,299.787,6.34597e+06,199.739,123.728,65500
2014-09-07,224.619,478.804,296.277,1885.77,332.114,6.34556e+06,221.277,317.406,65500
2014-09-14,248.829,530.403,328.219,2221.74,367.917,6.34512e+06,245.132,212.993,65500
2014-09-21,275.641,587.542,363.595,2593.93,407.567,6.34463e+06,271.549,200.582,65500
2014-09-28,305.33,650.811,402.77,3006.23,451.474,6.34408e+06,300.803,284.238,65500
2014-07-13,115.739,250.661,157.013,165.436,170.226,6.34776e+06,92.861,81.9615,65550
2014-07-20,131.459,283.845,172.43,342.129,192.111,6.34752e+06,104.799,82.2655,65550
2014-07-27,148.395,319.593,193.311,538.727,217.478,6.34725e+06,118.638,119.779,65550
2014-08-03,167.125,359.717,217.508,759.665,245.135,6.34695e+06,133.725,172.159,65550
2014-08-10,188.133,404.89,244.836,1008.33,275.993,6.3466e+06,150.558,144.106,65550
2014-08-17,211.762,455.734,275.597,1288.24,310.668,6.34622e+06,169.474,131.732,65550
2014-08-24,238.352,512.949,310.211,1603.31,349.682,6.34579e+06,190.757,180.959,65550
2014-08-31,268.273,577.328,349.161,1957.94,393.584,6.3453e+06,214.706,151.577,65550
2014-09-07,301.938,649.761,392.989,2357.1,442.983,6.34475e+06,241.654,210.301,65550
2014-09-14,339.814,731.25,442.301,2806.34,498.562,6.34413e+06,271.973,321.721,65550
2014-09-21,382.423,822.917,497.78,3311.96,561.09,6.34343e+06,306.083,291.343,65550
2014-09-28,430.353,926.023,560.191,3880.97,631.429,6.34265e+06,344.454,335.826,65550
2014-07-13,91.2494,197.095,124.065,130.825,134.473,6.34791e+06,97.9938,90.2889,65600
2014-07-20,103.191,222.248,135.791,270.218,151.119,6.34772e+06,110.124,109.779,65600
2014-07-27,116.003,249.222,151.63,424.73,170.351,6.34751e+06,124.139,120.72,65600
2014-08-03,130.114,279.375,169.918,597.672,191.23,6.34727e+06,139.354,135.471,65600
2014-08-10,145.876,313.186,190.491,791.526,214.428,6.34701e+06,156.259,139.783,65600
2014-08-17,163.534,351.089,213.555,1008.85,240.391,6.34671e+06,175.179,201.343,65600
2014-08-24,183.324,393.572,239.404,1252.49,269.486,6.34638e+06,196.381,182.345,65600
2014-08-31,205.505,441.184,268.376,1525.61,302.095,6.34601e+06,220.144,213.596,65600
2014-09-07,230.363,494.542,300.846,1831.78,338.642,6.34559e+06,246.777,285.24,65600
2014-09-14,258.22,554.334,337.234,2174.99,379.598,6.34513e+06,276.623,311.074,65600
2014-09-21,289.436,621.332,378.012,2559.71,425.494,6.3446e+06,310.068,363.653,65600
2014-09-28,324.412,696.399,423.706,2990.94,476.922,6.34401e+06,347.545,377.955,65600
2014-07-13,145.417,312.864,198.353,209.405,214.918,6.34758e+06,100.719,110.14,65650
2014-07-20,163.395,350.612,216.042,431.746,240.031,6.34729e+06,112.488,143.756,65650
2014-07-27,182.57,390.822,239.838,676.851,268.9,6.34696e+06,126.017,112.646,65650
2014-08-03,203.553,435.491,267.165,949.569,300.045,6.34659e+06,140.613,88.938,65650
2014-08-10,226.847,485.274,297.724,1253.44,334.433,6.34619e+06,156.728,195.676,65650
2014-08-17,252.783,540.743,331.775,1592.07,372.682,6.34573e+06,174.654,204.436,65650
2014-08-24,281.674,602.534,369.706,1969.43,415.284,6.34523e+06,194.619,163.68,65650
2014-08-31,313.856,671.358,411.959,2389.91,462.74,6.34466e+06,216.858,202.244,65650
2014-09-07,349.7,748.012,459.022,2858.45,515.598,6.34403e+06,241.63,220.538,65650
2014-09-14,389.619,833.375,511.441,3380.5,574.469,6.34334e+06,269.219,253.074,65650
2014-09-21,434.073,928.429,569.818,3962.15,640.03,6.34256e+06,299.944,202.784,65650
2014-09-28,483.571,1034.26,634.826,4610.18,713.035,6.34169e+06,334.156,245.563,65650
2014-07-13,119.472,263.161,159.787,167.492,173.503,6.34774e+06,79.5095,79.774,65700
2014-07-20,139.536,306.107,179.301,349.17,201.191,6.34748e+06,92.1982,102.529,65700
2014-07-27,161.724,353.724,206.202,556.258,233.989,6.34717e+06,107.228,84.5764,65700
2014-08-03,186.938,408.608,238.116,795.076,270.732,6.34682e+06,124.066,165.089,65700
2014-08-10,215.975,472.024,275.09,1070.94,312.838,6.34642e+06,143.361,145.223,65700
2014-08-17,249.499,545.278,317.802,1389.64,361.41,6.34595e+06,165.62,164.187,65700
2014-08-24,288.215,629.878,367.13,1757.81,417.5,6.34541e+06,191.324,200.328,65700
2014-08-31,332.926,727.571,424.096,2183.12,482.276,6.34478e+06,221.008,235.187,65700
2014-09-07,384.553,840.372,489.881,2674.41,557.077,6.34406e+06,255.287,239.012,65700
2014-09-14,444.162,970.602,565.842,3241.9,643.447,6.34323e+06,294.867,385.115,65700
2014-09-21,512.978,1120.93,653.543,3897.36,743.162,6.34227e+06,340.562,272.242,65700
2014-09-28,592.411,1294.45,754.786,4654.39,858.271,6.34115e+06,393.312,662.554,65700
2014-07-13,88.427,192.68,119.352,125.525,129.468,6.34792e+06,79.047,78.9804,65750
2014-07-20,101.447,220.303,132.084,260.331,147.537,6.34774e+06,90.0793,100.453,65750
2014-07-27,115.607,250.371,149.436,411.624,168.646,6.34752e+06,102.967,119.734,65750
2014-08-03,131.421,284.445,169.715,583.231,191.886,6.34728e+06,117.156,144.443,65750
2014-08-10,149.328,323.168,192.83,778.182,218.066,6.34701e+06,133.141,113.213,65750
2014-08-17,169.66,367.164,219.092,999.686,247.766,6.34669e+06,151.274,206.658,65750
2014-08-24,192.757,417.141,248.923,1251.35,281.499,6.34634e+06,171.87,162.217,65750
2014-08-31,218.991,473.906,282.809,1537.28,319.815,6.34594e+06,195.264,202.203,65750
2014-09-07,248.789,538.379,321.298,1862.13,363.337,6.34548e+06,221.837,241.914,65750
2014-09-14,282.631,611.601,365.014,2231.18,412.769,6.34496e+06,252.017,260.08,65750
2014-09-21,321.064,694.751,414.662,2650.44,468.908,6.34437e+06,286.293,349.615,65750
2014-09-28,364.707,789.167,471.045,3126.72,532.659,6.3437e+06,325.216,255.027,65750
2014-07-13,81.7498,178.837,109.973,115.521,119.337,6.34796e+06,81.4744,63.7422,65800
2014-07-20,94.4008,205.764,122.319,240.033,136.858,6.34779e+06,93.4363,118.586,65800
2014-07-27,108.243,235.273,139.217,380.566,157.43,6.34759e+06,107.481,99.8838,65800
2014-08-03,123.802,268.922,159.072,540.933,180.223,6.34736e+06,123.043,114.713,65800
2014-08-10,141.528,307.396,181.84,724.228,206.063,6.3471e+06,140.684,158.92,65800
2014-08-17,161.78,351.376,207.866,933.759,235.556,6.3468e+06,160.82,160.81,65800
2014-08-24,184.925,401.64,237.61,1173.27,269.259,6.34645e+06,183.83,184.714,65800
2014-08-31,211.376,459.081,271.603,1447.06,307.777,6.34606e+06,210.127,203.769,65800
2014-09-07,241.604,524.721,310.45,1760.01,351.795,6.34561e+06,240.179,272.289,65800
2014-09-14,276.144,599.724,354.843,2117.71,402.096,6.3451e+06,274.521,250.853,65800
2014-09-21,315.61,685.419,405.569,2526.56,459.572,6.34452e+06,313.761,317.12,65800
2014-09-28,360.7,783.32,463.528,2993.84,525.241,6.34385e+06,358.595,368.865,65800
2014-07-13,147.106,317.886,199.933,210.8,216.716,6.34757e+06,89.5426,90.814,65850
2014-07-20,166.479,358.707,218.955,435.495,243.717,6.34727e+06,100.699,101.162,65850
2014-07-27,187.279,402.514,244.657,684.72,274.927,6.34693e+06,113.594,133.084,65850
2014-08-03,210.201,451.511,274.349,963.86,308.832,6.34655e+06,127.603,89.7832,65850
2014-08-10,235.818,506.481,307.77,1276.96,346.525,6.34612e+06,143.178,127.598,65850
2014-08-17,264.532,568.139,345.259,1628.21,388.735,6.34564e+06,160.618,126.76,65850
2014-08-24,296.732,637.281,387.298,2022.23,436.061,6.34511e+06,180.172,169.884,65850
2014-08-31,332.839,714.807,434.44,2464.22,489.131,6.3445e+06,202.099,177.192,65850
2014-09-07,373.322,801.726,487.298,2960,548.636,6.34383e+06,226.686,259.719,65850
2014-09-14,418.708,899.166,546.563,3516.09,615.351,6.34307e+06,254.251,281.137,65850
2014-09-21,469.585,1008.39,613.004,4139.79,690.142,6.34222e+06,285.153,286.634,65850
2014-09-28,526.61,1130.8,687.481,4839.28,773.976,6.34127e+06,319.792,321.743,65850
2014-07-13,134.705,292.826,182.174,191.732,197.572,6.34765e+06,92.7563,133.869,65900
2014-07-20,153.94,333.553,201.005,397.201,224.299,6.34736e+06,105.304,56.8142,65900
2014-07-27,174.781,377.705,226.607,627.025,255.427,6.34704e+06,119.918,123.36,65900
2014-08-03,197.968,427.551,256.426,886.771,289.565,6.34668e+06,135.946,155.307,65900
2014-08-10,224.123,483.986,290.293,1180.78,327.877,6.34627e+06,153.932,131.372,65900
2014-08-17,253.711,547.865,328.628,1513.62,371.175,6.34581e+06,174.26,161.81,65900
2014-08-24,287.195,620.156,372.011,1890.41,420.168,6.34528e+06,197.261,152.518,65900
2014-08-31,325.084,701.956,421.104,2316.92,475.61,6.34468e+06,223.29,228.348,65900
2014-09-07,367.956,794.506,476.656,2799.72,538.345,6.34401e+06,252.743,124.61,65900
2014-09-14,416.461,899.21,539.511,3346.19,609.326,6.34325e+06,286.068,272.904,65900
2014-09-21,471.332,1017.65,610.624,3964.7,689.628,6.34239e+06,323.768,331.219,65900
2014-09-28,533.397,1151.61,691.068,4664.72,780.466,6.34141e+06,366.414,240.207,65900
2014-07-13,111.861,242.665,151.541,159.592,164.319,6.34778e+06,93.3352,103.708,65950
2014-07-20,127.402,275.515,166.77,330.298,185.935,6.34755e+06,105.613,101.818,65950
2014-07-27,144.186,311.003,187.431,520.681,211.045,6.34729e+06,119.876,155.715,65950
2014-08-03,162.8,350.94,211.429,735.177,238.494,6.34699e+06,135.467,111.831,65950
2014-08-10,183.731,396.017,238.6,977.206,269.199,6.34665e+06,152.908,140.445,65950
2014-08-17,207.334,446.882,269.261,1250.34,303.793,6.34628e+06,172.558,153.189,65950
2014-08-24,233.963,504.268,303.851,1558.56,342.815,6.34585e+06,194.723,208.317,65950
2014-08-31,264.003,569.004,342.874,1906.38,386.838,6.34537e+06,219.729,155.468,65950
2014-09-07,297.89,642.025,386.896,2298.85,436.499,6.34482e+06,247.937,215.401,65950
2014-09-14,336.113,724.385,436.554,2741.71,492.517,6.34421e+06,279.756,166.015,65950
2014-09-21,379.222,817.27,492.564,3241.4,555.7,6.34352e+06,315.644,265.66,65950
2014-09-28,427.839,922.014,555.734,3805.19,626.957,6.34274e+06,356.119,351.731,65950
2014-07-13,71.9271,158.536,96.1456,100.761,104.405,6.34802e+06,72.8861,71.0917,66000
2014-07-20,84.0968,184.599,107.977,210.123,121.193,6.34786e+06,84.6063,79.3741,66000
2014-07-27,97.5689,213.532,124.3,334.896,141.097,6.34768e+06,98.5014,115.964,66000
2014-08-03,112.897,246.917,143.684,478.932,163.42,6.34747e+06,114.085,93.9799,66000
2014-08-10,130.567,285.535,166.165,645.481,189.03,6.34722e+06,131.964,217.203,66000
2014-08-17,150.991,330.195,192.163,838.089,218.606,6.34694e+06,152.611,187.832,66000
2014-08-24,174.607,381.832,222.223,1060.83,252.799,6.34661e+06,176.482,156.51,66000
2014-08-31,201.91,441.533,256.977,1318.41,292.333,6.34623e+06,204.081,213.43,66000
2014-09-07,233.476,510.552,297.16,1616.26,338.041,6.34579e+06,235.99,267.27,66000
2014-09-14,269.968,590.338,343.615,1960.69,390.883,6.34529e+06,272.88,258.218,66000
2014-09-21,312.152,682.563,397.318,2358.96,451.968,6.3447e+06,315.525,258.986,66000
2014-09-28,360.91,789.157,459.395,2819.46,522.578,6.34402e+06,364.818,292.742,66000
2014-07-13,107.367,237.113,143.279,150.065,155.615,6.34781e+06,80.1167,111.22,66050
2014-07-20,125.941,276.956,161.319,313.237,181.212,6.34757e+06,93.2953,99.0042,66050
2014-07-27,146.565,321.331,186.259,499.932,211.636,6.3473e+06,108.959,73.936,66050
2014-08-03,170.102,372.69,215.956,716.099,245.864,6.34698e+06,126.58,137.015,66050
2014-08-10,197.319,432.274,250.499,966.808,285.252,6.3466e+06,146.859,162.347,66050
2014-08-17,228.87,501.382,290.564,1257.62,330.874,6.34617e+06,170.347,124.648,66050
2014-08-24,265.456,581.52,337.023,1594.93,383.774,6.34567e+06,197.582,225.673,66050
2014-08-31,307.879,674.438,390.896,1986.17,445.114,6.34509e+06,229.163,171.05,66050
2014-09-07,357.066,782.164,453.362,2439.94,516.238,6.34442e+06,265.78,278.368,66050
2014-09-14,414.09,907.045,525.786,2966.22,598.696,6.34364e+06,308.233,327.97,66050
2014-09-21,480.19,1051.8,609.745,3576.54,694.287,6.34273e+06,357.447,454.877,66050
2014-09-28,556.803,1219.55,707.067,4284.31,805.086,6.34168e+06,414.491,418.357,66050
2014-07-13,81.6888,177.794,110.363,116.111,119.704,6.34796e+06,84.3084,62.383,66100
2014-07-20,93.5412,202.916,121.959,240.678,136.162,6.34779e+06,95.8998,79.213,66100
2014-07-27,106.408,230.208,137.745,380.252,155.361,6.3476e+06,109.421,101.235,66100
2014-08-03,120.752,261.083,156.165,538.292,176.459,6.34737e+06,124.281,142.285,66100
2014-08-10,136.966,296.108,177.124,717.518,200.185,6.34712e+06,140.991,108.683,66100
2014-08-17,155.344,335.834,200.896,920.799,227.053,6.34684e+06,159.915,190.789,66100
2014-08-24,176.184,380.883,227.852,1151.36,257.516,6.34651e+06,181.37,162.56,66100
2014-08-31,199.816,431.963,258.418,1412.85,292.06,6.34615e+06,205.699,204.248,66100
2014-09-07,226.61,489.879,293.078,1709.42,331.228,6.34573e+06,233.286,221.663,66100
2014-09-14,256.99,555.542,332.377,2045.76,375.639,6.34526e+06,264.564,194.907,66100
2014-09-21,291.432,629.981,376.933,2427.2,425.99,6.34472e+06,300.027,290.294,66100
2014-09-28,330.476,714.364,427.446,2859.75,483.071,6.34412e+06,340.229,366.513,66100
2014-07-13,101.841,222.694,137.05,143.982,148.714,6.34784e+06,83.8378,101.267,66150
2014-07-20,117.518,256.049,152.352,299.11,170.431,6.34762e+06,96.0808,81.1988,66150
2014-07-27,134.659,292.575,173.287,474.091,195.914,6.34738e+06,110.447,123.646,66150
2014-08-03,153.913,334.197,197.871,673.637,224.13,6.34709e+06,126.354,138.915,66150
2014-08-10,175.833,381.753,226.041,901.561,256.094,6.34676e+06,144.374,99.5902,66150
2014-08-17,200.859,436.076,258.22,1161.93,292.552,6.34639e+06,164.927,193.645,66150
2014-08-24,229.439,498.117,294.97,1459.37,334.184,6.34597e+06,188.397,172.932,66150
2014-08-31,262.077,568.963,336.939,1799.13,381.728,6.34548e+06,215.201,224.842,66150
2014-09-07,299.347,649.861,384.867,2187.22,436.022,6.34493e+06,245.809,244.431,66150
2014-09-14,341.902,742.226,439.595,2630.51,498.018,6.3443e+06,280.759,333.338,66150
2014-09-21,390.489,847.675,502.084,3136.83,568.804,6.34357e+06,320.665,271.513,66150
2014-09-28,445.955,968.048,573.427,3715.1,649.616,6.34275e+06,366.223,423.434,66150
2014-07-13,110.857,243.887,148.419,155.634,161.14,6.34779e+06,82.3162,98.0781,66200
2014-07-20,129.213,283.138,166.282,324.259,186.488,6.34755e+06,95.2649,81.1768,66200
2014-07-27,149.474,326.568,190.876,516.13,216.466,6.34727e+06,110.579,109.045,66200
2014-08-03,172.454,376.531,220.005,736.986,249.984,6.34694e+06,127.701,181.864,66200
2014-08-10,198.867,434.154,253.69,991.622,288.321,6.34657e+06,147.285,169.653,66200
2014-08-17,229.305,500.592,292.529,1285.24,332.462,6.34614e+06,169.834,176.384,66200
2014-08-24,264.392,577.179,337.301,1623.81,383.341,6.34565e+06,195.824,201.012,66200
2014-08-31,304.837,665.456,388.911,2014.19,441.99,6.34508e+06,225.785,201.257,66200
2014-09-07,351.454,767.198,448.4,2464.29,509.591,6.34442e+06,260.318,213.846,66200
2014-09-14,405.178,884.446,516.965,2983.23,587.504,6.34366e+06,300.119,249.637,66200
2014-09-21,467.088,1019.55,595.983,3581.51,677.292,6.34279e+06,345.986,395.5,66200
2014-09-28,538.42,1175.2,687.037,4271.21,780.753,6.34178e+06,398.837,432.385,66200
2014-07-13,113.145,244.283,153.888,162.295,166.792,6.34778e+06,95.7597,120.63,66250
2014-07-20,127.862,275.271,168.344,335.152,187.312,6.34754e+06,107.541,104.56,66250
2014-07-27,143.641,308.478,187.859,526.642,211.006,6.34728e+06,121.144,135.721,66250
2014-08-03,161.008,345.571,210.378,740.834,236.711,6.34699e+06,135.902,190.039,66250
2014-08-10,180.391,387.134,235.694,980.769,265.25,6.34667e+06,152.287,165.022,66250
2014-08-17,202.092,433.695,264.055,1249.58,297.168,6.3463e+06,170.612,142.125,66250
2014-08-24,226.396,485.844,295.819,1550.72,332.911,6.34589e+06,191.133,197.281,66250
2014-08-31,253.615,544.246,331.393,1888.09,372.943,6.34543e+06,214.116,182.831,66250
2014-09-07,284.098,609.646,371.234,2266.02,417.774,6.34492e+06,239.855,227.271,66250
2014-09-14,318.232,682.878,415.85,2689.39,467.978,6.34434e+06,268.678,176.919,66250
2014-09-21,356.451,764.871,465.81,3163.62,524.193,6.3437e+06,300.953,213.32,66250
2014-09-28,399.242,856.664,521.75,3694.82,587.135,6.34298e+06,337.089,342.138,66250
2014-07-13,80.136,175.132,107.893,113.37,117.069,6.34797e+06,75.7092,93.6846,66300
2014-07-20,92.3853,201.182,119.853,235.453,134.042,6.3478e+06,86.6858,89.0351,66300
2014-07-27,105.767,229.682,136.205,373.047,153.946,6.34761e+06,99.5574,74.2275,66300
2014-08-03,120.785,262.131,155.393,529.822,175.963,6.34738e+06,113.796,116.076,66300
2014-08-10,137.868,299.175,177.362,708.737,200.884,6.34713e+06,129.913,160.651,66300
2014-08-17,157.355,341.455,202.437,912.947,229.285,6.34684e+06,148.28,144.801,66300
2014-08-24,179.592,389.704,231.05,1146.02,261.69,6.3465e+06,169.236,189.366,66300
2014-08-31,204.967,444.758,263.7,1412.04,298.668,6.34612e+06,193.15,177.681,66300
2014-09-07,233.92,507.574,300.957,1715.65,340.862,6.34569e+06,220.437,343.417,66300
2014-09-14,266.954,579.241,343.467,2062.14,389.004,6.3452e+06,251.571,228.203,66300
2014-09-21,304.641,661,391.968,2457.57,443.931,6.34463e+06,287.092,265.152,66300
2014-09-28,347.634,754.264,447.3,2908.83,506.592,6.34399e+06,327.616,329.803,66300
2014-07-13,116.069,253.297,156.462,164.478,169.747,6.34776e+06,84.1322,67.0689,66350
2014-07-20,133.493,290.306,173.487,341.362,193.908,6.34751e+06,96.1075,112.841,66350
2014-07-27,152.485,330.694,196.727,540.309,222.188,6.34723e+06,110.124,77.9862,66350
2014-08-03,173.747,376.571,223.942,766.491,253.397,6.34691e+06,125.592,122.705,66350
2014-08-10,197.877,428.824,255.033,1024.04,288.638,6.34654e+06,143.059,134.946,66350
2014-08-17,225.339,488.326,290.437,1317.34,328.707,6.34613e+06,162.918,147.582,66350
2014-08-24,256.604,556.067,330.743,1651.35,374.319,6.34566e+06,185.525,232.838,66350
2014-08-31,292.196,633.182,376.63,2031.71,426.247,6.34512e+06,211.262,163.817,66350
2014-09-07,332.711,720.959,428.867,2464.83,485.359,6.3445e+06,240.56,292.081,66350
2014-09-14,378.827,820.863,488.328,2958.02,552.645,6.3438e+06,273.909,317.573,66350
2014-09-21,431.311,934.557,556.007,3519.57,629.227,6.34301e+06,311.866,345.833,66350
2014-09-28,491.036,1063.93,633.03,4158.92,716.381,6.3421e+06,355.062,385.756,66350
2014-07-13,88.7184,193.779,119.505,125.593,129.662,6.34792e+06,86.4487,86.963,66400
2014-07-20,102.184,222.403,132.656,260.768,148.326,6.34773e+06,98.893,117.463,66400
2014-07-27,116.883,253.689,150.626,412.995,170.197,6.34752e+06,113.475,111.006,66400
2014-08-03,133.362,289.277,171.697,586.293,194.369,6.34727e+06,129.591,123.469,66400
2014-08-10,152.092,329.869,195.801,783.893,221.703,6.34699e+06,147.815,177.642,66400
2014-08-17,173.437,376.158,223.287,1009.23,252.826,6.34667e+06,168.566,198.932,66400
2014-08-24,197.774,428.933,254.625,1266.2,288.306,6.3463e+06,192.221,208.865,66400
2014-08-31,225.519,489.098,290.352,1559.23,328.756,6.34589e+06,219.19,207.795,66400
2014-09-07,257.148,557.684,331.083,1893.37,374.871,6.34541e+06,249.936,277.808,66400
2014-09-14,293.203,635.862,377.515,2274.38,427.439,6.34487e+06,284.984,291.531,66400
2014-09-21,334.299,724.966,430.442,2708.81,487.36,6.34425e+06,324.935,328.433,66400
2014-09-28,381.137,826.516,490.769,3204.14,555.656,6.34355e+06,370.47,474.844,66400
2014-07-13,74.5214,161.882,100.842,106.156,109.358,6.34801e+06,77.8941,102.52,66450
2014-07-20,85.0638,184.192,111.166,219.844,124.012,6.34785e+06,88.3316,105.726,66450
2014-07-27,96.4748,208.351,125.193,346.881,141.064,6.34767e+06,100.477,113.516,66450
2014-08-03,109.157,235.599,141.516,490.304,159.746,6.34747e+06,113.784,136.447,66450
2014-08-10,123.45,266.42,160.037,652.474,180.691,6.34725e+06,128.703,121.047,66450
2014-08-17,139.603,301.274,180.982,835.869,204.339,6.34699e+06,145.547,122.304,66450
2014-08-24,157.866,340.684,204.662,1043.26,231.074,6.3467e+06,164.59,205.718,66450
2014-08-31,178.514,385.239,231.436,1277.79,261.301,6.34638e+06,186.12,220.608,66450
2014-09-07,201.859,435.611,261.706,1542.99,295.475,6.34601e+06,210.461,196.61,66450
2014-09-14,228.25,492.553,295.928,1842.88,334.109,6.34559e+06,237.98,206.887,66450
2014-09-21,258.083,556.92,334.615,2181.98,377.785,6.34512e+06,269.089,262.974,66450
2014-09-28,291.804,629.675,378.348,2565.4,427.155,6.34458e+06,304.255,220.669,66450
2014-07-13,69.5581,152.437,93.4326,98.0923,101.405,6.34804e+06,81.016,82.7494,66500
2014-07-20,80.5584,175.884,104.158,203.992,116.625,6.34789e+06,93.1762,85.3291,66500
2014-07-27,92.6277,201.659,118.865,323.822,134.537,6.34771e+06,107.487,94.2398,66500
2014-08-03,106.233,231.133,136.19,460.938,154.441,6.34752e+06,123.388,130.721,66500
2014-08-10,121.777,264.927,156.11,618.086,177.068,6.34729e+06,141.467,147.377,66500
2014-08-17,139.586,303.663,178.943,798.22,202.968,6.34703e+06,162.159,183.945,66500
2014-08-24,159.994,348.057,205.111,1004.7,232.646,6.34673e+06,185.87,144.813,66500
2014-08-31,183.383,398.932,235.1,1241.37,266.658,6.34639e+06,213.043,212.351,66500
2014-09-07,210.185,457.231,269.466,1512.64,305.636,6.346e+06,244.184,230.309,66500
2014-09-14,240.898,524.032,308.848,1823.56,350.301,6.34555e+06,279.868,323.39,66500
2014-09-21,276.088,600.57,353.974,2179.91,401.48,6.34504e+06,320.757,348.403,66500
2014-09-28,316.407,688.257,405.68,2588.32,460.119,6.34445e+06,367.607,378.539,66500
2014-07-13,111.33,242.031,150.554,158.449,163.28,6.34779e+06,75.3494,99.4833,66550
2014-07-20,127.243,275.726,166.131,328.262,185.389,6.34755e+06,85.5524,107.115,66550
2014-07-27,144.487,312.261,187.312,518.223,211.142,6.34729e+06,97.4366,100.711,66550
2014-08-03,163.674,353.513,211.985,732.939,239.39,6.34699e+06,110.472,143.022,66550
2014-08-10,185.322,400.226,240.011,976.01,271.097,6.34665e+06,125.104,161.949,66550
2014-08-17,209.815,453.111,271.741,1251.22,306.936,6.34626e+06,141.643,110.909,66550
2014-08-24,237.537,512.971,307.654,1562.8,347.496,6.34583e+06,160.36,140.054,66550
2014-08-31,268.914,580.718,348.302,1915.55,393.403,6.34534e+06,181.545,168.569,66550
2014-09-07,304.424,657.386,394.307,2314.91,445.36,6.34478e+06,205.522,186.089,66550
2014-09-14,344.609,744.143,446.371,2767,504.16,6.34415e+06,232.657,141.958,66550
2014-09-21,390.079,842.305,505.289,3278.78,570.696,6.34343e+06,263.361,228.198,66550
2014-09-28,441.525,953.361,571.954,3858.1,645.981,6.34263e+06,298.103,237.725,66550
2014-07-13,93.068,203.12,125.446,131.869,136.099,6.3479e+06,90.1638,112.612,66600
2014-07-20,107.056,232.833,139.113,273.697,155.494,6.3477e+06,103.013,95.0915,66600
2014-07-27,122.304,265.266,157.771,433.238,178.198,6.34747e+06,118.054,121.171,66600
2014-08-03,139.38,302.113,179.624,614.644,203.26,6.34721e+06,134.657,160.476,66600
2014-08-10,158.762,344.09,204.593,821.239,231.564,6.34692e+06,153.408,190.966,66600
2014-08-17,180.826,391.901,233.033,1056.55,263.753,6.34659e+06,174.733,170.572,66600
2014-08-24,205.949,446.344,265.417,1324.57,300.402,6.34621e+06,199.013,311.922,66600
2014-08-31,234.557,508.335,302.292,1629.83,342.135,6.34577e+06,226.66,248.887,66600
2014-09-07,267.13,578.915,344.28,1977.5,389.653,6.34528e+06,258.141,319.222,66600
2014-09-14,304.215,659.268,392.087,2373.44,443.756,6.34472e+06,293.983,379.931,66600
2014-09-21,346.433,750.74,446.516,2824.37,505.35,6.34408e+06,334.789,335.032,66600
2014-09-28,394.491,854.858,508.477,3337.87,575.468,6.34335e+06,381.241,242.626,66600
2014-07-13,104.127,230.226,138.817,145.339,150.785,6.34783e+06,73.588,47.0566,66650
2014-07-20,122.377,269.411,156.532,303.544,175.92,6.3476e+06,85.8548,56.9649,66650
2014-07-27,142.678,313.141,181.053,484.863,205.84,6.34733e+06,100.457,102.121,66650
2014-08-03,165.89,363.848,210.299,695.182,239.565,6.34701e+06,116.915,106.668,66650
2014-08-10,192.781,422.781,244.378,939.549,278.446,6.34665e+06,135.891,137.34,66650
2014-08-17,224.011,491.258,283.976,1223.52,323.565,6.34623e+06,157.91,134.598,66650
2014-08-24,260.29,570.809,329.978,1553.49,375.974,6.34574e+06,183.488,243.34,66650
2014-08-31,302.435,663.214,383.417,1936.91,436.857,6.34516e+06,213.2,155.779,66650
2014-09-07,351.387,770.54,445.493,2382.41,507.578,6.3445e+06,247.715,202.845,66650
2014-09-14,408.241,895.183,517.595,2900.03,589.719,6.34373e+06,287.802,205.317,66650
2014-09-21,474.265,1039.92,601.334,3501.4,685.115,6.34283e+06,334.358,179.388,66650
2014-09-28,550.929,1207.97,698.576,4200.05,795.89,6.34179e+06,388.42,330.862,66650
2014-07-13,99.7086,216.285,135.087,142.267,146.477,6.34786e+06,98.6082,111.502,66700
2014-07-20,113.546,245.532,148.647,294.431,165.724,6.34765e+06,111.566,140.045,66700
2014-07-27,128.489,277.125,167.043,464.116,188.08,6.34741e+06,126.616,127.746,66700
2014-08-03,145.059,312.675,188.408,655.268,212.517,6.34715e+06,143.066,106.044,66700
2014-08-10,163.69,352.796,212.595,870.93,239.849,6.34685e+06,161.467,187.459,66700
2014-08-17,184.698,398.065,239.886,1114.28,270.64,6.34651e+06,182.195,177.347,66700
2014-08-24,208.396,449.133,270.672,1388.86,305.369,6.34613e+06,205.575,187.565,66700
2014-08-31,235.128,506.738,305.401,1698.68,344.546,6.3457e+06,231.949,288.505,66700
2014-09-07,265.281,571.711,344.574,2048.24,388.737,6.34522e+06,261.698,304.681,66700
2014-09-14,299.29,644.989,388.76,2442.64,438.581,6.34467e+06,295.253,330.295,66700
2014-09-21,337.645,727.627,438.595,2887.6,494.797,6.34406e+06,333.098,246.836,66700
2014-09-28,380.898,820.813,494.798,3389.59,558.193,6.34336e+06,375.776,391.706,66700
2014-07-13,83.7451,184.431,112.022,117.431,121.636,6.34795e+06,69.1584,66.9732,66750
2014-07-20,97.779,214.465,125.672,244.785,141.004,6.34777e+06,80.1709,70.1049,66750
2014-07-27,113.294,247.758,144.487,389.913,163.942,6.34755e+06,93.2126,79.3154,66750
2014-08-03,130.922,286.123,166.802,557.23,189.632,6.34731e+06,107.819,104.355,66750
2014-08-10,151.218,330.443,192.651,750.447,219.066,6.34703e+06,124.555,117.159,66750
2014-08-17,174.645,381.629,222.504,973.607,253.013,6.3467e+06,143.855,153.912,66750
2014-08-24,201.697,440.734,256.974,1231.34,292.206,6.34632e+06,166.14,230.976,66750
2014-08-31,232.931,508.977,296.776,1529,337.462,6.34588e+06,191.871,168.306,66750
2014-09-07,268.994,587.765,342.733,1872.76,389.715,6.34538e+06,221.58,234.97,66750
2014-09-14,310.628,678.72,395.792,2269.74,450.042,6.3448e+06,255.881,254.952,66750
2014-09-21,358.689,783.711,457.046,2728.18,519.686,6.34412e+06,295.478,335.773,66750
2014-09-28,414.165,904.892,527.756,3257.54,600.078,6.34335e+06,341.186,202.771,66750
2014-07-13,97.4318,209.671,132.876,140.27,143.976,6.34787e+06,86.6144,112.257,66800
2014-07-20,109.518,235.052,144.766,289.236,160.856,6.34767e+06,96.7691,67.3489,66800
2014-07-27,122.413,262.102,160.765,453.503,180.266,6.34745e+06,108.446,134.795,66800
2014-08-03,136.531,292.164,179.144,636.34,201.216,6.34721e+06,121.05,150.379,66800
2014-08-10,152.21,325.683,199.707,840.136,224.358,6.34693e+06,134.972,201.77,66800
2014-08-17,169.677,363.048,222.629,1067.32,250.111,6.34663e+06,150.464,128.935,66800
2014-08-24,189.142,404.693,248.175,1320.59,278.808,6.34629e+06,167.728,117.607,66800
2014-08-31,210.836,451.102,276.646,1602.91,310.79,6.34591e+06,186.968,222.029,66800
2014-09-07,235.011,502.818,308.374,1917.61,346.431,6.34549e+06,208.409,266.607,66800
2014-09-14,261.951,560.445,343.732,2268.4,386.148,6.34502e+06,232.303,233.589,66800
2014-09-21,291.968,624.653,383.131,2659.4,430.405,6.34449e+06,258.927,272.006,66800
2014-09-28,325.412,696.188,427.031,3095.22,479.716,6.34391e+06,288.592,391.78,66800
2014-07-13,105.98,231.478,142.759,150.033,154.892,6.34782e+06,85.7922,98.6367,66850
2014-07-20,122.062,265.661,158.465,311.51,177.183,6.34759e+06,98.1387,82.2652,66850
2014-07-27,139.614,303.021,179.926,493.35,203.301,6.34733e+06,112.605,99.3526,66850
2014-08-03,159.293,345.515,205.088,700.355,232.166,6.34704e+06,128.593,124.866,66850
2014-08-10,181.656,393.981,233.87,936.378,264.805,6.3467e+06,146.671,136.318,66850
2014-08-17,207.142,449.244,266.689,1205.52,301.966,6.34632e+06,167.254,149.15,66850
2014-08-24,236.195,512.246,304.104,1512.43,344.324,6.34589e+06,190.716,156.123,66850
2014-08-31,269.315,584.062,346.755,1862.4,392.613,6.34539e+06,217.462,289.119,66850
2014-09-07,307.068,665.919,395.375,2261.43,447.657,6.34482e+06,247.95,177.839,66850
2014-09-14,350.097,759.214,450.795,2716.41,510.399,6.34417e+06,282.701,343.9,66850
2014-09-21,399.136,865.532,513.959,3235.15,581.906,6.34344e+06,322.308,359.308,66850
2014-09-28,455.019,986.679,585.945,3826.57,663.397,6.3426e+06,367.445,341.054,66850
2014-07-13,81.4664,177.995,109.708,115.286,119.035,6.34797e+06,71.614,56.3601,66900
2014-07-20,93.8798,204.388,121.829,239.403,136.238,6.34779e+06,81.9636,69.5947,66900
2014-07-27,107.436,233.252,138.398,379.238,156.404,6.34759e+06,94.096,66.5039,66900
2014-08-03,122.642,266.101,157.833,538.506,178.704,6.34736e+06,107.512,108.747,66900
2014-08-10,139.934,303.588,180.078,720.195,203.933,6.34711e+06,122.69,92.3699,66900
2014-08-17,159.651,346.357,205.456,927.491,232.674,6.34681e+06,139.982,207.288,66900
2014-08-24,182.141,395.144,234.405,1164,265.455,6.34647e+06,159.703,143.033,66900
2014-08-31,207.795,450.79,267.425,1433.82,302.847,6.34609e+06,182.199,151.612,66900
2014-09-07,237.055,514.257,305.089,1741.66,345.496,6.34565e+06,207.857,207.396,66900
2014-09-14,270.426,586.638,348.046,2092.84,394.139,6.34515e+06,237.122,152.552,66900
2014-09-21,308.483,669.179,397.039,2493.46,449.614,6.34458e+06,270.497,246.044,66900
2014-09-28,351.88,763.298,452.91,2950.47,512.877,6.34393e+06,308.557,362.369,66900
2014-07-13,90.6353,199.103,121.498,127.464,131.894,6.34791e+06,78.9043,81.286,66950
2014-07-20,105.384,230.602,135.861,265.376,152.276,6.34771e+06,91.0976,132.132,66950
2014-07-27,121.626,265.368,155.606,421.967,176.335,6.34749e+06,105.491,104.543,66950
2014-08-03,140.004,305.271,178.943,601.802,203.172,6.34722e+06,121.546,124.898,66950
2014-08-10,161.08,351.188,205.871,808.671,233.796,6.34692e+06,139.866,132.594,66950
2014-08-17,185.313,404.013,236.849,1046.67,268.977,6.34658e+06,160.913,165.923,66950
2014-08-24,213.185,464.772,272.48,1320.48,309.438,6.34618e+06,185.118,207.372,66950
2014-08-31,245.243,534.651,313.462,1635.47,355.974,6.34572e+06,212.958,160.753,66950
2014-09-07,282.111,615.013,360.595,1997.83,409.496,6.34519e+06,244.977,178.876,66950
2014-09-14,324.508,707.423,414.801,2414.67,471.047,6.34459e+06,281.8,240.382,66950
2014-09-21,373.26,813.676,477.135,2894.16,541.826,6.34389e+06,324.142,384.234,66950
2014-09-28,429.312,935.834,548.81,3445.7,623.209,6.34309e+06,372.829,494.923,66950
2014-07-13,92.8723,201.326,125.893,132.61,136.499,6.3479e+06,85.4624,93.1316,67000
2014-07-20,105.649,228.318,138.418,274.362,154.277,6.3477e+06,96.5934,131.07,67000
2014-07-27,119.434,257.443,155.398,432.292,174.91,6.34749e+06,109.512,110.965,67000
2014-08-03,134.704,290.183,175.101,610.029,197.44,6.34724e+06,123.618,120.494,67000
2014-08-10,151.855,327.097,197.386,810.359,222.615,6.34696e+06,139.38,183.123,67000
2014-08-17,171.176,368.708,222.506,1036.19,250.947,6.34665e+06,157.119,141.996,67000
2014-08-24,192.951,415.605,250.817,1290.75,282.873,6.3463e+06,177.107,185.761,67000
2014-08-31,217.49,468.453,282.721,1577.7,318.852,6.3459e+06,199.634,226.531,67000
2014-09-07,245.143,528.004,318.675,1901.14,359.397,6.34546e+06,225.02,195.182,67000
2014-09-14,276.302,595.104,359.191,2265.71,405.086,6.34495e+06,253.625,210.629,67000
2014-09-21,311.41,670.704,404.843,2676.62,456.566,6.34439e+06,285.857,335.498,67000
2014-09-28,350.964,755.873,456.28,3139.75,514.568,6.34375e+06,322.173,334.762,67000
2014-07-13,124.898,268.321,170.572,180.155,184.794,6.34771e+06,97.622,139.094,67050
2014-07-20,140.002,299.997,185.444,371.19,205.907,6.34745e+06,108.776,140.207,67050
2014-07-27,156.075,333.655,205.42,581.348,230.134,6.34717e+06,121.574,90.2394,67050
2014-08-03,173.624,370.961,228.314,814.664,256.21,6.34686e+06,135.349,116.879,67050
2014-08-10,193.061,412.447,253.861,1074.05,284.936,6.34652e+06,150.525,183.786,67050
2014-08-17,214.656,458.57,282.265,1362.47,316.818,6.34613e+06,167.367,217.088,67050
2014-08-24,238.659,509.839,313.836,1683.14,352.25,6.3457e+06,186.085,142.374,67050
2014-08-31,265.338,566.821,348.928,2039.69,391.632,6.34523e+06,206.89,229.602,67050
2014-09-07,294.988,630.147,387.931,2436.09,435.404,6.3447e+06,230.013,316.514,67050
2014-09-14,327.94,700.519,431.278,2876.79,484.049,6.34411e+06,255.712,285.461,67050
2014-09-21,364.556,778.715,479.45,3366.72,538.108,6.34346e+06,284.269,182.501,67050
2014-09-28,405.241,865.594,532.978,3911.37,598.176,6.34273e+06,316.002,308.607,67050
2014-07-13,107.549,234.389,145.139,152.636,157.443,6.34781e+06,79.8264,79.7927,67100
2014-07-20,123.422,268.068,160.658,316.586,179.469,6.34758e+06,90.9943,80.7478,67100
2014-07-27,140.688,304.74,181.815,500.635,205.206,6.34732e+06,104.043,75.6683,67100
2014-08-03,159.977,346.308,206.545,709.454,233.549,6.34703e+06,118.414,116.37,67100
2014-08-10,181.824,393.558,234.74,946.745,265.486,6.34669e+06,134.607,112.141,67100
2014-08-17,206.636,447.254,266.782,1216.43,301.725,6.34631e+06,152.981,136.118,67100
2014-08-24,234.827,508.263,303.187,1522.92,342.894,6.34588e+06,173.854,125.015,67100
2014-08-31,266.856,577.574,344.549,1871.23,389.669,6.34539e+06,197.569,119.065,67100
2014-09-07,303.242,656.311,391.539,2267.04,442.808,6.34483e+06,224.512,304.711,67100
2014-09-14,344.574,745.746,444.922,2716.83,503.174,6.3442e+06,255.119,270.689,67100
2014-09-21,391.521,847.326,505.56,3227.94,571.743,6.34348e+06,289.885,325.405,67100
2014-09-28,444.84,962.685,574.435,3808.69,649.624,6.34266e+06,329.372,272.712,67100
2014-07-13,84.0875,184.42,112.875,118.477,122.515,6.34795e+06,67.1362,32.3347,67150
2014-07-20,97.5094,213.047,125.957,246.474,141.079,6.34777e+06,77.309,59.8929,67150
2014-07-27,112.253,244.557,143.909,391.468,162.947,6.34756e+06,89.2922,118.003,67150
2014-08-03,128.893,280.631,165.08,557.574,187.276,6.34732e+06,102.624,128.386,67150
2014-08-10,147.927,322.039,189.448,748.172,214.967,6.34704e+06,117.799,152.371,67150
2014-08-17,169.758,369.558,217.413,966.907,246.7,6.34673e+06,135.188,87.4103,67150
2014-08-24,194.806,424.08,249.499,1217.93,283.104,6.34636e+06,155.136,126.555,67150
2014-08-31,223.544,486.632,286.311,1505.98,324.871,6.34595e+06,178.024,90.4174,67150
2014-09-07,256.512,558.39,328.545,1836.54,372.79,6.34547e+06,204.283,221.737,67150
2014-09-14,294.333,640.704,376.997,2215.85,427.762,6.34492e+06,234.407,333.851,67150
2014-09-21,337.715,735.119,432.578,2651.09,490.821,6.34429e+06,268.962,370.786,67150
2014-09-28,387.472,843.402,496.331,3150.49,563.151,6.34357e+06,308.598,400.141,67150
2014-07-13,98.6189,216.31,132.372,138.937,143.677,6.34786e+06,80.1189,77.9467,67200
2014-07-20,114.377,249.921,147.729,289.05,165.472,6.34765e+06,92.272,77.9355,67200
2014-07-27,131.688,286.921,168.807,459.119,191.147,6.3474e+06,106.589,97.7395,67200
2014-08-03,151.229,329.287,193.666,653.976,219.715,6.34712e+06,122.52,106.689,67200
2014-08-10,173.584,377.921,222.283,877.595,252.236,6.3468e+06,140.654,164.709,67200
2014-08-17,199.226,433.738,255.127,1134.26,289.506,6.34643e+06,161.437,211.651,67200
2014-08-24,228.648,497.787,292.814,1428.84,332.266,6.346e+06,185.282,200.257,67200
2014-08-31,262.408,571.273,336.056,1766.92,381.331,6.34551e+06,212.642,210.551,67200
2014-09-07,301.141,655.581,385.672,2154.94,437.627,6.34495e+06,244.034,208.438,67200
2014-09-14,345.577,752.296,442.595,2600.22,502.212,6.34431e+06,280.049,297.652,67200
2014-09-21,396.549,863.232,507.898,3111.22,576.303,6.34357e+06,321.364,331.643,67200
2014-09-28,455.014,990.466,582.806,3697.6,661.288,6.34272e+06,368.754,249.244,67200
2014-07-13,121.429,265.727,163.307,171.528,177.217,6.34773e+06,84.9358,106.01,67250
2014-07-20,140.296,305.893,181.716,356.461,203.342,6.34747e+06,97.4571,99.4217,67250
2014-07-27,160.948,349.932,206.919,565.286,234.028,6.34717e+06,112.164,141,67250
2014-08-03,184.172,400.172,236.547,803.702,268.044,6.34683e+06,128.467,157.986,67250
2014-08-10,210.643,457.639,270.534,1076.34,306.622,6.34643e+06,146.956,236.575,67250
2014-08-17,240.897,523.356,309.401,1388.14,350.673,6.34599e+06,168.069,132.198,67250
2014-08-24,275.487,598.49,353.838,1744.74,401.032,6.34548e+06,192.205,176.195,67250
2014-08-31,315.031,684.381,404.642,2152.54,458.606,6.34489e+06,219.799,152.472,67250
2014-09-07,360.235,782.562,462.721,2618.88,524.423,6.34423e+06,251.343,184.085,67250
2014-09-14,411.904,894.777,529.112,3152.15,599.658,6.34346e+06,287.401,249.25,67250
2014-09-21,470.957,1023.02,604.996,3761.91,685.648,6.34259e+06,328.614,426.814,67250
2014-09-28,538.44,1169.56,691.722,4459.11,783.92,6.34159e+06,375.714,277.562,67250
2014-07-13,114.632,249.852,154.685,162.671,167.8,6.34777e+06,81.7661,92.4258,67300
2014-07-20,131.573,285.798,171.247,337.415,191.306,6.34752e+06,93.2204,125.026,67300
2014-07-27,150.002,324.945,193.828,533.609,218.775,6.34725e+06,106.606,137.716,67300
2014-08-03,170.595,369.324,220.225,756.242,249.03,6.34693e+06,121.348,119.143,67300
2014-08-10,193.92,419.777,250.325,1009.27,283.128,6.34658e+06,137.963,117.644,67300
2014-08-17,220.416,477.12,284.537,1296.88,321.823,6.34617e+06,156.819,204.472,67300
2014-08-24,250.523,542.282,323.413,1623.79,365.787,6.34571e+06,178.242,205.342,67300
2014-08-31,284.734,616.32,367.587,1995.36,415.745,6.34519e+06,202.586,166.121,67300
2014-09-07,323.603,700.436,417.78,2417.68,472.508,6.34459e+06,230.245,216.552,67300
2014-09-14,367.761,795.994,474.807,2897.65,536.997,6.34391e+06,261.67,260.314,67300
2014-09-21,417.924,904.538,539.593,3443.12,610.26,6.34314e+06,297.37,188.225,67300
2014-09-28,474.901,1027.82,613.186,4063.01,693.479,6.34227e+06,337.921,172.807,67300
2014-07-13,108.576,236.421,146.632,154.247,159.05,6.3478e+06,86.0619,87.4092,67350
2014-07-20,124.422,270.019,162.132,319.796,181.049,6.34757e+06,97.9655,115.425,67350
2014-07-27,141.636,306.548,183.242,505.411,206.725,6.34731e+06,111.859,84.9989,67350
2014-08-03,160.839,347.897,207.889,715.725,234.961,6.34702e+06,127.137,107.63,67350
2014-08-10,182.559,394.836,235.951,954.397,266.735,6.34668e+06,144.33,90.7092,67350
2014-08-17,207.195,448.106,267.8,1225.29,302.739,6.3463e+06,163.812,278.677,67350
2014-08-24,235.147,508.551,303.937,1532.74,343.586,6.34587e+06,185.915,96.7331,67350
2014-08-31,266.862,577.129,344.94,1881.67,389.933,6.34538e+06,210.993,219.962,67350
2014-09-07,302.844,654.929,391.46,2277.66,442.517,6.34482e+06,239.446,252.696,67350
2014-09-14,343.662,743.183,444.238,2727.06,502.171,6.34419e+06,271.725,311.086,67350
2014-09-21,389.963,843.285,504.109,3237.03,569.842,6.34348e+06,308.341,362.038,67350
2014-09-28,442.478,956.815,572.02,3815.71,646.598,6.34266e+06,349.874,382.008,67350
2014-07-13,94.2006,206.791,126.352,132.585,137.154,6.34789e+06,81.3302,61.8215,67400
2014-07-20,109.403,239.239,141.162,275.946,158.171,6.34768e+06,93.7926,126.633,67400
2014-07-27,126.126,275.011,161.507,438.558,182.957,6.34745e+06,108.49,91.2811,67400
2014-08-03,145.028,316.023,185.528,625.11,210.573,6.34718e+06,124.866,132.776,67400
2014-08-10,166.68,363.165,213.216,839.473,242.051,6.34687e+06,143.532,140.657,67400
2014-08-17,191.548,417.34,245.035,1085.83,278.174,6.34651e+06,164.952,139.453,67400
2014-08-24,220.12,479.584,281.593,1368.94,319.672,6.3461e+06,189.56,174.424,67400
2014-08-31,252.946,551.093,323.595,1694.29,367.35,6.34563e+06,217.832,182.688,67400
2014-09-07,290.657,633.239,371.85,2068.16,422.125,6.34509e+06,250.312,200,67400
2014-09-14,333.976,727.597,427.284,2497.77,485.048,6.34446e+06,287.625,299.345,67400
2014-09-21,383.733,835.972,490.961,2991.42,557.325,6.34375e+06,330.484,305.58,67400
2014-09-28,440.879,960.431,564.1,3558.62,640.34,6.34293e+06,379.71,306.815,67400
2014-07-13,111.02,242.849,149.359,156.897,162.075,6.34779e+06,86.4938,108.852,67450
2014-07-20,128.183,279.376,166.109,325.994,185.846,6.34755e+06,99.1796,95.1163,67450
2014-07-27,146.959,319.398,189.032,516.824,213.753,6.34728e+06,114.072,112.113,67450
2014-08-03,168.059,365.028,215.963,734.56,244.668,6.34697e+06,130.57,144.226,67450
2014-08-10,192.095,417.189,246.839,983.391,279.707,6.34661e+06,149.27,125.49,67450
2014-08-17,219.55,476.803,282.127,1267.8,319.694,6.3462e+06,170.609,181.928,67450
2014-08-24,250.919,544.919,322.448,1592.86,365.378,6.34574e+06,194.989,192.026,67450
2014-08-31,286.761,622.743,368.518,1964.36,417.577,6.34521e+06,222.846,210.865,67450
2014-09-07,327.71,711.65,421.154,2388.94,477.216,6.3446e+06,254.673,271.438,67450
2014-09-14,374.488,813.21,481.289,2874.15,545.348,6.34391e+06,291.033,263.305,67450
2014-09-21,427.921,929.209,549.984,3428.63,623.176,6.34311e+06,332.567,329.098,67450
2014-09-28,488.948,1061.69,628.449,4062.24,712.07,6.34221e+06,380.007,346.931,67450
2014-07-13,92.628,202.006,124.933,131.36,135.532,6.3479e+06,83.8644,87.9396,67500
2014-07-20,106.416,231.277,138.409,272.543,154.659,6.3477e+06,95.6992,84.7522,67500
2014-07-27,121.429,263.185,156.793,431.184,177.026,6.34748e+06,109.539,106.395,67500
2014-08-03,138.221,299.393,178.303,611.359,201.685,6.34722e+06,124.798,122.299,67500
2014-08-10,157.258,340.594,202.851,816.312,229.501,6.34693e+06,142.01,147.932,67500
2014-08-17,178.903,387.466,230.779,1049.48,261.098,6.3466e+06,161.561,221.532,67500
2014-08-24,203.522,440.778,262.542,1314.75,297.031,6.34623e+06,183.796,145.801,67500
2014-08-31,231.522,501.41,298.669,1616.52,337.901,6.3458e+06,209.085,170.462,67500
2014-09-07,263.366,570.363,339.758,1959.82,384.382,6.34532e+06,237.847,280.709,67500
2014-09-14,299.579,648.772,386.485,2350.33,437.243,6.34476e+06,270.556,321.799,67500
2014-09-21,340.756,737.927,439.623,2794.55,497.353,6.34414e+06,307.75,313.762,67500
2014-09-28,387.575,839.29,500.045,3299.83,565.701,6.34342e+06,350.043,299.4,67500
2014-07-13,66.2716,146.432,88.3995,92.5718,96.0151,6.34806e+06,69.7382,74.945,67550
2014-07-20,77.8029,171.178,99.5963,193.277,111.902,6.34791e+06,81.2773,94.6613,67550
2014-07-27,90.6176,198.766,115.085,308.586,130.798,6.34774e+06,95.0018,136.604,67550
2014-08-03,105.256,230.724,133.541,442.205,152.075,6.34754e+06,110.456,106.378,67550
2014-08-10,122.198,267.833,155.028,597.301,176.583,6.34731e+06,128.256,78.06,67550
2014-08-17,141.855,310.913,179.972,777.352,204.995,6.34704e+06,148.893,94.5931,67550
2014-08-24,164.671,360.916,208.923,986.369,237.969,6.34673e+06,172.843,269.569,67550
2014-08-31,191.152,418.95,242.525,1229.01,276.24,6.34637e+06,200.64,166.298,67550
2014-09-07,221.886,486.3,281.524,1510.67,320.659,6.34595e+06,232.903,216.205,67550
2014-09-14,257.552,564.458,326.786,1837.61,372.208,6.34546e+06,270.344,289.294,67550
2014-09-21,298.94,655.149,379.311,2217.12,432.03,6.3449e+06,313.794,389.7,67550
2014-09-28,346.964,760.376,440.261,2657.61,501.445,6.34424e+06,364.212,353.889,67550
2014-07-13,142.674,303.785,196.277,207.843,212.474,6.3476e+06,110.204,90.2962,67600
2014-07-20,157.622,334.909,211.059,426.524,233.463,6.34732e+06,121.091,96.473,67600
2014-07-27,173.316,367.484,230.735,664.13,257.282,6.34701e+06,133.445,132.339,67600
2014-08-03,190.21,403.091,253.014,924.409,282.559,6.34668e+06,146.555,157.528,67600
2014-08-10,208.664,442.155,277.548,1209.89,310.018,6.34631e+06,160.798,191.558,67600
2014-08-17,228.89,485,304.46,1523.06,340.078,6.34591e+06,176.389,169.625,67600
2014-08-24,251.068,531.984,333.97,1866.59,373.035,6.34547e+06,193.483,148.634,67600
2014-08-31,275.386,583.499,366.328,2243.4,409.174,6.34498e+06,212.227,268.883,67600
2014-09-07,302.049,639.98,401.807,2656.72,448.798,6.34445e+06,232.779,184.133,67600
2014-09-14,331.28,701.898,440.708,3110.06,492.241,6.34387e+06,255.312,180.064,67600
2014-09-21,363.326,769.773,483.355,3607.28,539.868,6.34323e+06,280.014,179.563,67600
2014-09-28,398.452,844.17,530.106,4152.6,592.076,6.34252e+06,307.094,263.297,67600
2014-07-13,115.301,251.986,155.237,163.117,168.44,6.34776e+06,70.4499,92.9668,67650
2014-07-20,132.927,289.47,172.447,338.772,192.864,6.34752e+06,80.6653,84.8835,67650
2014-07-27,152.183,330.478,195.976,536.746,221.504,6.34723e+06,92.6438,59.9413,67650
2014-08-03,173.791,377.164,223.586,762.321,253.184,6.34691e+06,105.894,123.407,67650
2014-08-10,198.369,430.459,255.195,1019.75,289.04,6.34655e+06,120.891,182.093,67650
2014-08-17,226.404,491.283,291.271,1313.58,329.9,6.34613e+06,137.981,143.442,67650
2014-08-24,258.392,560.684,332.434,1648.93,376.517,6.34565e+06,157.478,172.322,67650
2014-08-31,294.889,639.864,379.401,2031.67,429.706,6.3451e+06,179.725,130.772,67650
2014-09-07,336.527,730.193,432.986,2468.47,490.391,6.34448e+06,205.106,197.376,67650
2014-09-14,384.026,833.231,494.119,2966.96,559.62,6.34377e+06,234.061,169.069,67650
2014-09-21,438.206,950.753,563.855,3535.82,638.591,6.34296e+06,267.09,218.518,67650
2014-09-28,499.998,1084.78,643.397,4184.94,728.662,6.34204e+06,304.763,254.398,67650
2014-07-13,101.822,222.982,136.854,143.711,148.521,6.34784e+06,72.1905,100.083,67700
2014-07-20,117.783,256.982,152.422,298.758,170.614,6.34762e+06,82.9292,37.0812,67700
2014-07-27,135.275,294.309,173.753,474.016,196.589,6.34737e+06,95.5545,91.6244,67700
2014-08-03,154.968,336.942,198.854,674.332,225.417,6.34708e+06,109.567,109.639,67700
2014-08-10,177.442,385.764,227.681,903.654,258.15,6.34676e+06,125.477,206.75,67700
2014-08-17,203.157,441.659,260.685,1166.22,295.571,6.34638e+06,143.666,141.932,67700
2014-08-24,232.591,505.641,298.463,1466.84,338.4,6.34595e+06,164.484,111.303,67700
2014-08-31,266.282,578.87,341.705,1811.03,387.423,6.34545e+06,188.312,290.351,67700
2014-09-07,304.841,662.678,391.197,2205.07,443.533,6.34489e+06,215.585,202.671,67700
2014-09-14,348.969,758.584,447.841,2656.17,507.748,6.34424e+06,246.797,155.431,67700
2014-09-21,399.464,868.323,512.663,3172.58,581.233,6.3435e+06,282.515,112.021,67700
2014-09-28,457.24,993.876,586.838,3763.72,665.318,6.34265e+06,323.386,298.493,67700
2014-07-13,128.157,279.353,172.923,181.845,187.585,6.34769e+06,83.0455,74.8863,67750
2014-07-20,147.116,319.586,191.458,377.202,213.892,6.34741e+06,94.6917,82.0454,67750
2014-07-27,167.744,363.405,216.73,596.566,244.636,6.34711e+06,108.302,94.3298,67750
2014-08-03,190.796,413.087,246.278,845.521,278.502,6.34675e+06,123.295,169.914,67750
2014-08-10,216.909,469.574,279.973,1128.5,316.673,6.34636e+06,140.194,178.236,67750
2014-08-17,246.575,533.781,318.275,1450.19,359.996,6.3459e+06,159.373,164.25,67750
2014-08-24,280.287,606.748,361.802,1815.89,409.222,6.34539e+06,181.166,161.256,67750
2014-08-31,318.596,689.661,411.266,2231.59,465.163,6.3448e+06,205.932,201.82,67750
2014-09-07,362.125,783.866,467.473,2704.11,528.73,6.34413e+06,234.073,202.331,67750
2014-09-14,411.581,890.89,531.337,3241.2,600.954,6.34337e+06,266.047,203.144,67750
2014-09-21,467.764,1012.46,603.895,3851.65,683.007,6.34251e+06,302.372,257.648,67750
2014-09-28,531.581,1150.55,686.321,4545.44,776.215,6.34154e+06,343.637,279.93,67750
2014-07-13,85.52,187.767,114.692,120.343,124.5,6.34794e+06,77.4143,74.5583,67800
2014-07-20,99.3494,217.289,128.164,250.489,143.616,6.34775e+06,89.3011,104.667,67800
2014-07-27,114.566,249.844,146.672,398.147,166.167,6.34754e+06,103.323,70.7207,67800
2014-08-03,131.77,287.18,168.532,567.587,191.299,6.34729e+06,118.95,136.575,67800
2014-08-10,151.484,330.108,193.735,762.339,219.955,6.34701e+06,136.769,101.003,67800
2014-08-17,174.131,379.454,222.706,986.215,252.848,6.34669e+06,157.221,169.527,67800
2014-08-24,200.16,436.167,256.002,1243.57,290.646,6.34631e+06,180.724,182.646,67800
2014-08-31,230.073,501.34,294.267,1539.39,334.086,6.34588e+06,207.736,253.322,67800
2014-09-07,264.447,576.231,338.241,1879.42,384.007,6.34539e+06,238.776,246.926,67800
2014-09-14,303.945,662.283,388.774,2270.26,441.372,6.34482e+06,274.446,267.93,67800
2014-09-21,349.328,761.148,446.838,2719.48,507.285,6.34417e+06,315.431,251.28,67800
2014-09-28,401.467,874.725,513.55,3235.78,583.014,6.34342e+06,362.519,297.955,67800
2014-07-13,112.449,244.546,152.024,159.981,164.879,6.34778e+06,88.0291,94.6388,67850
2014-07-20,128.593,278.739,167.825,331.486,187.306,6.34754e+06,100.003,100.535,67850
2014-07-27,146.096,315.835,189.317,523.433,213.439,6.34728e+06,113.955,102.907,67850
2014-08-03,165.582,357.743,214.365,740.505,242.12,6.34697e+06,129.268,128.2,67850
2014-08-10,187.579,405.223,242.83,986.368,274.329,6.34663e+06,146.464,156.007,67850
2014-08-17,212.479,459.004,275.073,1264.88,310.754,6.34624e+06,165.912,141.318,67850
2014-08-24,240.677,519.909,311.587,1580.37,352,6.3458e+06,187.933,179.957,67850
2014-08-31,272.608,588.874,352.935,1937.72,398.707,6.3453e+06,212.869,147.878,67850
2014-09-07,308.764,666.96,399.757,2342.5,451.596,6.34473e+06,241.107,199.484,67850
2014-09-14,349.7,755.366,452.773,2800.96,511.48,6.34409e+06,273.079,216.274,67850
2014-09-21,396.044,855.445,512.797,3320.21,579.278,6.34337e+06,309.276,347.421,67850
2014-09-28,448.505,968.726,580.75,3908.29,656.029,6.34254e+06,350.254,206.852,67850
2014-07-13,173.218,378.832,233.073,244.851,252.913,6.34742e+06,77.0833,88.665,67900
2014-07-20,199.933,435.675,259.149,508.694,289.918,6.34705e+06,88.3618,79.6125,67900
2014-07-27,229.147,497.932,294.823,806.366,333.347,6.34662e+06,101.598,73.2494,67900
2014-08-03,261.964,568.88,336.723,1145.9,381.438,6.34614e+06,116.256,120.19,67900
2014-08-10,299.33,649.949,384.739,1533.81,435.923,6.34558e+06,132.861,112.808,67900
2014-08-17,341.992,742.557,439.593,1977.03,498.071,6.34495e+06,151.803,153.328,67900
2014-08-24,390.713,848.319,502.241,2483.42,569.043,6.34423e+06,173.434,219.778,67900
2014-08-31,446.351,969.087,573.787,3061.97,650.093,6.3434e+06,198.137,238.78,67900
2014-09-07,509.88,1106.97,655.487,3722.91,742.644,6.34245e+06,226.345,276.063,67900
2014-09-14,582.409,1264.38,748.771,4477.94,848.314,6.34138e+06,258.551,225.79,67900
2014-09-21,665.2,1444.04,855.267,5340.39,968.943,6.34015e+06,295.317,313.598,67900
2014-09-28,759.687,1649.05,976.826,6325.46,1106.63,6.33874e+06,337.281,335.013,67900
2014-07-13,90.0978,194.347,122.634,129.368,132.907,6.34791e+06,95.8067,108.966,67950
2014-07-20,101.666,218.688,134.002,267.045,149.044,6.34773e+06,107.439,104.458,67950
2014-07-27,114.053,244.733,149.335,419.368,167.656,6.34752e+06,120.856,127.989,67950
2014-08-03,127.667,273.786,167.006,589.516,187.82,6.34729e+06,135.391,146.521,67950
2014-08-10,142.841,306.296,186.846,779.852,210.176,6.34703e+06,151.507,135.413,67950
2014-08-17,159.806,342.669,209.044,992.801,235.146,6.34675e+06,169.506,163.952,67950
2014-08-24,178.782,383.354,233.871,1231.04,263.071,6.34642e+06,189.636,222.411,67950
2014-08-31,200.007,428.858,261.641,1497.58,294.305,6.34606e+06,212.152,181.986,67950
2014-09-07,223.745,479.75,292.701,1795.76,329.24,6.34566e+06,237.335,283.978,67950
2014-09-14,250.293,536.664,327.44,2129.33,368.312,6.34521e+06,265.499,261.036,67950
2014-09-21,279.982,600.308,366.289,2502.49,412.006,6.3447e+06,296.997,421.411,67950
2014-09-28,313.181,671.474,409.734,2919.91,460.868,6.34414e+06,332.22,265.284,67950
2014-07-13,102.698,221.007,140.057,147.851,151.757,6.34784e+06,99.6282,71.7799,68000
2014-07-20,115.44,247.766,152.592,304.868,169.552,6.34763e+06,111.311,114.442,68000
2014-07-27,129.035,276.283,169.459,478.017,190.016,6.3474e+06,124.745,130.835,68000
2014-08-03,143.919,307.977,188.836,670.743,212.103,6.34714e+06,139.245,194.794,68000
2014-08-10,160.449,343.316,210.514,885.566,236.501,6.34685e+06,155.262,144.342,68000
2014-08-17,178.864,382.709,234.68,1125.05,263.652,6.34653e+06,173.087,217.94,68000
2014-08-24,199.386,426.614,261.613,1392.02,293.906,6.34617e+06,192.949,227.605,68000
2014-08-31,222.258,475.543,291.629,1689.63,327.624,6.34577e+06,215.085,86.6361,68000
2014-09-07,247.745,530.067,325.08,2021.38,365.2,6.34533e+06,239.753,186.129,68000
2014-09-14,276.147,590.821,362.357,2391.18,407.073,6.34483e+06,267.243,188.049,68000
2014-09-21,307.793,658.513,403.895,2803.37,453.732,6.34428e+06,297.874,249.218,68000
2014-09-28,343.051,733.928,450.177,3262.81,505.718,6.34366e+06,332.003,242.751,68000
2014-07-13,86.7319,188.761,117.182,123.287,127.099,6.34793e+06,86.2125,98.2243,68050
2014-07-20,99.3072,215.413,129.485,255.545,144.562,6.34775e+06,98.0574,81.1143,68050
2014-07-27,112.958,244.366,146.234,403.727,164.931,6.34754e+06,111.874,114.847,68050
2014-08-03,128.174,277.116,165.774,571.499,187.313,6.34731e+06,127.056,133.502,68050
2014-08-10,145.372,314.265,188.008,761.746,212.48,6.34704e+06,144.127,183.98,68050
2014-08-17,164.864,356.396,213.222,977.509,240.978,6.34674e+06,163.457,213.928,68050
2014-08-24,186.965,404.168,241.812,1222.21,273.285,6.34639e+06,185.371,215.147,68050
2014-08-31,212.023,458.33,274.227,1499.71,309.917,6.34601e+06,210.219,191.461,68050
2014-09-07,240.433,519.733,310.979,1814.4,351.449,6.34556e+06,238.39,262.501,68050
2014-09-14,272.641,589.342,352.646,2171.27,398.534,6.34506e+06,270.329,223.838,68050
2014-09-21,309.151,668.246,399.882,2575.95,451.911,6.3445e+06,306.535,255.661,68050
2014-09-28,350.535,757.679,453.427,3034.82,512.417,6.34385e+06,347.576,441.157,68050
2014-07-13,87.2649,190.63,117.534,123.517,127.525,6.34793e+06,94.0775,108.087,68100
2014-07-20,100.533,218.836,130.49,256.473,145.913,6.34774e+06,107.643,106.691,68100
2014-07-27,115.017,249.672,148.197,406.23,167.464,6.34753e+06,123.542,91.9968,68100
2014-08-03,131.261,284.755,168.963,576.752,191.288,6.34729e+06,141.117,168.321,68100
2014-08-10,149.727,324.78,192.723,771.225,218.234,6.34701e+06,160.996,176.377,68100
2014-08-17,170.776,370.432,219.824,993.047,248.922,6.3467e+06,183.635,148.511,68100
2014-08-24,194.78,422.492,250.727,1246.06,283.913,6.34634e+06,209.449,221.342,68100
2014-08-31,222.152,481.855,285.967,1534.63,323.814,6.34593e+06,238.885,207.348,68100
2014-09-07,253.362,549.54,326.151,1863.76,369.313,6.34546e+06,272.45,359.057,68100
2014-09-14,288.946,626.709,371.97,2239.13,421.19,6.34492e+06,310.721,439.448,68100
2014-09-21,329.515,714.682,424.209,2667.23,480.336,6.34431e+06,354.354,255.851,68100
2014-09-28,375.762,814.963,483.764,3155.44,547.764,6.34362e+06,404.097,526.781,68100
2014-07-13,80.1379,174.533,108.209,113.822,117.375,6.34797e+06,84.4361,78.4193,68150
2014-07-20,91.8636,199.399,119.677,236.005,133.651,6.3478e+06,96.145,78.3487,68150
2014-07-27,104.605,226.444,135.3,373.036,152.654,6.34761e+06,109.815,107.899,68150
2014-08-03,118.826,257.069,153.545,528.35,173.559,6.34739e+06,124.853,131.48,68150
2014-08-10,134.915,291.848,174.327,704.66,197.092,6.34714e+06,141.782,150.049,68150
2014-08-17,153.171,331.333,197.921,904.833,223.768,6.34686e+06,160.972,199.69,68150
2014-08-24,173.894,376.153,224.703,1132.1,254.043,6.34654e+06,182.752,157.818,68150
2014-08-31,197.415,427.026,255.101,1390.11,288.409,6.34618e+06,207.473,174.889,68150
2014-09-07,224.111,484.764,289.605,1683.02,327.415,6.34577e+06,235.533,249.348,68150
2014-09-14,254.41,550.291,328.766,2015.54,371.686,6.3453e+06,267.38,306.251,68150
2014-09-21,288.794,624.651,373.211,2393.02,421.928,6.34477e+06,303.523,282.337,68150
2014-09-28,327.813,709.029,423.649,2821.53,478.944,6.34417e+06,344.539,343.239,68150
2014-07-13,113.492,247.219,153.222,161.161,166.204,6.34777e+06,90.8628,89.2258,68200
2014-07-20,130.137,282.522,169.5,334.19,189.307,6.34753e+06,103.493,87.9066,68200
2014-07-27,148.228,320.928,191.68,528.296,216.285,6.34726e+06,118.242,153.991,68200
2014-08-03,168.424,364.428,217.587,748.359,245.971,6.34695e+06,134.471,107.425,68200
2014-08-10,191.279,413.837,247.102,998.24,279.396,6.3466e+06,152.744,163.254,68200
2014-08-17,217.217,469.943,280.619,1282.02,317.293,6.3462e+06,173.463,146.918,68200
2014-08-24,246.664,533.641,318.67,1604.28,360.312,6.34575e+06,196.981,164.307,68200
2014-08-31,280.093,605.95,361.869,1970.23,409.151,6.34523e+06,223.681,236.253,68200
2014-09-07,318.041,688.029,410.908,2385.78,464.593,6.34465e+06,253.991,312.632,68200
2014-09-14,361.114,781.188,466.575,2857.64,527.525,6.34398e+06,288.396,290.83,68200
2014-09-21,410,886.912,529.759,3393.41,598.953,6.34323e+06,327.445,293.437,68200
2014-09-28,465.476,1006.88,601.468,4001.72,680.017,6.34237e+06,371.762,442.52,68200
2014-07-13,80.5073,175.804,108.465,114,117.682,6.34797e+06,77.8662,73.9461,68250
2014-07-20,92.6918,201.699,120.367,236.67,134.572,6.3478e+06,89.042,88.3762,68250
2014-07-27,105.987,229.992,136.625,374.77,154.358,6.3476e+06,102.134,91.0114,68250
2014-08-03,120.887,262.164,155.682,531.931,176.218,6.34738e+06,116.598,113.556,68250
2014-08-10,137.817,298.847,177.475,711.067,200.929,6.34712e+06,132.949,105.342,68250
2014-08-17,157.105,340.665,202.319,915.28,229.057,6.34683e+06,151.56,111.257,68250
2014-08-24,179.088,388.328,230.633,1148.08,261.111,6.3465e+06,172.769,140.428,68250
2014-08-31,204.142,442.647,262.904,1413.45,297.643,6.34613e+06,196.941,182.342,68250
2014-09-07,232.694,504.548,299.682,1715.95,339.277,6.3457e+06,224.489,222.468,68250
2014-09-14,265.231,575.086,341.595,2060.76,386.724,6.34521e+06,255.883,252.4,68250
2014-09-21,302.306,655.459,389.356,2453.79,440.79,6.34465e+06,291.657,325.828,68250
2014-09-28,344.549,747.03,443.778,2901.76,502.396,6.34401e+06,332.419,357.498,68250
2014-07-13,123.609,266.809,168.156,177.355,182.252,6.34771e+06,87.452,64.7538,68300
2014-07-20,139.63,300.535,183.894,366.209,204.593,6.34746e+06,98.1721,106.381,68300
2014-07-27,156.8,336.66,205.135,575.349,230.38,6.34718e+06,110.546,116.086,68300
2014-08-03,175.69,376.996,229.637,809.192,258.345,6.34686e+06,123.965,155.416,68300
2014-08-10,196.765,422.174,257.171,1071.04,289.381,6.3465e+06,138.857,117.856,68300
2014-08-17,220.349,472.764,288.004,1364.28,324.077,6.3461e+06,155.505,122.424,68300
2014-08-24,246.752,529.402,322.523,1692.68,362.914,6.34566e+06,174.141,181.988,68300
2014-08-31,276.309,592.806,361.167,2060.43,406.393,6.34516e+06,195.004,214.165,68300
2014-09-07,309.396,663.776,404.427,2472.23,455.065,6.3446e+06,218.359,183.708,68300
2014-09-14,346.431,743.209,452.852,2933.35,509.547,6.34397e+06,244.502,247.712,68300
2014-09-21,387.88,832.107,507.053,3449.68,570.525,6.34327e+06,273.762,271.121,68300
2014-09-28,434.265,931.585,567.715,4027.79,638.77,6.34249e+06,306.508,318.312,68300
2014-07-13,103.659,228.158,138.728,145.451,150.625,6.34783e+06,74.0148,89.3714,68350
2014-07-20,120.916,265.072,155.517,303.11,174.449,6.34761e+06,85.7218,109.107,68350
2014-07-27,139.978,305.951,178.645,482.625,202.642,6.34734e+06,99.5754,110.868,68350
2014-08-03,161.614,353.013,206.054,689.404,234.188,6.34704e+06,115.077,144.827,68350
2014-08-10,186.501,407.329,237.774,927.981,270.297,6.34669e+06,132.82,157.913,68350
2014-08-17,215.201,470.002,274.374,1203.28,311.903,6.34629e+06,153.265,103.354,68350
2014-08-24,248.31,542.302,316.596,1520.96,359.896,6.34582e+06,176.848,225.387,68350
2014-08-31,286.503,625.699,365.303,1887.51,415.259,6.34528e+06,204.052,241.745,68350
2014-09-07,330.556,721.889,421.487,2310.45,479.12,6.34467e+06,235.433,182.102,68350
2014-09-14,381.365,832.823,486.29,2798.42,552.777,6.34395e+06,271.627,234.72,68350
2014-09-21,439.959,960.747,561.03,3361.41,637.725,6.34313e+06,313.369,404.922,68350
2014-09-28,507.522,1108.24,647.219,4010.9,735.683,6.34218e+06,361.504,379.281,68350
2014-07-13,90.0236,198.146,120.479,126.317,130.811,6.34792e+06,69.583,41.5772,68400
2014-07-20,105.012,230.207,135.06,263.238,151.502,6.34772e+06,80.5896,78.0169,68400
2014-07-27,121.567,265.712,155.147,419.139,175.989,6.34749e+06,93.6148,77.5207,68400
2014-08-03,140.359,306.59,178.953,598.721,203.388,6.34723e+06,108.19,64.5659,68400
2014-08-10,161.976,353.77,206.505,805.921,234.751,6.34692e+06,124.873,162.514,68400
2014-08-17,186.906,408.211,238.296,1045.02,270.891,6.34657e+06,144.097,183.303,68400
2014-08-24,215.667,471.018,274.971,1320.93,312.58,6.34617e+06,166.273,112.612,68400
2014-08-31,248.846,543.471,317.282,1639.29,360.674,6.3457e+06,191.856,263.647,68400
2014-09-07,287.12,627.044,366.091,2006.63,416.154,6.34516e+06,221.368,254.532,68400
2014-09-14,331.265,723.436,422.394,2430.48,480.15,6.34454e+06,255.409,273.363,68400
2014-09-21,382.18,834.601,487.333,2919.5,553.961,6.34383e+06,294.672,286.878,68400
2014-09-28,440.896,962.791,562.229,3483.69,639.087,6.343e+06,339.954,410.032,68400
2014-07-13,105.878,230.559,142.982,150.406,155.092,6.34782e+06,85.7926,96.8297,68450
2014-07-20,121.341,263.347,158.107,311.84,176.558,6.3476e+06,97.6673,99.2808,68450
2014-07-27,138.14,298.997,178.708,492.854,201.615,6.34734e+06,111.528,111.129,68450
2014-08-03,156.883,339.356,202.761,697.973,229.172,6.34705e+06,126.772,159.544,68450
2014-08-10,178.084,385.175,230.151,930.768,260.185,6.34673e+06,143.927,155.905,68450
2014-08-17,202.132,437.179,261.238,1195.01,295.329,6.34635e+06,163.368,138.189,68450
2014-08-24,229.421,496.192,296.515,1494.94,335.205,6.34593e+06,185.426,186.045,68450
2014-08-31,260.386,563.152,336.545,1835.36,380.454,6.34545e+06,210.457,200.676,68450
2014-09-07,295.52,639.123,381.966,2221.74,431.796,6.34491e+06,238.858,190.838,68450
2014-09-14,335.38,725.31,433.5,2660.25,490.048,6.3443e+06,271.081,262.001,68450
2014-09-21,380.599,823.079,491.967,3157.92,556.134,6.3436e+06,307.638,308.543,68450
2014-09-28,431.892,933.973,558.293,3722.69,631.1,6.3428e+06,349.107,400.954,68450
2014-07-13,135.141,291.59,183.901,193.983,199.31,6.34765e+06,96.4163,116.01,68500
2014-07-20,152.561,328.251,201.017,400.475,223.608,6.34737e+06,108.17,62.8609,68500
2014-07-27,171.221,367.494,224.11,629.023,251.641,6.34706e+06,121.731,120.692,68500
2014-08-03,191.737,411.285,250.733,884.422,282.022,6.34671e+06,136.428,136.94,68500
2014-08-10,214.611,460.303,280.633,1170.24,315.718,6.34632e+06,152.728,92.887,68500
2014-08-17,240.194,515.16,314.096,1490.14,353.365,6.34589e+06,170.94,164.91,68500
2014-08-24,268.816,576.537,351.536,1848.18,395.48,6.3454e+06,191.313,183.483,68500
2014-08-31,300.839,645.203,393.425,2248.89,442.599,6.34486e+06,214.107,194.684,68500
2014-09-07,336.663,722.015,440.288,2697.34,495.314,6.34425e+06,239.608,226.336,68500
2014-09-14,376.735,807.932,492.713,3199.2,554.283,6.34357e+06,268.134,256.916,68500
2014-09-21,421.556,904.025,551.355,3760.8,620.243,6.34281e+06,300.042,310.329,68500
2014-09-28,471.683,1011.48,616.945,4389.23,694.015,6.34196e+06,335.73,397.902,68500
2014-07-13,93.4423,205.707,125.035,131.087,135.76,6.34789e+06,69.0214,79.1553,68550
2014-07-20,109.032,239.06,140.2,273.201,157.28,6.34769e+06,79.9621,67.7249,68550
2014-07-27,126.256,276.006,161.095,435.058,182.752,6.34745e+06,92.9124,87.4507,68550
2014-08-03,145.813,318.554,185.865,621.551,211.262,6.34718e+06,107.407,76.467,68550
2014-08-10,168.316,367.675,214.539,836.784,243.907,6.34686e+06,124.004,116.465,68550
2014-08-17,194.274,424.371,247.634,1085.22,281.533,6.3465e+06,143.133,195.557,68550
2014-08-24,224.23,489.797,285.825,1371.98,324.947,6.34608e+06,165.206,128.962,68550
2014-08-31,258.796,565.291,329.895,1702.95,375.046,6.34559e+06,190.676,168.67,68550
2014-09-07,298.68,652.393,380.747,2084.95,432.853,6.34503e+06,220.066,165.473,68550
2014-09-14,344.695,752.881,439.421,2525.83,499.55,6.34439e+06,253.975,238.666,68550
2014-09-21,397.779,868.8,507.114,3034.63,576.497,6.34364e+06,293.095,219.262,68550
2014-09-28,459.012,1002.5,585.204,3621.8,665.26,6.34278e+06,338.223,222.194,68550
2014-07-13,100.383,217.396,136.184,143.491,147.644,6.34785e+06,91.5332,87.0712,68600
2014-07-20,114.012,246.165,149.55,296.742,166.617,6.34764e+06,103.296,137.348,68600
2014-07-27,128.694,277.156,167.653,467.248,188.609,6.34741e+06,116.93,96.5789,68600
2014-08-03,144.932,311.94,188.63,658.857,212.586,6.34715e+06,131.795,140.463,68600
2014-08-10,163.143,351.101,212.322,874.503,239.337,6.34685e+06,148.379,158.381,68600
2014-08-17,183.628,395.177,238.988,1117.23,269.397,6.34651e+06,167.015,177.28,68600
2014-08-24,206.679,444.778,268.995,1390.45,303.219,6.34614e+06,187.983,198.459,68600
2014-08-31,232.617,500.589,302.762,1697.96,341.278,6.34572e+06,211.578,207.272,68600
2014-09-07,261.802,563.384,340.756,2044.06,384.102,6.34524e+06,238.128,229.395,68600
2014-09-14,294.639,634.032,383.507,2433.6,432.286,6.3447e+06,268,305.719,68600
2014-09-21,331.581,713.509,431.605,2872,486.496,6.3441e+06,301.608,269.72,68600
2014-09-28,373.137,802.908,485.715,3365.37,547.48,6.34342e+06,339.415,362.794,68600
2014-07-13,109.474,238.371,147.848,155.528,160.368,6.3478e+06,87.5214,70.1672,68650
2014-07-20,125.446,272.236,163.471,322.447,182.543,6.34757e+06,99.6231,104.657,68650
2014-07-27,142.796,309.053,184.75,509.592,208.423,6.3473e+06,113.747,98.4874,68650
2014-08-03,162.151,350.727,209.591,721.632,236.882,6.34701e+06,129.279,108.025,68650
2014-08-10,184.042,398.033,237.875,962.254,268.905,6.34667e+06,146.756,175.261,68650
2014-08-17,208.87,451.718,269.973,1235.35,305.191,6.34628e+06,166.559,150.99,68650
2014-08-24,237.039,512.631,306.392,1545.28,346.357,6.34585e+06,189.025,204.271,68650
2014-08-31,268.999,581.737,347.712,1897.03,393.062,6.34535e+06,214.515,253.035,68650
2014-09-07,305.257,660.132,394.592,2296.2,446.051,6.34479e+06,243.433,244.715,68650
2014-09-14,346.387,749.058,447.774,2749.18,506.162,6.34416e+06,276.239,289.708,68650
2014-09-21,393.04,849.918,508.102,3263.2,574.348,6.34344e+06,313.452,379.135,68650
2014-09-28,445.952,964.302,576.529,3846.46,651.686,6.34262e+06,355.659,338.617,68650
2014-07-13,90.0664,196.089,121.65,127.973,131.95,6.34791e+06,92.9674,97.2988,68700
2014-07-20,103.187,223.905,134.484,265.305,150.166,6.34772e+06,105.802,113.964,68700
2014-07-27,117.437,254.141,151.962,419.25,171.424,6.34751e+06,120.779,152.699,68700
2014-08-03,133.331,288.361,172.365,593.644,194.796,6.34726e+06,137.247,159.644,68700
2014-08-10,151.305,327.199,195.59,791.511,221.092,6.34698e+06,155.774,198.962,68700
2014-08-17,171.688,371.27,221.945,1016.04,250.884,6.34667e+06,176.764,142.915,68700
2014-08-24,194.811,421.268,251.844,1270.82,284.677,6.34631e+06,200.574,202.332,68700
2014-08-31,221.043,477.985,285.762,1559.91,323.014,6.34591e+06,227.585,143.116,68700
2014-09-07,250.8,542.32,324.239,1887.94,366.503,6.34544e+06,258.226,293.353,68700
2014-09-14,284.553,615.292,367.885,2260.13,415.834,6.34492e+06,292.983,286.642,68700
2014-09-21,322.835,698.052,417.391,2682.41,471.788,6.34433e+06,332.405,283.708,68700
2014-09-28,366.25,791.905,473.54,3161.51,535.247,6.34366e+06,377.117,442.101,68700
2014-07-13,88.925,193.197,120.32,126.655,130.482,6.34792e+06,88.1338,106.871,68750
2014-07-20,101.527,219.868,132.66,262.312,147.998,6.34773e+06,99.9647,108.26,68750
2014-07-27,115.17,248.757,149.429,413.927,168.384,6.34752e+06,113.734,156.514,68750
2014-08-03,130.337,281.344,168.946,585.132,190.722,6.34728e+06,128.822,74.6851,68750
2014-08-10,147.431,318.21,191.094,778.755,215.771,6.34701e+06,145.742,146.659,68750
2014-08-17,166.754,359.909,216.145,997.762,244.058,6.34671e+06,164.848,115.241,68750
2014-08-24,188.604,407.064,244.474,1245.47,276.041,6.34636e+06,186.451,141.737,68750
2014-08-31,213.313,460.385,276.507,1525.65,312.208,6.34597e+06,210.88,209.838,68750
2014-09-07,241.251,520.673,312.73,1842.53,353.105,6.34553e+06,238.503,203.616,68750
2014-09-14,272.839,588.835,353.687,2200.92,399.345,6.34503e+06,269.736,351.527,68750
2014-09-21,308.552,665.894,399.994,2606.24,451.625,6.34447e+06,305.048,276.662,68750
2014-09-28,348.924,753.002,452.346,3064.61,510.729,6.34383e+06,344.969,425.245,68750
2014-07-13,85.0693,185.515,114.742,120.646,124.476,6.34794e+06,79.8102,66.0353,68800
2014-07-20,97.7264,212.385,127.113,250.308,142.034,6.34776e+06,91.0679,82.8483,68800
2014-07-27,111.508,241.675,143.989,395.998,162.566,6.34756e+06,104.233,80.121,68800
2014-08-03,126.921,274.91,163.734,561.455,185.202,6.34732e+06,118.746,106.972,68800
2014-08-10,144.396,312.727,186.267,749.656,210.734,6.34706e+06,135.117,137.667,68800
2014-08-17,164.263,355.747,211.901,963.759,239.736,6.34675e+06,153.712,158.964,68800
2014-08-24,186.858,404.678,241.055,1207.32,272.717,6.34641e+06,174.858,181.968,68800
2014-08-31,212.557,460.326,274.213,1484.39,310.228,6.34602e+06,198.909,190.289,68800
2014-09-07,241.783,523.609,311.924,1799.57,352.888,6.34557e+06,226.262,276.167,68800
2014-09-14,275.017,595.57,354.81,2158.08,401.402,6.34507e+06,257.367,253.128,68800
2014-09-21,312.809,677.393,403.578,2565.89,456.569,6.34449e+06,292.739,284.947,68800
2014-09-28,355.777,770.42,459.032,3029.73,519.297,6.34384e+06,332.958,321.234,68800
2014-07-13,114.111,246.517,155.124,163.569,168.141,6.34777e+06,90.6873,90.3061,68850
2014-07-20,129.081,278.054,169.824,337.877,189.008,6.34754e+06,101.942,89.4382,68850
2014-07-27,145.147,311.884,189.682,531.139,213.12,6.34727e+06,114.947,109.597,68850
2014-08-03,162.846,349.708,212.615,747.511,239.305,6.34698e+06,129.069,122.304,68850
2014-08-10,182.619,392.13,238.42,990.11,268.404,6.34665e+06,144.764,94.0893,68850
2014-08-17,204.775,439.696,267.355,1262.15,300.979,6.34628e+06,162.333,109.057,68850
2014-08-24,229.613,493.02,299.791,1567.21,337.49,6.34586e+06,182.026,187.661,68850
2014-08-31,257.456,552.793,336.153,1909.27,378.42,6.34539e+06,204.102,211.252,68850
2014-09-07,288.665,619.789,376.912,2292.81,424.3,6.34487e+06,228.847,316.928,68850
2014-09-14,323.645,694.877,422.599,2722.84,475.725,6.34429e+06,256.583,124.049,68850
2014-09-21,362.848,779.024,473.804,3205,533.36,6.34363e+06,287.669,343.348,68850
2014-09-28,406.779,873.316,531.19,3745.56,597.95,6.34289e+06,322.506,264.187,68850
2014-07-13,105.108,226.945,142.951,150.757,154.938,6.34782e+06,98.7323,74.5985,68900
2014-07-20,118.791,255.757,156.39,311.334,174.016,6.34761e+06,110.889,112.609,68900
2014-07-27,133.463,286.636,174.535,489.235,196.046,6.34737e+06,124.927,145.973,68900
2014-08-03,149.613,321.132,195.474,688.244,219.948,6.3471e+06,140.159,176.692,68900
2014-08-10,167.641,359.789,219.017,911.191,246.49,6.34679e+06,157.072,131.381,68900
2014-08-17,187.825,403.1,245.394,1160.99,276.176,6.34645e+06,175.989,210.369,68900
2014-08-24,210.433,451.615,274.939,1440.87,309.424,6.34607e+06,197.176,175.996,68900
2014-08-31,235.757,505.953,308.033,1754.44,346.665,6.34565e+06,220.907,152.687,68900
2014-09-07,264.12,566.811,345.1,2105.75,388.377,6.34517e+06,247.487,159.751,68900
2014-09-14,295.884,634.964,386.614,2499.33,435.092,6.34463e+06,277.256,213.974,68900
2014-09-21,331.455,711.281,433.107,2940.24,487.409,6.34403e+06,310.594,329.435,68900
2014-09-28,371.286,796.733,485.171,3434.17,545.993,6.34336e+06,347.926,331.794,68900
2014-07-13,88.6896,195.256,118.669,124.411,128.849,6.34792e+06,79.1646,93.4522,68950
2014-07-20,103.496,226.935,133.073,259.295,149.287,6.34773e+06,91.7218,101.076,68950
2014-07-27,119.857,262.031,152.919,412.93,173.481,6.3475e+06,106.587,127.448,68950
2014-08-03,138.435,302.452,176.448,589.966,200.564,6.34724e+06,123.226,114.257,68950
2014-08-10,159.814,349.123,203.687,794.303,231.577,6.34694e+06,142.28,164.941,68950
2014-08-17,184.479,402.997,235.131,1030.19,267.326,6.3466e+06,164.244,148.235,68950
2014-08-24,212.945,465.173,271.419,1302.48,308.579,6.3462e+06,189.59,182.344,68950
2014-08-31,245.795,536.924,313.298,1616.79,356.188,6.34574e+06,218.841,268.707,68950
2014-09-07,283.703,619.717,361.627,1979.59,411.129,6.34521e+06,252.597,194.407,68950
2014-09-14,327.444,715.246,417.395,2398.34,474.526,6.34459e+06,291.548,266.436,68950
2014-09-21,377.911,825.457,481.744,2881.67,547.675,6.34388e+06,336.49,346.856,68950
2014-09-28,436.132,952.593,555.986,3439.49,632.067,6.34307e+06,388.34,376.507,68950
2014-07-13,156.334,341.893,210.361,220.994,228.267,6.34752e+06,76.459,51.9445,69000
2014-07-20,180.434,393.171,233.885,459.121,261.65,6.34718e+06,87.641,83.8316,69000
2014-07-27,206.787,449.331,266.067,727.766,300.828,6.3468e+06,100.764,115.521,69000
2014-08-03,236.391,513.33,303.864,1034.18,344.21,6.34636e+06,115.295,145.272,69000
2014-08-10,270.097,586.458,347.178,1384.22,393.357,6.34586e+06,131.757,113.453,69000
2014-08-17,308.579,669.992,396.658,1784.16,449.418,6.34529e+06,150.535,170.985,69000
2014-08-24,352.527,765.393,453.169,2241.09,513.437,6.34464e+06,171.978,192.356,69000
2014-08-31,402.714,874.331,517.706,2763.1,586.547,6.34389e+06,196.467,196.315,69000
2014-09-07,460.021,998.713,591.402,3359.43,670.032,6.34304e+06,224.43,207.621,69000
2014-09-14,525.447,1140.71,675.55,4040.64,765.352,6.34207e+06,256.358,212.12,69000
2014-09-21,600.135,1302.79,771.619,4818.74,874.172,6.34096e+06,292.808,290.044,69000
2014-09-28,685.38,1487.76,881.282,5707.46,998.385,6.33969e+06,334.414,320.289,69000
2014-07-13,117.362,250.363,161.207,170.614,174.539,6.34775e+06,98.6468,81.8034,69050
2014-07-20,130.057,276.834,173.749,350.418,192.346,6.34752e+06,108.711,98.8339,69050
2014-07-27,143.423,304.631,190.475,546.295,212.603,6.34727e+06,120.16,132.749,69050
2014-08-03,157.855,335.106,209.463,761.47,234.164,6.34699e+06,132.346,138.839,69050
2014-08-10,173.667,368.636,230.433,998.158,257.658,6.34668e+06,145.624,100.873,69050
2014-08-17,191.047,405.52,253.502,1258.54,283.452,6.34634e+06,160.203,184.95,69050
2014-08-24,210.161,446.085,278.871,1544.99,311.816,6.34597e+06,176.234,268.694,69050
2014-08-31,231.182,490.694,306.771,1860.1,343.008,6.34556e+06,193.863,214.689,69050
2014-09-07,254.297,539.748,337.453,2206.72,377.31,6.34511e+06,213.25,217.493,69050
2014-09-14,279.715,593.684,371.192,2588.02,415.03,6.34462e+06,234.569,292.187,69050
2014-09-21,307.662,652.986,408.291,3007.42,456.505,6.34407e+06,258.01,239.452,69050
2014-09-28,338.387,718.18,449.081,3468.74,502.105,6.34348e+06,283.783,365.745,69050
2014-07-13,89.302,196.015,119.793,125.707,130.034,6.34792e+06,73.9284,100.737,69100
2014-07-20,103.694,226.731,133.815,261.616,149.931,6.34772e+06,85.2409,90.9415,69100
2014-07-27,119.523,260.587,153.074,415.752,173.394,6.3475e+06,98.5803,111.967,69100
2014-08-03,137.411,299.395,175.81,592.547,199.531,6.34724e+06,113.44,111.122,69100
2014-08-10,157.898,343.997,202.013,795.663,229.319,6.34695e+06,130.375,134.047,69100
2014-08-17,181.425,395.245,232.119,1029.05,263.495,6.34661e+06,149.806,180.607,69100
2014-08-24,208.451,454.116,266.704,1297.22,302.752,6.34622e+06,172.124,188.205,69100
2014-08-31,239.497,521.739,306.433,1605.34,347.847,6.34578e+06,197.762,219.872,69100
2014-09-07,275.157,599.41,352.069,1959.35,399.646,6.34526e+06,227.212,309.885,69100
2014-09-14,316.113,688.614,404.486,2366.07,459.142,6.34467e+06,261.037,282.23,69100
2014-09-21,363.15,791.055,464.689,2833.34,527.472,6.344e+06,299.886,368.685,69100
2014-09-28,417.163,908.683,533.827,3370.14,605.943,6.34322e+06,344.499,276.15,69100
2014-07-13,125.99,274.725,169.951,178.702,184.367,6.3477e+06,86.7747,109.315,69150
2014-07-20,144.711,314.462,188.25,370.741,210.338,6.34743e+06,98.998,79.1352,69150
2014-07-27,165.09,357.766,213.208,586.485,240.702,6.34713e+06,113.29,109.113,69150
2014-08-03,187.875,406.891,242.402,831.459,274.169,6.34678e+06,129.041,112.989,69150
2014-08-10,213.701,462.774,275.712,1110.06,311.91,6.34639e+06,146.804,117.509,69150
2014-08-17,243.056,526.329,313.596,1426.94,354.767,6.34594e+06,166.976,131.836,69150
2014-08-24,276.433,598.592,356.671,1787.36,403.491,6.34543e+06,189.908,171.191,69150
2014-08-31,314.381,680.75,405.647,2197.27,458.891,6.34485e+06,215.983,236.373,69150
2014-09-07,357.523,774.147,461.33,2663.47,521.875,6.34419e+06,245.627,170.641,69150
2014-09-14,406.565,880.309,524.632,3193.64,593.477,6.34344e+06,279.327,220.863,69150
2014-09-21,462.308,1000.97,596.59,3796.55,674.865,6.34259e+06,317.634,252.811,69150
2014-09-28,525.659,1138.09,678.377,4482.13,767.369,6.34163e+06,361.172,272.813,69150
2014-07-13,81.8662,178.527,110.423,116.105,119.79,6.34796e+06,81.7962,77.9761,69200
2014-07-20,94.0446,204.381,122.326,240.886,136.684,6.34779e+06,93.3318,116.824,69200
2014-07-27,107.305,232.562,138.564,381.088,156.44,6.34759e+06,106.822,93.6325,69200
2014-08-03,122.134,264.538,157.561,540.309,178.219,6.34737e+06,121.693,109.563,69200
2014-08-10,138.947,300.923,179.241,721.413,202.785,6.34711e+06,138.467,138.725,69200
2014-08-17,158.061,342.313,203.904,927.438,230.688,6.34682e+06,157.52,190.847,69200
2014-08-24,179.801,389.389,231.954,1161.81,262.419,6.34649e+06,179.187,167.653,69200
2014-08-31,204.525,442.927,263.856,1428.41,298.508,6.34611e+06,203.83,157.915,69200
2014-09-07,232.643,503.811,300.137,1731.68,339.551,6.34568e+06,231.855,263.604,69200
2014-09-14,264.617,573.043,341.397,2076.65,386.225,6.34519e+06,263.726,329.68,69200
2014-09-21,300.975,651.763,388.316,2469.03,439.3,6.34464e+06,299.967,275.02,69200
2014-09-28,342.314,741.263,441.666,2915.33,499.649,6.34401e+06,341.174,332.308,69200
2014-07-13,103.535,223.755,140.704,148.347,152.516,6.34783e+06,87.2397,90.9292,69250
2014-07-20,117.19,252.53,154.11,306.487,171.546,6.34762e+06,98.1247,53.9626,69250
2014-07-27,131.854,283.418,172.227,481.917,193.546,6.34738e+06,110.709,113.305,69250
2014-08-03,148.017,317.974,193.161,678.435,217.452,6.34711e+06,124.383,117.329,69250
2014-08-10,166.086,356.752,216.729,898.901,244.035,6.34681e+06,139.589,120.187,69250
2014-08-17,186.345,400.261,243.173,1146.27,273.811,6.34647e+06,156.62,154.811,69250
2014-08-24,209.069,449.065,272.834,1423.81,307.206,6.3461e+06,175.722,116.481,69250
2014-08-31,234.558,503.805,306.105,1735.21,344.664,6.34567e+06,197.149,194.038,69250
2014-09-07,263.147,565.198,343.422,2084.57,386.679,6.34519e+06,221.181,226.02,69250
2014-09-14,295.209,634.049,385.277,2476.51,433.8,6.34466e+06,248.135,252.994,69250
2014-09-21,331.165,711.256,432.217,2916.22,486.646,6.34406e+06,278.362,377.315,69250
2014-09-28,371.483,797.827,484.855,3409.49,545.905,6.34339e+06,312.259,341.986,69250
2014-07-13,132.945,283.005,182.926,193.718,198.017,6.34766e+06,112.591,126.948,69300
2014-07-20,146.82,311.889,196.648,397.497,217.501,6.3474e+06,123.67,107.05,69300
2014-07-27,161.382,342.111,214.909,618.842,239.607,6.34711e+06,136.239,162.984,69300
2014-08-03,177.054,375.134,235.581,861.228,263.058,6.3468e+06,149.573,192.764,69300
2014-08-10,194.166,411.35,258.338,1127,288.525,6.34646e+06,164.053,260.595,69300
2014-08-17,212.916,451.061,283.293,1418.44,316.396,6.34608e+06,179.901,234.166,69300
2014-08-24,233.469,494.594,310.647,1738.03,346.943,6.34567e+06,197.269,236.474,69300
2014-08-31,255.998,542.312,340.633,2088.47,380.428,6.34522e+06,216.309,181.406,69300
2014-09-07,280.692,594.613,373.502,2472.73,417.132,6.34473e+06,237.178,235.87,69300
2014-09-14,307.758,651.933,409.529,2894.07,457.362,6.34419e+06,260.053,266.705,69300
2014-09-21,337.42,714.749,449.014,3356.04,501.453,6.34359e+06,285.122,247.334,69300
2014-09-28,369.924,783.581,492.287,3862.53,549.771,6.34294e+06,312.596,226.631,69300
2014-07-13,78.1899,171.16,105.127,110.408,114.085,6.34799e+06,86.3116,80.5036,69350
2014-07-20,90.3865,197.133,117.026,229.481,130.971,6.34782e+06,99.0867,66.7616,69350
2014-07-27,103.745,225.629,133.322,363.998,150.814,6.34762e+06,114.099,114.473,69350
2014-08-03,118.776,258.156,152.489,517.654,172.822,6.3474e+06,130.749,102.887,69350
2014-08-10,135.918,295.385,174.488,693.452,197.798,6.34715e+06,149.645,164.068,69350
2014-08-17,155.522,337.984,199.661,894.613,226.334,6.34686e+06,171.234,196.204,69350
2014-08-24,177.95,386.718,228.459,1124.79,258.976,6.34653e+06,195.93,149.011,69350
2014-08-31,203.607,442.468,261.403,1388.17,296.319,6.34615e+06,224.181,230.55,69350
2014-09-07,232.956,506.24,299.091,1689.52,339.037,6.34572e+06,256.5,193.289,69350
2014-09-14,266.527,579.181,342.202,2034.31,387.902,6.34523e+06,293.469,331.312,69350
2014-09-21,304.924,662.606,391.513,2428.79,443.794,6.34466e+06,335.754,336.575,69350
2014-09-28,348.838,758.01,447.913,2880.11,507.719,6.34402e+06,384.117,498.7,69350
2014-07-13,151.013,326.624,205.09,216.178,222.323,6.34755e+06,101.888,109.901,69400
2014-07-20,171.154,369.093,224.856,446.793,250.381,6.34724e+06,114.747,105.981,69400
2014-07-27,192.807,414.738,251.589,702.909,282.849,6.34689e+06,129.627,108.257,69400
2014-08-03,216.704,465.863,282.51,990.159,318.172,6.34649e+06,145.814,116.104,69400
2014-08-10,243.448,523.299,317.362,1312.8,357.497,6.34605e+06,163.837,140.529,69400
2014-08-17,273.467,587.81,356.509,1675.25,401.593,6.34556e+06,184.046,151.066,69400
2014-08-24,307.175,660.25,400.468,2082.4,451.104,6.345e+06,206.736,256.558,69400
2014-08-31,345.025,741.585,449.828,2539.73,506.699,6.34437e+06,232.214,205.511,69400
2014-09-07,387.52,832.899,505.251,3053.43,569.12,6.34367e+06,260.821,294.682,69400
2014-09-14,435.226,935.402,567.474,3630.41,639.199,6.34288e+06,292.937,151.61,69400
2014-09-21,488.776,1050.45,637.327,4278.42,717.867,6.342e+06,328.99,358.013,69400
2014-09-28,548.879,1179.57,715.734,5006.18,806.167,6.341e+06,369.457,431.526,69400
2014-07-13,96.2074,208.936,130.216,137.088,141.209,6.34788e+06,88.3261,102.173,69450
2014-07-20,109.771,237.633,143.5,283.868,160.065,6.34768e+06,100.12,85.1019,69450
2014-07-27,124.446,268.694,161.544,447.823,181.999,6.34745e+06,113.84,106.472,69450
2014-08-03,140.749,303.71,182.534,632.852,206.019,6.34719e+06,128.864,142.914,69450
2014-08-10,159.112,343.299,206.339,841.983,232.936,6.3469e+06,145.701,174.606,69450
2014-08-17,179.857,388.051,233.248,1078.39,263.314,6.34657e+06,164.702,179.23,69450
2014-08-24,203.301,438.626,263.657,1345.62,297.64,6.3462e+06,186.173,210.118,69450
2014-08-31,229.795,495.778,298.024,1647.69,336.433,6.34578e+06,210.438,196.478,69450
2014-09-07,259.733,560.357,336.859,1989.12,380.27,6.3453e+06,237.858,285.792,69450
2014-09-14,293.561,633.324,380.743,2375.04,429.804,6.34477e+06,268.841,211.66,69450
2014-09-21,331.781,715.762,430.328,2811.23,485.773,6.34416e+06,303.85,302.719,69450
2014-09-28,374.96,808.89,486.351,3304.21,549.005,6.34348e+06,343.401,360.654,69450
2014-07-13,67.4883,147.587,90.8147,95.4062,98.5442,6.34805e+06,79.5747,81.2989,69500
2014-07-20,77.8877,169.715,100.965,198.205,112.949,6.3479e+06,91.2069,102.674,69500
2014-07-27,89.2604,193.952,114.853,314.173,129.855,6.34774e+06,104.859,81.9134,69500
2014-08-03,102.037,221.575,131.164,446.439,148.578,6.34755e+06,119.977,122.428,69500
2014-08-10,116.586,253.143,149.858,597.535,169.791,6.34733e+06,137.106,168.781,69500
2014-08-17,133.199,289.211,171.217,770.167,193.991,6.34709e+06,156.648,176.312,69500
2014-08-24,152.177,330.413,195.615,967.401,221.632,6.3468e+06,178.968,237.249,69500
2014-08-31,173.855,377.475,223.485,1192.74,253.206,6.34648e+06,204.465,254.583,69500
2014-09-07,198.616,431.23,255.319,1450.18,289.272,6.34611e+06,233.588,158.334,69500
2014-09-14,226.897,492.624,291.681,1744.28,330.467,6.34569e+06,266.853,239.331,69500
2014-09-21,259.197,562.74,333.212,2080.27,377.517,6.34521e+06,304.846,274.562,69500
2014-09-28,296.083,642.81,380.643,2464.09,431.25,6.34467e+06,348.235,263.384,69500
2014-07-13,107.195,234.271,144.323,151.649,156.598,6.34781e+06,80.9541,95.5563,69550
2014-07-20,123.583,269.123,160.324,314.954,179.306,6.34758e+06,92.6932,101.988,69550
2014-07-27,141.486,307.251,182.2,499.011,205.934,6.34732e+06,106.459,85.6325,69550
2014-08-03,161.577,350.66,207.871,708.73,235.389,6.34702e+06,121.686,114.05,69550
2014-08-10,184.43,400.214,237.261,948.068,268.728,6.34668e+06,138.921,140.952,69550
2014-08-17,210.498,456.771,270.805,1221.24,306.72,6.34629e+06,158.561,153.855,69550
2014-08-24,240.242,521.305,309.079,1533.04,350.067,6.34585e+06,180.969,214.73,69550
2014-08-31,274.181,594.936,352.752,1888.89,399.527,6.34534e+06,206.538,171.041,69550
2014-09-07,312.901,678.939,402.582,2295.02,455.958,6.34476e+06,235.71,208.445,69550
2014-09-14,357.075,774.765,459.431,2758.51,520.339,6.3441e+06,268.992,163.312,69550
2014-09-21,407.463,884.068,524.285,3287.44,593.781,6.34335e+06,306.959,257.06,69550
2014-09-28,464.936,1008.73,598.263,3891.01,677.553,6.34249e+06,350.265,256.337,69550
2014-07-13,86.1764,188.333,116.026,121.916,125.893,6.34794e+06,78.337,75.351,69600
2014-07-20,99.3488,216.346,128.887,253.201,144.146,6.34775e+06,89.6945,109.697,69600
2014-07-27,113.739,246.994,146.471,401.166,165.549,6.34754e+06,103.013,105.678,69600
2014-08-03,129.888,281.886,167.105,569.758,189.226,6.3473e+06,117.745,129.667,69600
2014-08-10,148.258,321.72,190.729,762.157,216.024,6.34703e+06,134.42,126.591,69600
2014-08-17,169.213,367.184,217.692,981.757,246.564,6.34671e+06,153.424,147.573,69600
2014-08-24,193.124,419.065,248.46,1232.4,281.409,6.34636e+06,175.106,190.344,69600
2014-08-31,220.408,478.261,283.569,1518.46,321.17,6.34595e+06,199.847,253.831,69600
2014-09-07,251.539,545.801,323.629,1844.94,366.538,6.34548e+06,228.078,215.072,69600
2014-09-14,287.057,622.856,369.336,2217.53,418.302,6.34495e+06,260.288,312.908,69600
2014-09-21,327.577,710.757,421.484,2642.74,477.358,6.34435e+06,297.035,268.209,69600
2014-09-28,373.799,811.023,480.975,3127.98,544.727,6.34366e+06,338.955,311.859,69600
2014-07-13,90.4491,194.495,123.431,130.33,133.733,6.34791e+06,93.8545,85.5089,69650
2014-07-20,101.541,217.775,134.348,268.644,149.231,6.34773e+06,104.731,108.743,69650
2014-07-27,113.362,242.553,149.025,421.002,167.036,6.34752e+06,117.226,98.53,69650
2014-08-03,126.289,270.058,165.869,590.387,186.229,6.3473e+06,130.696,163.017,69650
2014-08-10,140.628,300.691,184.692,778.969,207.405,6.34705e+06,145.558,128.046,69650
2014-08-17,156.583,334.799,205.651,988.952,230.943,6.34676e+06,162.077,139.608,69650
2014-08-24,174.344,372.77,228.983,1222.76,257.141,6.34645e+06,180.463,162.051,69650
2014-08-31,194.115,415.038,254.956,1483.09,286.305,6.3461e+06,200.93,174.426,69650
2014-09-07,216.123,462.085,283.867,1772.95,318.769,6.34571e+06,223.714,261.616,69650
2014-09-14,240.62,514.45,316.049,2095.67,354.905,6.34528e+06,249.074,213.195,69650
2014-09-21,267.884,572.73,351.869,2454.98,395.124,6.3448e+06,277.3,346.77,69650
2014-09-28,298.226,637.588,391.736,2855,439.887,6.34427e+06,308.715,396.848,69650
2014-07-13,83.3784,180.673,113.061,119.108,122.582,6.34795e+06,84.2331,72.8919,69700
2014-07-20,94.787,204.767,124.247,246.381,138.459,6.34778e+06,95.1435,78.9697,69700
2014-07-27,107.088,230.748,139.406,388.1,156.878,6.34758e+06,107.8,92.9193,69700
2014-08-03,120.706,259.935,156.985,547.497,176.976,6.34736e+06,121.611,119.932,69700
2014-08-10,135.993,292.825,176.858,727.046,199.421,6.34712e+06,137.034,154.7,69700
2014-08-17,153.204,329.878,199.245,929.324,224.666,6.34684e+06,154.381,103.721,69700
2014-08-24,172.589,371.613,224.461,1157.2,253.096,6.34652e+06,173.917,167.02,69700
2014-08-31,194.422,418.618,252.861,1413.92,285.117,6.34617e+06,195.92,166.941,69700
2014-09-07,219.012,471.555,284.848,1703.11,321.181,6.34577e+06,220.702,185.551,69700
2014-09-14,246.704,531.169,320.872,2028.89,361.797,6.34532e+06,248.612,280.52,69700
2014-09-21,277.888,598.298,361.441,2395.85,407.536,6.34482e+06,280.042,354.138,69700
2014-09-28,313.002,673.883,407.126,2809.21,459.042,6.34425e+06,315.434,314.888,69700
2014-07-13,83.8643,183.1,113.006,118.778,122.606,6.34795e+06,78.7147,102.323,69750
2014-07-20,96.5272,210.008,125.375,246.57,140.161,6.34777e+06,89.9855,74.0655,69750
2014-07-27,110.34,239.398,142.27,390.396,160.721,6.34757e+06,103.185,106.396,69750
2014-08-03,125.817,272.807,162.068,554.027,183.429,6.34734e+06,117.764,137.66,69750
2014-08-10,143.395,310.89,184.702,740.484,209.091,6.34707e+06,134.24,131.644,69750
2014-08-17,163.416,354.29,210.497,952.982,238.292,6.34677e+06,152.987,137.591,69750
2014-08-24,186.228,403.742,239.887,1195.15,271.56,6.34642e+06,174.346,152.744,69750
2014-08-31,212.219,460.083,273.373,1471.13,309.465,6.34603e+06,198.681,150.268,69750
2014-09-07,241.831,524.269,311.524,1785.63,352.65,6.34559e+06,226.407,213.88,69750
2014-09-14,275.565,597.388,354.99,2144.01,401.849,6.34508e+06,257.993,274.44,69750
2014-09-21,313.992,680.676,404.505,2552.39,457.895,6.3445e+06,293.976,283.288,69750
2014-09-28,357.762,775.54,460.909,3017.73,521.737,6.34384e+06,334.963,387.564,69750
2014-07-13,109.042,237.486,147.236,154.873,159.708,6.3478e+06,90.7066,100.116,69800
2014-07-20,125,271.326,162.843,321.125,181.859,6.34757e+06,103.287,100.487,69800
2014-07-27,142.339,308.13,184.104,507.583,207.719,6.34731e+06,117.974,97.8697,69800
2014-08-03,161.69,349.804,208.933,718.921,236.167,6.34701e+06,134.132,147.512,69800
2014-08-10,183.584,397.128,237.213,958.832,268.19,6.34667e+06,152.319,130.688,69800
2014-08-17,208.425,450.852,269.318,1231.21,304.488,6.34629e+06,172.935,171.328,69800
2014-08-24,236.619,511.831,305.758,1540.46,345.682,6.34586e+06,196.331,244.673,69800
2014-08-31,268.618,581.037,347.117,1891.54,392.437,6.34536e+06,222.886,194.749,69800
2014-09-07,304.934,659.574,394.057,2290.1,445.501,6.3448e+06,253.023,246.451,69800
2014-09-14,346.144,748.692,447.327,2742.54,505.719,6.34417e+06,287.224,362.08,69800
2014-09-21,392.905,849.807,507.777,3256.15,574.051,6.34344e+06,326.033,366.312,69800
2014-09-28,445.958,964.521,576.366,3839.14,651.581,6.34262e+06,370.067,381.075,69800
2014-07-13,87.2813,188.537,118.662,125.126,128.618,6.34793e+06,90.471,79.2055,69850
2014-07-20,98.7151,212.623,129.89,258.454,144.556,6.34775e+06,101.682,116.105,69850
2014-07-27,110.985,238.456,145.056,406.26,162.972,6.34755e+06,114.635,141.845,69850
2014-08-03,124.499,267.337,162.57,571.714,182.967,6.34732e+06,128.7,113.351,69850
2014-08-10,139.596,299.725,182.273,757.196,205.186,6.34707e+06,144.329,164.859,69850
2014-08-17,156.512,336.038,204.366,965.16,230.056,6.34679e+06,161.823,137.436,69850
2014-08-24,175.473,376.743,229.129,1198.33,257.93,6.34647e+06,181.43,264.251,69850
2014-08-31,196.727,422.369,256.887,1459.74,289.175,6.34611e+06,203.407,216.915,69850
2014-09-07,220.549,473.507,288.001,1752.83,324.196,6.34572e+06,228.042,157.426,69850
2014-09-14,247.249,530.82,322.874,2081.4,363.449,6.34527e+06,255.652,234.96,69850
2014-09-21,277.172,595.048,361.959,2449.76,407.441,6.34477e+06,286.597,298.117,69850
2014-09-28,310.704,667.021,405.761,2862.7,456.742,6.3442e+06,321.275,254.381,69850
2014-07-13,78.8691,173.942,105.371,110.409,114.429,6.34798e+06,76.931,73.056,69900
2014-07-20,92.3056,202.732,118.43,230.309,132.959,6.34781e+06,89.3888,94.8343,69900
2014-07-27,107.194,234.725,136.458,367.225,154.945,6.3476e+06,104.17,114.362,69900
2014-08-03,124.149,271.675,157.885,525.425,179.626,6.34737e+06,120.763,112.514,69900
2014-08-10,143.714,314.456,182.757,708.521,207.969,6.3471e+06,139.818,151.085,69900
2014-08-17,166.349,363.976,211.548,920.462,240.731,6.34679e+06,161.844,149.158,69900
2014-08-24,192.543,421.284,244.865,1165.79,278.642,6.34643e+06,187.332,132.947,69900
2014-08-31,222.856,487.601,283.423,1449.74,322.515,6.34601e+06,216.828,157.181,69900
2014-09-07,257.934,564.338,328.042,1778.41,373.285,6.34552e+06,250.961,224.791,69900
2014-09-14,298.521,653.124,379.672,2158.81,432.031,6.34496e+06,290.456,272.528,69900
2014-09-21,345.48,755.842,439.411,2599.07,500.003,6.34431e+06,336.154,381.692,69900
2014-09-28,399.805,874.667,508.527,3108.6,578.64,6.34356e+06,389.022,263.553,69900
2014-07-13,68.099,155.128,88.4565,91.7181,96.3579,6.34805e+06,60.364,76.8816,69950
2014-07-20,84.1446,190.453,103.792,194.485,118.103,6.34788e+06,73.9863,102.442,69950
2014-07-27,102.863,231.966,125.731,317.587,145.04,6.34767e+06,90.8614,84.7661,69950
2014-08-03,125.336,282.45,153.044,467.203,176.93,6.34742e+06,110.839,95.9243,69950
2014-08-10,152.639,343.941,186.377,649.379,215.509,6.34712e+06,135.007,146.804,69950
2014-08-17,185.874,418.821,226.965,871.231,262.44,6.34675e+06,164.407,168.47,69950
2014-08-24,226.338,509.987,276.382,1141.39,319.577,6.3463e+06,200.201,194.436,69950
2014-08-31,275.601,620.973,336.546,1470.37,389.141,6.34575e+06,243.78,69.5328,69950
2014-09-07,335.57,756.072,409.792,1870.95,473.828,6.34508e+06,296.832,100.27,69950
2014-09-14,408.566,920.507,498.954,2358.7,576.915,6.34426e+06,361.412,435.972,69950
2014-09-21,497.407,1120.62,607.48,2952.56,702.386,6.34327e+06,440.014,634.204,69950
2014-09-28,605.516,1364.11,739.559,3675.56,855.081,6.34207e+06,535.671,375.865,69950
2014-07-13,101.546,220.02,137.708,145.077,149.303,6.34785e+06,87.5927,88.4546,70000
2014-07-20,115.422,249.321,151.314,300.087,168.615,6.34763e+06,98.9228,68.7162,70000
2014-07-27,130.381,280.91,169.749,472.666,191.014,6.3474e+06,112.064,132.211,70000
2014-08-03,146.937,316.393,191.126,666.742,215.452,6.34713e+06,126.401,89.4457,70000
2014-08-10,165.519,356.367,215.285,885.32,242.738,6.34683e+06,142.409,130.42,70000
2014-08-17,186.436,401.393,242.498,1131.53,273.421,6.34649e+06,160.41,150.372,70000
2014-08-24,209.99,452.097,273.141,1408.85,307.969,6.34611e+06,180.678,167.549,70000
2014-08-31,236.513,509.191,307.648,1721.22,346.872,6.34568e+06,203.502,208.711,70000
2014-09-07,266.378,573.475,346.504,2073.04,390.678,6.34519e+06,229.202,195.072,70000
2014-09-14,300.002,645.85,390.255,2469.29,440.001,6.34464e+06,258.139,263.662,70000
2014-09-21,337.858,727.326,439.513,2915.57,495.532,6.34403e+06,290.718,251.026,70000
2014-09-28,380.472,819.04,494.968,3418.16,558.047,6.34334e+06,327.394,249.414,70000
2014-07-13,74.1208,162.441,99.5587,104.523,108.054,6.34801e+06,71.2486,59.4176,70050
2014-07-20,85.847,187.437,110.992,217.369,124.279,6.34785e+06,81.9469,81.346,70050
2014-07-27,98.7134,214.914,126.67,345.064,143.373,6.34766e+06,94.5374,126.738,70050
2014-08-03,113.218,246.337,145.139,491.185,164.591,6.34745e+06,108.528,125.201,70050
2014-08-10,129.79,282.365,166.375,658.664,188.715,6.34721e+06,124.435,87.0244,70050
2014-08-17,148.776,323.666,190.719,850.648,216.327,6.34694e+06,142.642,158.227,70050
2014-08-24,170.536,371,218.618,1070.72,247.97,6.34662e+06,163.507,162.525,70050
2014-08-31,195.474,425.245,250.592,1322.98,284.234,6.34626e+06,187.419,140.852,70050
2014-09-07,224.052,487.407,287.234,1612.13,325.794,6.34584e+06,214.822,240.003,70050
2014-09-14,256.8,558.637,329.226,1943.56,373.418,6.34536e+06,246.225,246.398,70050
2014-09-21,294.324,640.25,377.344,2323.43,427.991,6.34481e+06,282.209,347.7,70050
2014-09-28,337.317,733.754,432.478,2758.81,490.519,6.34419e+06,323.439,405.089,70050
2014-07-13,119.869,258.509,163.185,172.157,176.851,6.34774e+06,94.8095,83.657,70100
2014-07-20,135.211,290.785,178.264,355.335,198.256,6.34749e+06,106.285,117.925,70100
2014-07-27,151.634,325.306,198.596,557.938,222.936,6.34722e+06,119.516,100.229,70100
2014-08-03,169.675,363.799,222.022,784.175,249.663,6.34691e+06,133.844,113.002,70100
2014-08-10,189.776,406.855,248.313,1037.17,279.285,6.34657e+06,149.724,132.354,70100
2014-08-17,212.241,455.007,277.716,1320.12,312.355,6.34618e+06,167.453,188.756,70100
2014-08-24,237.358,508.843,310.59,1636.57,349.325,6.34576e+06,187.272,240.816,70100
2014-08-31,265.439,569.031,347.344,1990.48,390.658,6.34528e+06,209.431,235.751,70100
2014-09-07,296.831,636.314,388.434,2386.25,436.867,6.34474e+06,234.204,127.73,70100
2014-09-14,331.923,711.522,434.369,2828.84,488.524,6.34414e+06,261.897,326.963,70100
2014-09-21,371.147,795.581,485.717,3323.76,546.266,6.34347e+06,292.852,300.87,70100
2014-09-28,414.985,889.524,543.11,3877.17,610.804,6.34273e+06,327.451,266.017,70100
2014-07-13,93.4507,203.671,126.11,132.623,136.801,6.34789e+06,91.5006,83.9249,70150
2014-07-20,107.249,232.95,139.601,275.08,155.948,6.3477e+06,104.307,82.056,70150
2014-07-27,122.26,264.832,157.993,435.01,178.322,6.34747e+06,119.272,141.414,70150
2014-08-03,139.031,300.974,179.493,616.473,202.963,6.34721e+06,135.754,149.836,70150
2014-08-10,158.026,342.061,204.007,822.691,230.732,6.34692e+06,154.327,164.583,70150
2014-08-17,179.603,388.756,231.868,1057.07,262.243,6.34659e+06,175.404,108.255,70150
2014-08-24,204.12,441.817,263.525,1323.46,298.045,6.34622e+06,199.35,104.82,70150
2014-08-31,231.977,502.105,299.497,1626.21,338.725,6.34579e+06,226.56,141.656,70150
2014-09-07,263.627,570.599,340.368,1970.29,384.946,6.34531e+06,257.475,303.425,70150
2014-09-14,299.584,648.411,386.804,2361.31,437.459,6.34475e+06,292.599,290.91,70150
2014-09-21,340.432,736.801,439.559,2805.67,497.116,6.34413e+06,332.501,402.698,70150
2014-09-28,386.831,837.196,499.487,3310.63,564.883,6.34342e+06,377.828,340.267,70150
2014-07-13,99.9404,217.843,134.853,141.812,146.287,6.34786e+06,85.8827,86.0152,70200
2014-07-20,114.722,249.21,149.304,294.158,166.796,6.34764e+06,97.9236,88.6265,70200
2014-07-27,130.804,283.374,169.007,465.22,190.766,6.3474e+06,111.996,130.859,70200
2014-08-03,148.776,322.109,192.043,659.353,217.17,6.34713e+06,127.497,141.257,70200
2014-08-10,169.137,366.152,218.314,880.013,246.93,6.34682e+06,144.969,148.37,70200
2014-08-17,192.267,416.216,248.177,1130.86,280.708,6.34646e+06,164.8,194.988,70200
2014-08-24,218.555,473.115,282.116,1416.01,319.092,6.34606e+06,187.334,94.9986,70200
2014-08-31,248.429,537.775,320.687,1740.16,362.714,6.3456e+06,212.944,225.587,70200
2014-09-07,282.376,611.248,364.519,2108.61,412.286,6.34508e+06,242.047,201.603,70200
2014-09-14,320.95,694.73,414.327,2527.42,468.616,6.34449e+06,275.117,433.266,70200
2014-09-21,364.777,789.576,470.922,3003.44,532.619,6.34382e+06,312.692,439.552,70200
2014-09-28,414.568,897.32,535.223,3544.47,605.335,6.34306e+06,355.382,279.07,70200
2014-07-13,112.314,241.655,153.193,161.727,165.988,6.34778e+06,85.5035,72.3652,70250
2014-07-20,126.21,270.833,166.866,333.452,185.398,6.34755e+06,95.5018,96.3574,70250
2014-07-27,141.032,301.92,185.259,522.772,207.713,6.3473e+06,106.997,117.67,70250
2014-08-03,157.256,336.458,206.384,733.437,231.79,6.34702e+06,119.399,174.041,70250
2014-08-10,175.267,374.956,230.01,968.189,258.378,6.3467e+06,133.095,172.238,70250
2014-08-17,195.325,417.858,256.341,1229.82,287.957,6.34635e+06,148.332,133.085,70250
2014-08-24,217.673,465.659,285.677,1521.39,320.908,6.34596e+06,165.305,172.969,70250
2014-08-31,242.57,518.912,318.361,1846.32,357.618,6.34552e+06,184.216,205.313,70250
2014-09-07,270.307,578.235,354.774,2208.43,398.517,6.34504e+06,205.283,277.61,70250
2014-09-14,301.205,644.316,395.338,2611.94,444.077,6.3445e+06,228.752,178.383,70250
2014-09-21,335.62,717.917,440.523,3061.58,494.828,6.34389e+06,254.895,225.545,70250
2014-09-28,373.952,799.888,490.854,3562.6,551.354,6.34322e+06,284.013,255.767,70250
2014-07-13,78.2747,173.138,104.316,109.203,113.314,6.34799e+06,80.4263,80.3938,70300
2014-07-20,92.0565,202.739,117.691,228.119,132.291,6.34781e+06,93.8956,100.229,70300
2014-07-27,107.398,235.8,136.213,364.489,154.893,6.34761e+06,109.938,88.2831,70300
2014-08-03,124.951,274.16,158.317,522.772,180.387,6.34737e+06,128.033,130.478,70300
2014-08-10,145.301,318.776,184.092,706.798,209.8,6.3471e+06,148.909,175.417,70300
2014-08-17,168.95,370.654,214.062,920.784,243.956,6.34678e+06,173.151,147.998,70300
2014-08-24,196.444,430.965,248.903,1169.6,283.659,6.3464e+06,201.331,181.796,70300
2014-08-31,228.405,501.073,289.406,1458.91,329.814,6.34597e+06,234.091,275.116,70300
2014-09-07,265.557,582.566,336.489,1795.3,383.468,6.34547e+06,272.173,267.375,70300
2014-09-14,308.741,677.282,391.22,2186.4,445.835,6.34489e+06,316.438,205.772,70300
2014-09-21,358.93,787.359,454.833,2641.11,518.322,6.34421e+06,367.888,343.834,70300
2014-09-28,417.256,915.273,528.765,3169.74,602.565,6.34342e+06,427.68,498.068,70300
2014-07-13,93.7225,205.911,125.623,131.786,136.373,6.34789e+06,80.5691,68.784,70350
2014-07-20,108.996,238.535,140.497,274.392,157.48,6.34769e+06,93.0386,74.3893,70350
2014-07-27,125.82,274.55,160.946,436.341,182.398,6.34745e+06,107.76,104.444,70350
2014-08-03,144.86,315.895,185.119,622.366,210.199,6.34718e+06,124.185,123.416,70350
2014-08-10,166.699,363.48,213.018,836.397,241.929,6.34687e+06,142.931,144.62,70350
2014-08-17,191.814,418.234,245.119,1082.68,278.387,6.34651e+06,164.471,177.954,70350
2014-08-24,220.707,481.224,282.049,1366.08,320.325,6.3461e+06,189.247,172.396,70350
2014-08-31,253.943,553.681,324.531,1692.16,368.569,6.34563e+06,217.75,182.028,70350
2014-09-07,292.174,637.023,373.401,2067.36,424.065,6.34508e+06,250.536,302.521,70350
2014-09-14,336.147,732.877,429.612,2499.05,487.898,6.34445e+06,288.249,257.721,70350
2014-09-21,386.719,843.109,494.265,2995.71,561.313,6.34373e+06,331.623,341.746,70350
2014-09-28,444.874,969.862,568.618,3567.1,645.743,6.3429e+06,381.503,416.428,70350
2014-07-13,117.196,255.052,158.345,166.596,171.746,6.34775e+06,87.8513,72.1432,70400
2014-07-20,134.18,291.048,174.963,345.31,195.332,6.3475e+06,99.916,109.53,70400
2014-07-27,152.615,330.147,197.583,545.531,222.841,6.34722e+06,113.987,86.8424,70400
2014-08-03,173.163,374.367,223.972,772.209,253.067,6.34691e+06,129.448,117.426,70400
2014-08-10,196.383,424.522,253.994,1029.24,287.049,6.34655e+06,146.831,144.445,70400
2014-08-17,222.698,481.395,288.038,1320.72,325.524,6.34614e+06,166.511,174.162,70400
2014-08-24,252.53,545.871,326.632,1651.26,369.136,6.34567e+06,188.82,206.467,70400
2014-08-31,286.348,618.96,370.385,2026.08,418.578,6.34515e+06,214.11,215.845,70400
2014-09-07,324.683,701.805,419.984,2451.11,474.624,6.34455e+06,242.779,198.144,70400
2014-09-14,368.133,795.7,476.204,2933.04,538.151,6.34388e+06,275.274,275.579,70400
2014-09-21,417.376,902.107,539.926,3479.47,610.153,6.34311e+06,312.104,352.491,70400
2014-09-28,473.178,1022.68,612.142,4099,691.749,6.34224e+06,353.842,312.246,70400
2014-07-13,93.4933,203.182,126.47,133.117,137.156,6.34789e+06,82.3459,58.34,70450
2014-07-20,106.795,231.339,139.493,275.734,155.64,6.3477e+06,93.4437,104.976,70450
2014-07-27,121.201,261.852,157.194,435.193,177.161,6.34747e+06,106.364,90.985,70450
2014-08-03,137.223,296.287,177.805,615.336,200.755,6.34722e+06,120.53,111.57,70450
2014-08-10,155.29,335.262,201.205,819.16,227.223,6.34694e+06,136.421,139.349,70450
2014-08-17,175.721,379.365,227.684,1049.81,257.126,6.34662e+06,154.374,194.515,70450
2014-08-24,198.835,429.259,257.64,1310.8,290.952,6.34625e+06,174.683,184.97,70450
2014-08-31,224.984,485.702,291.528,1606.13,329.219,6.34584e+06,197.658,225.198,70450
2014-09-07,254.563,549.548,329.864,1940.31,372.508,6.34538e+06,223.648,183.601,70450
2014-09-14,288.021,621.764,373.23,2318.42,421.476,6.34485e+06,253.047,247.958,70450
2014-09-21,325.864,703.438,422.282,2746.23,476.862,6.34425e+06,286.3,281.744,70450
2014-09-28,368.662,795.803,477.761,3230.25,539.504,6.34358e+06,323.909,314.528,70450
2014-07-13,82.7962,179.723,112.11,118.044,121.569,6.34796e+06,82.6559,86.0747,70500
2014-07-20,94.393,204.248,123.47,244.378,137.695,6.34778e+06,93.6196,60.9498,70500
2014-07-27,106.931,230.773,138.894,385.396,156.441,6.34759e+06,106.365,121.379,70500
2014-08-03,120.848,260.653,156.823,544.421,176.955,6.34737e+06,120.313,142.609,70500
2014-08-10,136.514,294.412,177.143,724.027,199.926,6.34712e+06,135.931,87.701,70500
2014-08-17,154.198,332.544,200.096,926.905,225.831,6.34684e+06,153.544,123.537,70500
2014-08-24,174.17,375.609,226.016,1156.07,255.083,6.34652e+06,173.432,185.263,70500
2014-08-31,196.723,424.24,255.288,1414.91,288.116,6.34616e+06,195.892,210.967,70500
2014-09-07,222.19,479.154,288.344,1707.28,325.42,6.34575e+06,221.256,228.376,70500
2014-09-14,250.947,541.158,325.671,2037.49,367.543,6.34529e+06,249.895,164.542,70500
2014-09-21,283.416,611.163,367.818,2410.45,415.105,6.34478e+06,282.233,262.415,70500
2014-09-28,320.074,690.194,415.405,2831.67,468.805,6.34419e+06,318.744,497.779,70500
2014-07-13,111.577,244.449,149.91,157.4,162.696,6.34779e+06,84.7856,76.1706,70550
2014-07-20,129.159,281.917,167.056,327.283,187.029,6.34754e+06,97.4658,79.3168,70550
2014-07-27,148.44,323.08,190.559,519.431,215.651,6.34727e+06,112.382,62.4177,70550
2014-08-03,170.163,370.125,218.233,739.197,247.439,6.34695e+06,128.947,72.023,70550
2014-08-10,194.969,424.034,250.035,990.953,283.558,6.34659e+06,147.77,144.757,70550
2014-08-17,223.371,485.794,286.468,1279.4,324.876,6.34617e+06,169.302,255.48,70550
2014-08-24,255.902,556.532,328.198,1609.86,372.196,6.3457e+06,193.962,179.468,70550
2014-08-31,293.16,637.546,375.994,1988.46,426.394,6.34515e+06,222.206,286.19,70550
2014-09-07,335.829,730.32,430.733,2422.19,488.465,6.34453e+06,254.553,186.283,70550
2014-09-14,384.69,836.551,493.42,2919.04,559.546,6.34382e+06,291.595,268.651,70550
2014-09-21,440.635,958.177,565.203,3488.2,640.938,6.343e+06,334.011,201.179,70550
2014-09-28,504.685,1097.41,647.392,4140.14,734.127,6.34206e+06,382.574,599.452,70550
2014-07-13,72.0875,157.665,96.9933,101.893,105.25,6.34802e+06,80.7876,71.3799,70600
2014-07-20,83.2129,181.34,107.852,211.695,120.66,6.34787e+06,92.6158,94.4224,70600
2014-07-27,95.3819,207.277,122.71,335.584,138.748,6.34769e+06,106.5,72.9669,70600
2014-08-03,109.055,236.843,140.164,476.913,158.783,6.34749e+06,121.878,170.742,70600
2014-08-10,124.629,270.638,160.172,638.392,181.487,6.34726e+06,139.306,158.043,70600
2014-08-17,142.416,309.257,183.035,822.923,207.394,6.34699e+06,159.192,114.573,70600
2014-08-24,162.737,353.381,209.157,1033.79,236.99,6.34669e+06,181.909,164.111,70600
2014-08-31,185.954,403.79,239.001,1274.75,270.803,6.34635e+06,207.863,230.045,70600
2014-09-07,212.478,461.377,273.097,1550.09,309.434,6.34595e+06,237.515,264.966,70600
2014-09-14,242.777,527.16,312.048,1864.7,353.564,6.3455e+06,271.389,242.935,70600
2014-09-21,277.388,602.299,356.544,2224.18,403.976,6.34499e+06,310.083,313.153,70600
2014-09-28,316.92,688.119,407.37,2634.91,461.558,6.3444e+06,354.282,364.608,70600
2014-07-13,89.3132,194.658,120.524,126.748,130.742,6.34792e+06,90.1739,77.0792,70650
2014-07-20,102.505,222.649,133.421,262.897,149.046,6.34773e+06,102.799,100.022,70650
2014-07-27,116.855,253.131,151.004,415.75,170.436,6.34751e+06,117.551,161.104,70650
2014-08-03,132.89,287.687,171.559,589.19,193.995,6.34727e+06,133.8,180.039,70650
2014-08-10,151.052,326.971,194.997,786.297,220.545,6.34699e+06,152.112,207.675,70650
2014-08-17,171.683,371.622,221.636,1010.33,250.674,6.34667e+06,172.892,186.793,70650
2014-08-24,195.126,422.361,251.906,1264.97,284.908,6.34632e+06,196.503,191.635,70650
2014-08-31,221.765,480.013,286.303,1554.38,323.807,6.34591e+06,223.333,201.772,70650
2014-09-07,252.032,545.517,325.387,1883.3,368.008,6.34544e+06,253.819,287.54,70650
2014-09-14,286.421,619.937,369.795,2257.12,418.228,6.34492e+06,288.456,337.484,70650
2014-09-21,325.489,704.478,420.249,2681.95,475.284,6.34432e+06,327.808,283.33,70650
2014-09-28,369.868,800.508,477.566,3164.74,540.1,6.34364e+06,372.512,423.482,70650
2014-07-13,91.3977,200.174,122.832,128.983,133.305,6.34791e+06,77.6249,77.4964,70700
2014-07-20,105.743,230.736,136.824,268.153,153.161,6.34771e+06,89.1871,48.6691,70700
2014-07-27,121.467,264.295,155.997,425.488,176.509,6.34748e+06,102.783,84.9315,70700
2014-08-03,139.174,302.63,178.562,605.348,202.425,6.34722e+06,117.874,111.535,70700
2014-08-10,159.384,346.54,204.482,811.287,231.859,6.34693e+06,135.013,123.393,70700
2014-08-17,182.513,396.82,234.163,1047.12,265.514,6.34659e+06,154.611,190.933,70700
2014-08-24,208.993,454.386,268.143,1317.18,304.04,6.3462e+06,177.045,248.219,70700
2014-08-31,239.308,520.286,307.045,1626.43,348.147,6.34576e+06,202.729,178.08,70700
2014-09-07,274.011,595.722,351.581,1980.53,398.64,6.34525e+06,232.132,261.013,70700
2014-09-14,313.734,682.066,402.562,2385.99,456.439,6.34467e+06,265.789,280.168,70700
2014-09-21,359.199,780.887,460.916,2850.23,522.597,6.344e+06,304.313,352.671,70700
2014-09-28,411.232,893.977,527.705,3381.76,598.315,6.34324e+06,348.404,459.174,70700
2014-07-13,96.71,213.445,129.127,135.269,140.236,6.34788e+06,81.5523,80.3601,70750
2014-07-20,113.323,249.062,145.267,282.267,163.138,6.34766e+06,94.8706,95.3534,70750
2014-07-27,131.751,288.689,167.566,450.304,190.336,6.34741e+06,110.687,87.0272,70750
2014-08-03,152.762,334.509,194.095,644.679,220.904,6.34712e+06,128.464,151.081,70750
2014-08-10,177.033,387.616,224.924,869.897,256.047,6.34679e+06,148.901,163.933,70750
2014-08-17,205.144,449.154,260.647,1130.89,296.713,6.3464e+06,172.549,167.742,70750
2014-08-24,237.71,520.447,302.033,1433.32,343.821,6.34596e+06,199.945,180.936,70750
2014-08-31,275.437,603.034,349.978,1783.77,398.396,6.34544e+06,231.682,158.082,70750
2014-09-07,319.139,698.695,405.52,2189.85,461.616,6.34484e+06,268.446,211.218,70750
2014-09-14,369.757,809.49,469.856,2660.35,534.844,6.34414e+06,311.032,229.575,70750
2014-09-21,428.38,937.799,544.373,3205.5,619.658,6.34333e+06,360.354,250.714,70750
2014-09-28,496.266,1086.37,630.672,3837.08,717.88,6.3424e+06,417.473,437.935,70750
2014-07-13,108.21,233.978,146.993,154.954,159.341,6.34781e+06,97.808,109.868,70800
2014-07-20,122.585,264.284,161.103,320.213,179.369,6.34758e+06,110.102,94.1919,70800
2014-07-27,138.034,296.844,180.181,503.674,202.539,6.34733e+06,124.325,111.476,70800
2014-08-03,155.078,333.299,202.241,709.351,227.736,6.34705e+06,139.791,161.119,70800
2014-08-10,174.145,374.241,227.097,940.274,255.779,6.34673e+06,157.005,149.534,70800
2014-08-17,195.541,420.212,255.006,1199.58,287.213,6.34638e+06,176.3,191.638,70800
2014-08-24,219.56,471.819,286.336,1490.74,322.496,6.34598e+06,197.958,189.543,70800
2014-08-31,246.521,529.748,321.505,1817.68,362.103,6.34553e+06,222.27,236.077,70800
2014-09-07,276.784,594.767,360.983,2184.76,406.562,6.34503e+06,249.56,260.265,70800
2014-09-14,310.75,667.74,405.294,2596.91,456.463,6.34447e+06,280.191,275.195,70800
2014-09-21,348.87,749.632,455.028,3059.65,512.469,6.34384e+06,314.569,288.056,70800
2014-09-28,391.648,841.525,510.842,3579.16,575.32,6.34313e+06,353.148,394.46,70800
2014-07-13,107.271,228.356,147.598,156.305,159.775,6.34781e+06,104.848,83.5849,70850
2014-07-20,118.47,251.671,158.673,320.73,175.501,6.3476e+06,115.168,117.543,70850
2014-07-27,130.225,276.066,173.413,499.334,193.344,6.34737e+06,126.877,126.099,70850
2014-08-03,142.876,302.726,190.1,694.922,212.274,6.34712e+06,139.3,134.859,70850
2014-08-10,156.691,331.966,208.471,909.385,232.834,6.34684e+06,152.792,86.226,70850
2014-08-17,171.83,364.031,228.617,1144.57,255.336,6.34654e+06,167.558,115.207,70850
2014-08-24,188.426,399.185,250.704,1402.49,280.001,6.34621e+06,183.744,215.347,70850
2014-08-31,206.62,437.724,274.918,1685.32,307.041,6.34585e+06,201.488,181.944,70850
2014-09-07,226.565,479.97,301.462,1995.45,336.684,6.34545e+06,220.941,267.29,70850
2014-09-14,248.429,526.277,330.561,2335.54,369.179,6.34501e+06,242.265,208.829,70850
2014-09-21,272.393,577.032,362.458,2708.44,404.799,6.34453e+06,265.64,243.194,70850
2014-09-28,298.659,632.659,397.42,3117.31,443.84,6.344e+06,291.259,323.299,70850
2014-07-13,83.3743,182.438,112.135,117.782,121.685,6.34795e+06,74.7249,70.9471,70900
2014-07-20,96.3173,209.991,124.764,244.761,139.608,6.34777e+06,85.7311,77.1894,70900
2014-07-27,110.485,240.201,142.054,388.13,160.659,6.34757e+06,98.6579,128.291,70900
2014-08-03,126.415,274.663,162.378,551.799,183.993,6.34733e+06,112.987,176.111,70900
2014-08-10,144.573,314.081,185.692,738.94,210.455,6.34707e+06,129.237,156.278,70900
2014-08-17,165.325,359.158,212.352,952.951,240.672,6.34676e+06,147.792,111.742,70900
2014-08-24,189.051,410.696,242.833,1197.68,275.215,6.34641e+06,169.004,109.625,70900
2014-08-31,216.177,469.617,277.682,1477.54,314.707,6.34601e+06,193.256,210.173,70900
2014-09-07,247.187,536.972,317.523,1797.56,359.857,6.34555e+06,220.982,257.763,70900
2014-09-14,282.636,613.964,363.068,2163.48,411.471,6.34503e+06,252.677,349.054,70900
2014-09-21,323.155,701.965,415.131,2581.89,470.469,6.34443e+06,288.907,190.432,70900
2014-09-28,369.467,802.54,474.641,3060.29,537.904,6.34374e+06,330.318,171.383,70900
2014-07-13,78.8134,173.856,105.278,110.304,114.33,6.34798e+06,77.0105,82.4074,70950
2014-07-20,92.2726,202.7,118.358,230.113,132.889,6.34781e+06,89.5117,86.7885,70950
2014-07-27,107.191,234.764,136.418,366.968,154.916,6.3476e+06,104.348,83.8436,70950
2014-08-03,124.186,271.809,157.89,525.148,179.651,6.34737e+06,121.01,99.8727,70950
2014-08-10,143.804,314.714,182.823,708.281,208.066,6.3471e+06,140.15,133.116,70950
2014-08-17,166.507,364.392,211.693,920.333,240.922,6.34679e+06,162.281,175.296,70950
2014-08-24,192.789,421.904,245.113,1165.87,278.954,6.34642e+06,187.899,199.831,70950
2014-08-31,223.214,488.478,283.802,1450.16,322.981,6.346e+06,217.555,314.624,70950
2014-09-07,258.432,565.536,328.588,1779.32,373.946,6.34552e+06,251.884,278.881,70950
2014-09-14,299.195,654.724,380.428,2160.42,432.938,6.34496e+06,291.619,339.986,70950
2014-09-21,346.373,757.941,440.43,2601.63,501.215,6.3443e+06,337.61,427.193,70950
2014-09-28,400.969,877.381,509.872,3112.42,580.233,6.34355e+06,390.835,267.593,70950
2014-07-13,74.7627,164.884,99.8858,104.662,108.472,6.34801e+06,67.0199,84.0593,71000
2014-07-20,87.4979,192.171,112.263,218.319,126.035,6.34784e+06,77.8713,62.711,71000
2014-07-27,101.609,222.493,129.351,348.105,146.873,6.34765e+06,90.7463,99.1,71000
2014-08-03,117.679,257.514,149.658,498.063,170.266,6.34743e+06,105.2,90.3258,71000
2014-08-10,136.222,298.061,173.232,671.618,197.129,6.34717e+06,121.797,156.98,71000
2014-08-17,157.674,344.994,200.519,872.512,228.18,6.34687e+06,140.982,167.683,71000
2014-08-24,182.501,399.309,232.097,1105.04,264.111,6.34653e+06,163.182,211.391,71000
2014-08-31,211.231,462.162,268.64,1374.19,305.692,6.34613e+06,188.873,217.062,71000
2014-09-07,244.476,534.89,310.928,1685.71,353.81,6.34567e+06,218.603,89.7293,71000
2014-09-14,282.943,619.039,359.862,2046.27,409.487,6.34514e+06,253.004,319.404,71000
2014-09-21,327.449,716.393,416.481,2463.56,473.909,6.34453e+06,292.807,243.004,71000
2014-09-28,378.938,829.016,481.988,2946.49,548.441,6.34381e+06,338.857,391.898,71000
2014-07-13,91.1374,198.359,123.128,129.541,133.55,6.34791e+06,83.1394,82.4356,71050
2014-07-20,104.36,226.385,136.065,268.516,151.912,6.34771e+06,94.5699,95.3999,71050
2014-07-27,118.715,256.833,153.677,424.234,173.33,6.3475e+06,107.904,101.559,71050
2014-08-03,134.718,291.276,174.226,600.553,196.868,6.34725e+06,122.557,132.045,71050
2014-08-10,152.805,330.349,197.608,800.507,223.336,6.34697e+06,139.034,129.7,71050
2014-08-17,173.307,374.664,224.127,1027.3,253.309,6.34665e+06,157.693,145.558,71050
2014-08-24,196.554,424.916,254.198,1284.52,287.291,6.34629e+06,178.848,191.244,71050
2014-08-31,222.914,481.893,288.295,1576.24,325.824,6.34588e+06,202.836,201.111,71050
2014-09-07,252.802,546.492,326.957,1907.1,369.515,6.34542e+06,230.035,229.338,71050
2014-09-14,286.686,619.728,370.791,2282.31,419.05,6.34489e+06,260.873,230.54,71050
2014-09-21,325.099,702.747,420.486,2707.83,475.209,6.34429e+06,295.833,279.189,71050
2014-09-28,368.642,796.849,476.823,3190.36,538.869,6.34362e+06,335.464,371.754,71050
2014-07-13,108.832,237.703,146.602,154.073,159.062,6.3478e+06,81.9474,91.5917,71100
2014-07-20,125.344,272.8,162.728,319.895,181.948,6.34757e+06,93.7385,91.9791,71100
2014-07-27,143.365,311.156,184.762,506.625,208.765,6.3473e+06,107.554,125.013,71100
2014-08-03,163.568,354.783,210.596,719.191,238.4,6.347e+06,122.822,127.108,71100
2014-08-10,186.527,404.539,240.146,961.55,271.909,6.34666e+06,140.085,137.217,71100
2014-08-17,212.691,461.273,273.839,1237.92,310.059,6.34626e+06,159.74,158.904,71100
2014-08-24,242.517,525.948,312.249,1553.05,353.545,6.34582e+06,182.144,168.039,71100
2014-08-31,276.516,599.67,356.035,1912.38,403.116,6.34531e+06,207.683,212.129,71100
2014-09-07,315.27,683.696,405.945,2322.09,459.621,6.34472e+06,236.794,199.172,71100
2014-09-14,359.439,779.459,462.834,2789.23,524.025,6.34406e+06,269.974,278.714,71100
2014-09-21,409.775,888.586,527.671,3321.82,597.425,6.3433e+06,307.789,295.243,71100
2014-09-28,467.133,1012.93,601.559,3929,681.069,6.34244e+06,350.882,401.009,71100
2014-07-13,93.9968,206.035,126.238,132.526,137.012,6.34789e+06,75.4373,126.761,71150
2014-07-20,108.897,237.799,140.765,275.626,157.627,6.34769e+06,86.7875,81.4572,71150
2014-07-27,125.249,272.727,160.688,437.595,181.892,6.34745e+06,100.148,112.442,71150
2014-08-03,143.688,312.677,184.163,622.983,208.863,6.34719e+06,114.997,112.983,71150
2014-08-10,164.759,358.494,211.16,835.518,239.532,6.34688e+06,131.884,160.077,71150
2014-08-17,188.906,411.024,242.114,1079.21,274.646,6.34653e+06,151.217,177.079,71150
2014-08-24,216.584,471.24,277.596,1358.62,314.891,6.34613e+06,173.376,174.876,71150
2014-08-31,248.311,540.259,318.268,1678.97,361.024,6.34566e+06,198.776,292.609,71150
2014-09-07,284.675,619.364,364.888,2046.25,413.902,6.34513e+06,227.89,103.524,71150
2014-09-14,326.351,710.02,418.32,2467.33,474.506,6.34453e+06,261.258,376.948,71150
2014-09-21,374.111,813.904,479.557,2950.05,543.961,6.34383e+06,299.499,264.816,71150
2014-09-28,428.837,932.934,549.732,3503.43,623.55,6.34304e+06,343.32,454.932,71150
2014-07-13,83.8526,185.315,111.832,117.103,121.468,6.34795e+06,75.9458,69.7293,71200
2014-07-20,98.4751,216.7,126.029,244.518,141.612,6.34776e+06,88.5404,127.19,71200
2014-07-27,114.73,251.7,145.671,390.452,165.577,6.34755e+06,103.524,106.6,71200
2014-08-03,133.303,292.255,169.084,559.61,192.57,6.3473e+06,120.401,181.028,71200
2014-08-10,154.805,339.36,196.348,756.016,223.67,6.347e+06,139.845,130.436,71200
2014-08-17,179.76,394.058,228.007,984.091,259.734,6.34666e+06,162.394,154.364,71200
2014-08-24,208.731,457.56,264.761,1248.94,301.599,6.34627e+06,188.569,244.55,71200
2014-08-31,242.365,531.279,307.431,1556.47,350.203,6.34581e+06,218.958,200.605,71200
2014-09-07,281.409,616.851,356.967,1913.56,406.625,6.34528e+06,254.235,318.217,71200
2014-09-14,326.728,716.173,414.468,2328.18,472.12,6.34466e+06,295.184,266.678,71200
2014-09-21,379.328,831.443,481.211,2809.57,548.139,6.34395e+06,342.714,303.183,71200
2014-09-28,440.37,965.208,558.674,3368.48,636.366,6.34312e+06,397.876,349.154,71200
2014-07-13,91.3967,200.559,122.631,128.694,133.11,6.34791e+06,77.4924,76.7399,71250
2014-07-20,106.08,231.891,136.938,267.8,153.413,6.34771e+06,89.3123,102.768,71250
2014-07-27,122.223,266.409,156.584,425.501,177.346,6.34748e+06,103.245,100.047,71250
2014-08-03,140.458,305.96,179.768,606.312,203.996,6.34722e+06,118.76,106.715,71250
2014-08-10,161.334,351.397,206.477,813.958,234.355,6.34692e+06,136.434,99.0804,71250
2014-08-17,185.297,403.582,237.152,1052.46,269.172,6.34657e+06,156.703,180.111,71250
2014-08-24,212.813,463.506,272.376,1326.38,309.148,6.34617e+06,179.976,148.511,71250
2014-08-31,244.408,532.31,312.822,1640.98,355.05,6.34572e+06,206.699,214.398,71250
2014-09-07,280.684,611.303,359.262,2002.3,407.756,6.3452e+06,237.382,228.329,71250
2014-09-14,322.331,701.989,412.581,2417.25,468.267,6.3446e+06,272.61,249.351,71250
2014-09-21,370.141,806.088,473.795,2893.77,537.735,6.34391e+06,313.052,421.538,71250
2014-09-28,425.019,925.57,544.064,3440.98,617.477,6.34311e+06,359.476,482.338,71250
2014-07-13,155.147,338.536,209.159,219.881,226.915,6.34753e+06,85.926,88.0926,71300
2014-07-20,178.403,387.927,231.883,456.324,259.167,6.3472e+06,98.1388,92.4357,71300
2014-07-27,203.745,441.814,262.9,722.214,296.907,6.34682e+06,112.43,97.425,71300
2014-08-03,232.11,503.007,299.214,1024.45,338.548,6.34639e+06,128.198,140.546,71300
2014-08-10,264.294,572.687,340.689,1368.53,385.555,6.3459e+06,145.998,175.021,71300
2014-08-17,300.91,652.01,387.906,1760.3,438.989,6.34535e+06,166.232,149.737,71300
2014-08-24,342.584,742.29,441.645,2206.36,499.797,6.34472e+06,189.258,153.807,71300
2014-08-31,390.012,845.027,502.807,2714.2,569.003,6.344e+06,215.464,214.604,71300
2014-09-07,443.981,961.927,572.409,3292.35,647.758,6.34318e+06,245.287,288.4,71300
2014-09-14,505.386,1094.93,651.61,3950.52,737.37,6.34225e+06,279.22,253.33,71300
2014-09-21,575.244,1246.22,741.721,4699.74,839.324,6.34119e+06,317.827,396.286,71300
2014-09-28,654.704,1418.29,844.232,5552.53,955.301,6.33998e+06,361.744,394.252,71300
2014-07-13,87.3756,189.915,118.179,124.385,128.167,6.34793e+06,87.4923,75.7202,71350
2014-07-20,99.8309,216.285,130.373,257.665,145.474,6.34775e+06,99.3072,98.5652,71350
2014-07-27,113.324,244.868,146.95,406.717,165.629,6.34754e+06,113.066,145.736,71350
2014-08-03,128.334,277.134,166.256,575.141,187.73,6.3473e+06,128.153,129.708,71350
2014-08-10,145.265,313.661,188.18,765.747,212.53,6.34704e+06,145.082,176.508,71350
2014-08-17,164.415,355.005,212.994,981.488,240.555,6.34674e+06,164.214,171.968,71350
2014-08-24,186.085,401.79,241.072,1225.67,272.264,6.3464e+06,185.86,183.972,71350
2014-08-31,210.607,454.729,272.845,1502.05,308.146,6.34601e+06,210.354,201.78,71350
2014-09-07,238.353,514.627,308.798,1814.84,348.747,6.34557e+06,238.07,210.266,71350
2014-09-14,269.745,582.393,349.478,2168.85,394.685,6.34508e+06,269.43,287.996,71350
2014-09-21,305.26,659.057,395.503,2569.48,446.658,6.34452e+06,304.909,386.6,71350
2014-09-28,345.437,745.779,447.572,3022.87,505.456,6.34389e+06,345.047,362.747,71350
2014-07-13,127.293,279.472,170.721,179.134,185.319,6.34769e+06,77.2332,75.2136,71400
2014-07-20,147.867,323.39,190.763,372.852,213.76,6.34742e+06,89.0863,95.4118,71400
2014-07-27,170.503,371.813,218.297,592.624,247.306,6.3471e+06,103.067,119.364,71400
2014-08-03,196.091,427.338,250.813,844.798,284.689,6.34673e+06,118.647,94.4721,71400
2014-08-10,225.406,491.17,288.297,1134.62,327.306,6.34631e+06,136.408,136.382,71400
2014-08-17,259.08,564.531,331.378,1467.75,376.216,6.34583e+06,156.791,130.584,71400
2014-08-24,297.772,648.827,380.881,1850.66,432.41,6.34527e+06,180.211,130.107,71400
2014-08-31,342.229,745.675,437.761,2290.76,496.979,6.34463e+06,207.12,201.277,71400
2014-09-07,393.303,856.934,503.113,2796.57,571.162,6.3439e+06,238.037,207.825,71400
2014-09-14,451.975,984.732,578.191,3377.88,656.385,6.34306e+06,273.554,194.989,71400
2014-09-21,519.365,1131.51,664.435,4045.91,754.277,6.34209e+06,314.352,246.771,71400
2014-09-28,596.758,1300.06,763.49,4813.56,866.708,6.34098e+06,361.208,350.381,71400
2014-07-13,74.6662,163.233,100.5,105.592,109.051,6.34801e+06,86.6625,77.9646,71450
2014-07-20,86.1268,187.612,111.688,219.332,124.929,6.34785e+06,99.2805,102.592,71450
2014-07-27,98.6537,214.3,126.99,347.586,143.555,6.34766e+06,114.083,102.427,71450
2014-08-03,112.719,244.702,144.955,493.793,164.172,6.34745e+06,130.467,116.382,71450
2014-08-10,128.729,279.427,165.533,660.734,187.52,6.34722e+06,149.021,168.651,71450
2014-08-17,147,319.083,189.034,851.375,214.142,6.34694e+06,170.178,159.268,71450
2014-08-24,167.861,364.36,215.864,1069.08,244.534,6.34663e+06,194.33,167.828,71450
2014-08-31,191.678,416.051,246.497,1317.68,279.232,6.34628e+06,221.905,148.339,71450
2014-09-07,218.868,475.061,281.47,1601.55,318.847,6.34587e+06,253.387,264.998,71450
2014-09-14,249.908,542.423,321.396,1925.7,364.071,6.34541e+06,289.327,198.294,71450
2014-09-21,285.339,619.313,366.973,2295.82,415.696,6.34488e+06,330.353,235.603,71450
2014-09-28,325.781,707.072,418.998,2718.41,474.623,6.34428e+06,377.182,304.821,71450
2014-07-13,141.347,306.93,191.331,201.436,207.482,6.34761e+06,91.3611,88.2669,71500
2014-07-20,161.242,349.017,210.818,417.09,235.141,6.34731e+06,103.541,110.705,71500
2014-07-27,182.761,394.557,237.282,657.936,267.31,6.34698e+06,117.705,140.206,71500
2014-08-03,206.661,445.882,268.059,929.686,302.528,6.3466e+06,133.213,101.295,71500
2014-08-10,233.575,503.894,302.956,1236.77,341.983,6.34617e+06,150.587,163.971,71500
2014-08-17,263.969,569.449,342.391,1583.84,386.498,6.34569e+06,170.188,172.276,71500
2014-08-24,298.307,643.51,386.943,1976.07,436.783,6.34515e+06,192.33,212.843,71500
2014-08-31,337.098,727.171,437.275,2419.33,493.591,6.34453e+06,217.344,283.386,71500
2014-09-07,380.915,821.668,494.133,2920.23,557.763,6.34383e+06,245.602,210.465,71500
2014-09-14,430.406,928.392,558.357,3486.26,630.247,6.34305e+06,277.519,299.268,71500
2014-09-21,486.297,1048.91,630.894,4125.83,712.111,6.34216e+06,313.566,356.17,71500
2014-09-28,549.41,1184.99,712.811,4848.47,804.557,6.34115e+06,354.273,373.259,71500
2014-07-13,89.7877,199.335,119.282,124.726,129.616,6.34792e+06,68.485,70.9384,71550
2014-07-20,106.245,234.791,135.224,261.017,152.233,6.34771e+06,80.4349,40.967,71550
2014-07-27,124.669,274.639,157.388,418.153,179.3,6.34748e+06,94.7361,83.6713,71550
2014-08-03,145.877,321.145,183.975,601.577,210.012,6.3472e+06,110.964,73.5834,71550
2014-08-10,170.605,375.542,215.152,816.054,245.654,6.34687e+06,129.795,171.514,71550
2014-08-17,199.507,439.152,251.609,1066.88,287.279,6.34649e+06,151.789,81.1029,71550
2014-08-24,233.298,513.524,294.233,1360.19,335.941,6.34605e+06,177.501,159.746,71550
2014-08-31,272.803,600.467,344.066,1703.19,392.834,6.34553e+06,207.561,227.134,71550
2014-09-07,318.984,702.099,402.324,2104.28,459.344,6.34492e+06,242.703,227.03,71550
2014-09-14,372.965,820.889,470.427,2573.27,537.092,6.34421e+06,283.782,297.409,71550
2014-09-21,436.057,959.72,550.03,3121.63,627.965,6.34338e+06,331.797,308.529,71550
2014-09-28,509.789,1121.95,643.065,3762.77,734.17,6.34241e+06,387.912,453.322,71550
2014-07-13,96.0177,213.652,127.309,133.023,138.368,6.34788e+06,74.5984,108.279,71600
2014-07-20,114.049,252.572,144.755,278.694,163.118,6.34766e+06,87.9418,112.633,71600
2014-07-27,134.308,296.485,169.07,447.205,192.826,6.3474e+06,103.958,117.253,71600
2014-08-03,157.713,347.919,198.332,644.603,226.66,6.3471e+06,122.199,69.8569,71600
2014-08-10,185.101,408.293,232.765,876.238,266.068,6.34675e+06,143.445,75.3423,71600
2014-08-17,217.225,479.142,273.172,1148.09,312.255,6.34633e+06,168.346,270.556,71600
2014-08-24,254.917,562.268,320.58,1467.12,366.441,6.34585e+06,197.56,187.976,71600
2014-08-31,299.137,659.789,376.202,1841.51,430.016,6.34527e+06,231.834,181.23,71600
2014-09-07,351.012,774.184,441.457,2280.86,504.598,6.3446e+06,272.044,203.537,71600
2014-09-14,411.861,908.361,518.007,2796.39,592.088,6.34382e+06,319.213,432.534,71600
2014-09-21,483.228,1065.72,607.796,3401.31,694.706,6.34289e+06,374.537,348.315,71600
2014-09-28,566.92,1250.24,713.103,4111.06,815.055,6.34181e+06,439.421,371.065,71600
2014-07-13,116.521,249.606,159.507,168.61,172.762,6.34776e+06,100.421,55.538,71650
2014-07-20,130.002,277.813,172.8,346.952,191.634,6.34752e+06,111.391,100.941,71650
2014-07-27,144.286,307.641,190.602,542.362,213.212,6.34727e+06,123.933,128.67,71650
2014-08-03,159.811,340.554,210.926,758.37,236.332,6.34698e+06,137.372,119.468,71650
2014-08-10,176.931,376.997,233.509,997.474,261.688,6.34667e+06,152.111,120.464,71650
2014-08-17,195.868,417.339,258.509,1262.18,289.706,6.34632e+06,168.397,226.982,71650
2014-08-24,216.826,461.987,286.177,1555.22,320.709,6.34593e+06,186.418,78.2616,71650
2014-08-31,240.02,511.397,316.797,1879.62,355.02,6.3455e+06,206.362,258.008,71650
2014-09-07,265.687,566.073,350.683,2238.73,392.991,6.34503e+06,228.433,242.484,71650
2014-09-14,294.088,626.571,388.182,2636.24,435.008,6.3445e+06,252.856,337.258,71650
2014-09-21,325.513,693.506,429.674,3076.24,481.5,6.34393e+06,279.881,134.026,71650
2014-09-28,360.28,767.557,475.583,3563.27,532.939,6.34328e+06,309.78,327.34,71650
2014-07-13,130.621,285.992,175.59,184.399,190.556,6.34767e+06,83.4227,96.6099,71700
2014-07-20,151.046,329.495,195.515,383.307,218.833,6.34739e+06,95.8018,112.903,71700
2014-07-27,173.423,377.236,222.809,608.08,252.067,6.34707e+06,110.352,88.7569,71700
2014-08-03,198.608,431.744,254.918,864.911,288.939,6.3467e+06,126.494,160.501,71700
2014-08-10,227.336,494.141,291.78,1158.84,330.791,6.34628e+06,144.816,146.782,71700
2014-08-17,260.196,565.551,333.967,1495.27,378.618,6.3458e+06,165.754,165.55,71700
2014-08-24,297.795,647.258,382.238,1880.34,433.337,6.34524e+06,189.709,183.246,71700
2014-08-31,340.811,740.735,437.468,2321.05,495.943,6.34461e+06,217.117,217.712,71700
2014-09-07,390.023,847.669,500.656,2825.43,567.569,6.34389e+06,248.474,204.642,71700
2014-09-14,446.316,969.981,572.943,3402.65,649.506,6.34306e+06,284.345,308.664,71700
2014-09-21,510.702,1109.87,655.629,4063.19,743.227,6.34211e+06,325.374,386.165,71700
2014-09-28,584.333,1269.82,750.198,4819.04,850.414,6.34103e+06,372.299,406.998,71700
2014-07-13,81.1105,179.272,108.166,113.261,117.488,6.34797e+06,67.8098,66.2642,71750
2014-07-20,95.2698,209.665,121.913,236.507,136.992,6.34779e+06,79.0672,92.5359,71750
2014-07-27,111.012,243.564,140.934,377.685,160.2,6.34758e+06,92.4616,103.207,71750
2014-08-03,129.002,282.85,163.609,541.354,186.344,6.34733e+06,107.551,113.347,71750
2014-08-10,149.832,328.487,190.018,731.414,216.469,6.34705e+06,124.938,125.763,71750
2014-08-17,174.011,381.489,220.689,952.153,251.41,6.34672e+06,145.105,124.998,71750
2014-08-24,202.086,443.033,256.302,1208.52,291.977,6.34634e+06,168.518,146.903,71750
2014-08-31,234.685,514.488,297.653,1506.25,339.08,6.3459e+06,195.705,246.229,71750
2014-09-07,272.532,597.446,345.664,1852,393.77,6.34538e+06,227.27,233.308,71750
2014-09-14,316.47,693.75,401.405,2253.53,457.263,6.34478e+06,263.916,276.267,71750
2014-09-21,367.475,805.536,466.116,2719.79,530.972,6.34409e+06,306.458,297.523,71750
2014-09-28,426.676,935.279,541.232,3261.2,616.53,6.34329e+06,355.839,343.491,71750
2014-07-13,101.843,219.527,138.702,146.349,150.311,6.34784e+06,96.64,83.1732,71800
2014-07-20,114.786,246.746,151.425,301.998,168.373,6.34764e+06,108.253,115.984,71800
2014-07-27,128.631,275.835,168.574,474.036,189.187,6.3474e+06,121.635,112.416,71800
2014-08-03,143.829,308.246,188.32,666,211.71,6.34714e+06,136.115,186.372,71800
2014-08-10,160.75,344.476,210.465,880.509,236.654,6.34685e+06,152.153,160.321,71800
2014-08-17,179.648,384.964,235.213,1120.24,264.482,6.34653e+06,170.045,196.001,71800
2014-08-24,200.761,430.202,262.863,1388.16,295.57,6.34617e+06,190.032,198.324,71800
2014-08-31,224.351,480.742,293.756,1687.57,330.304,6.34576e+06,212.364,281.485,71800
2014-09-07,250.704,537.202,328.271,2022.17,369.109,6.34531e+06,237.313,228.224,71800
2014-09-14,280.144,600.272,366.829,2396.07,412.459,6.34481e+06,265.184,254.428,71800
2014-09-21,313.029,670.72,409.902,2813.88,460.885,6.34424e+06,296.319,271.561,71800
2014-09-28,349.759,749.402,458.015,3280.74,514.976,6.34361e+06,331.095,309.381,71800
2014-07-13,84.4477,184.86,113.54,119.244,123.215,6.34795e+06,79.7947,81.8816,71850
2014-07-20,97.621,212.913,126.392,247.846,141.454,6.34777e+06,91.6058,88.1588,71850
2014-07-27,112.049,243.69,143.993,393.13,162.885,6.34756e+06,105.485,124.256,71850
2014-08-03,128.283,278.822,164.695,559.085,186.656,6.34732e+06,120.879,128.171,71850
2014-08-10,146.799,319.031,188.456,748.956,213.632,6.34705e+06,138.349,172.445,71850
2014-08-17,167.972,365.04,215.644,966.22,244.453,6.34674e+06,158.308,226.418,71850
2014-08-24,192.195,417.675,246.747,1214.82,279.708,6.34638e+06,181.14,188.187,71850
2014-08-31,219.905,477.886,282.329,1499.28,320.039,6.34597e+06,207.258,242.479,71850
2014-09-07,251.602,546.758,323.032,1824.75,366.176,6.3455e+06,237.137,237.716,71850
2014-09-14,287.858,625.531,369.591,2197.14,418.949,6.34497e+06,271.313,178.274,71850
2014-09-21,329.325,715.622,422.846,2623.2,479.309,6.34436e+06,310.402,201.044,71850
2014-09-28,376.747,818.647,483.753,3110.63,548.342,6.34366e+06,355.108,364.535,71850
2014-07-13,94.4185,206.644,126.968,133.355,137.785,6.34789e+06,82.1569,79.6217,71900
2014-07-20,109.111,237.926,141.303,277.148,158.128,6.34768e+06,94.2869,91.1487,71900
2014-07-27,125.197,272.234,160.931,439.546,182.026,6.34745e+06,108.537,121.351,71900
2014-08-03,143.291,311.382,184.01,624.991,208.525,6.34719e+06,124.337,131.45,71900
2014-08-10,163.92,356.172,210.491,837.095,238.585,6.34688e+06,142.261,175.138,71900
2014-08-17,187.503,407.406,240.781,1079.72,272.918,6.34653e+06,162.733,184.4,71900
2014-08-24,214.472,465.999,275.421,1357.26,312.178,6.34614e+06,186.143,206.171,71900
2014-08-31,245.314,533,315.036,1674.72,357.076,6.34568e+06,212.914,180.758,71900
2014-09-07,280.581,609.613,360.336,2037.84,408.417,6.34516e+06,243.527,297.163,71900
2014-09-14,320.906,697.207,412.136,2453.16,467.123,6.34457e+06,278.532,321.112,71900
2014-09-21,367.008,797.348,471.362,2928.18,534.244,6.34389e+06,318.555,238.631,71900
2014-09-28,419.713,911.821,539.075,3471.45,610.981,6.34311e+06,364.31,341.77,71900
2014-07-13,91.4265,200.697,122.633,128.683,133.117,6.34791e+06,78.1562,90.811,71950
2014-07-20,106.178,232.183,137.004,267.822,153.511,6.34771e+06,90.1297,76.7946,71950
2014-07-27,122.405,266.893,156.745,425.643,177.561,6.34748e+06,104.25,116.86,71950
2014-08-03,140.745,306.687,180.053,606.692,204.358,6.34722e+06,119.983,117.778,71950
2014-08-10,161.754,352.427,206.92,814.727,234.901,6.34691e+06,137.916,129.441,71950
2014-08-17,185.882,404.991,237.793,1053.8,269.95,6.34657e+06,158.494,125.839,71950
2014-08-24,213.604,465.382,273.264,1328.55,310.213,6.34617e+06,182.133,189.347,71950
2014-08-31,245.453,534.762,314.016,1644.27,356.472,6.34571e+06,209.293,239.3,71950
2014-09-07,282.041,614.461,360.834,2007.06,409.616,6.34519e+06,240.495,275.312,71950
2014-09-14,324.07,706.007,414.617,2423.95,470.665,6.34458e+06,276.338,187.118,71950
2014-09-21,372.344,811.151,476.397,2902.95,540.789,6.34389e+06,317.509,318.125,71950
2014-09-28,427.786,931.9,547.356,3453.32,621.329,6.34309e+06,364.796,407.516,71950
2014-07-13,82.7277,182.538,110.482,115.747,119.984,6.34796e+06,70.2019,65.775,72000
2014-07-20,96.8977,212.912,124.25,241.499,139.521,6.34777e+06,81.6328,71.6681,72000
2014-07-27,112.61,246.692,143.268,385.196,162.715,6.34756e+06,95.2037,114.822,72000
2014-08-03,130.517,285.735,165.885,551.353,188.773,6.34732e+06,110.45,137.068,72000
2014-08-10,151.197,330.971,192.158,743.799,218.719,6.34703e+06,127.971,100.97,72000
2014-08-17,175.138,383.371,222.592,966.725,253.36,6.3467e+06,148.239,126.189,72000
2014-08-24,202.864,444.056,257.837,1224.95,293.474,6.34632e+06,171.71,208.515,72000
2014-08-31,234.973,514.331,298.654,1524.07,339.929,6.34588e+06,198.891,240.884,72000
2014-09-07,272.154,595.705,345.922,1870.52,393.726,6.34537e+06,230.367,220.411,72000
2014-09-14,315.207,689.923,400.657,2271.81,456.019,6.34477e+06,266.814,375.405,72000
2014-09-21,365.054,799.003,464.033,2736.58,528.146,6.34409e+06,309.015,196.218,72000
2014-09-28,422.76,925.275,537.409,3274.85,611.649,6.34329e+06,357.872,296.551,72000
2014-07-13,98.2938,215.988,131.733,138.189,143.008,6.34787e+06,81.4014,74.5727,72050
2014-07-20,114.342,250.269,147.359,287.745,165.183,6.34765e+06,94.0233,102.459,72050
2014-07-27,132.022,288.124,168.847,457.625,191.367,6.3474e+06,108.928,106.681,72050
2014-08-03,152.037,331.592,194.253,652.806,220.588,6.34712e+06,125.56,128.613,72050
2014-08-10,174.999,381.632,223.581,877.424,253.946,6.34679e+06,144.548,120.18,72050
2014-08-17,201.412,439.222,257.335,1135.95,292.284,6.34642e+06,166.37,113.314,72050
2014-08-24,231.804,505.49,296.174,1433.51,336.394,6.34598e+06,191.478,134.037,72050
2014-08-31,266.774,581.736,340.864,1775.97,387.148,6.34548e+06,220.367,267.548,72050
2014-09-07,307.008,669.454,392.283,2170.09,445.544,6.34491e+06,253.607,311.809,72050
2014-09-14,353.293,770.361,451.441,2623.66,512.727,6.34425e+06,291.848,316.339,72050
2014-09-21,406.536,886.43,519.496,3145.62,590.012,6.34349e+06,335.839,424.984,72050
2014-09-28,467.775,1019.92,597.779,3746.24,678.91,6.34262e+06,386.441,338.459,72050
2014-07-13,102.125,221.428,138.411,145.787,150.075,6.34784e+06,88.2336,91.1893,72100
2014-07-20,116.213,251.196,152.221,301.654,169.676,6.34763e+06,99.7578,112.218,72100
2014-07-27,131.418,283.326,170.946,475.36,192.431,6.34739e+06,113.136,140.483,72100
2014-08-03,148.265,319.456,192.68,670.911,217.285,6.34712e+06,127.748,147.604,72100
2014-08-10,167.194,360.204,217.269,891.388,245.065,6.34681e+06,144.081,93.9,72100
2014-08-17,188.525,406.149,244.995,1140,276.339,6.34647e+06,162.468,191.989,72100
2014-08-24,212.57,457.945,276.25,1420.33,311.589,6.34608e+06,183.192,230.483,72100
2014-08-31,239.676,516.33,311.483,1736.43,351.326,6.34565e+06,206.555,277.486,72100
2014-09-07,270.229,582.138,351.199,2092.83,396.119,6.34515e+06,232.89,269.23,72100
2014-09-14,304.666,656.308,395.966,2494.67,446.606,6.3446e+06,262.573,253.849,72100
2014-09-21,343.476,739.894,446.423,2947.72,503.509,6.34397e+06,296.028,314.937,72100
2014-09-28,387.213,834.083,503.287,3458.49,567.637,6.34327e+06,333.73,317.151,72100
2014-07-13,143.104,309.002,194.618,205.242,210.94,6.3476e+06,96.6757,96.831,72150
2014-07-20,161.748,348.261,212.93,423.864,236.934,6.3473e+06,108.589,99.021,72150
2014-07-27,181.741,390.337,237.653,666.092,266.951,6.34697e+06,122.346,128.202,72150
2014-08-03,203.746,437.342,266.185,937.08,299.521,6.34661e+06,137.273,132.009,72150
2014-08-10,228.311,490.017,298.265,1240.69,335.686,6.34619e+06,153.848,106.204,72150
2014-08-17,255.814,549.032,334.206,1580.88,376.138,6.34573e+06,172.388,202.45,72150
2014-08-24,286.62,615.135,374.465,1962.07,421.44,6.34521e+06,193.15,209.909,72150
2014-08-31,321.123,689.168,419.556,2389.16,472.182,6.34463e+06,216.406,211.025,72150
2014-09-07,359.764,772.075,470.058,2867.67,529.012,6.34398e+06,242.451,324.687,72150
2014-09-14,403.036,864.911,526.616,3403.76,592.654,6.34325e+06,271.619,275.739,72150
2014-09-21,451.487,968.854,589.95,4004.35,663.919,6.34244e+06,304.281,335.862,72150
2014-09-28,505.732,1085.22,660.864,4677.14,743.71,6.34152e+06,340.85,496.618,72150
2014-07-13,85.873,187.112,115.906,121.901,125.73,6.34794e+06,83.3315,71.1263,72200
2014-07-20,98.515,213.932,128.268,252.814,143.274,6.34776e+06,94.9596,103.812,72200
2014-07-27,112.263,243.125,145.116,399.735,163.769,6.34755e+06,108.543,98.1859,72200
2014-08-03,127.617,276.207,164.805,566.379,186.333,6.34731e+06,123.498,117.069,72200
2014-08-10,145.002,313.803,187.247,755.689,211.752,6.34705e+06,140.345,113.874,72200
2014-08-17,164.742,356.516,212.745,970.777,240.586,6.34675e+06,159.456,190.914,72200
2014-08-24,187.165,405.036,241.707,1215.15,273.336,6.3464e+06,181.162,182.95,72200
2014-08-31,212.635,460.146,274.605,1492.79,310.536,6.34601e+06,205.817,199.831,72200
2014-09-07,241.564,522.738,311.971,1808.21,352.788,6.34557e+06,233.822,225.91,72200
2014-09-14,274.418,593.823,354.412,2166.55,400.778,6.34506e+06,265.628,293.012,72200
2014-09-21,311.73,674.546,402.612,2573.63,455.278,6.34449e+06,301.75,290.989,72200
2014-09-28,354.099,766.206,457.349,3036.06,517.169,6.34384e+06,342.77,399.088,72200
2014-07-13,93.9394,205.243,126.507,132.94,137.262,6.34789e+06,83.7963,89.9864,72250
2014-07-20,108.25,235.669,140.481,276.06,157.094,6.34769e+06,95.9035,91.5038,72250
2014-07-27,123.876,268.94,159.581,437.302,180.342,6.34746e+06,110.095,76.6244,72250
2014-08-03,141.405,306.803,181.985,620.944,206.046,6.3472e+06,125.788,140.219,72250
2014-08-10,161.336,350.01,207.625,830.431,235.127,6.3469e+06,143.541,171.865,72250
2014-08-17,184.06,399.301,236.877,1069.43,268.254,6.34656e+06,163.764,151.382,72250
2014-08-24,209.98,455.524,270.241,1342.1,306.034,6.34617e+06,186.828,200.355,72250
2014-08-31,239.542,519.647,308.295,1653.17,349.124,6.34573e+06,213.135,187.345,72250
2014-09-07,273.258,592.774,351.697,2008.04,398.27,6.34522e+06,243.137,268.141,72250
2014-09-14,311.707,676.164,401.195,2412.86,454.318,6.34465e+06,277.353,356.172,72250
2014-09-21,355.55,771.249,457.641,2874.65,518.231,6.34399e+06,316.372,360.154,72250
2014-09-28,405.539,879.656,522.005,3401.39,591.108,6.34324e+06,360.862,362.848,72250
2014-07-13,109.479,239.961,147.035,154.36,159.583,6.3478e+06,79.1898,82.731,72300
2014-07-20,126.825,276.94,163.947,321.031,183.583,6.34756e+06,91.0994,88.4151,72300
2014-07-27,145.861,317.598,187.141,509.669,211.831,6.34729e+06,105.117,129.325,72300
2014-08-03,167.324,364.098,214.468,725.569,243.227,6.34698e+06,120.697,102.715,72300
2014-08-10,191.849,417.421,245.892,973.07,278.926,6.34662e+06,138.411,134.557,72300
2014-08-17,219.951,478.552,281.919,1256.84,319.792,6.34621e+06,158.69,182.173,72300
2014-08-24,252.16,548.62,323.212,1582.17,366.628,6.34574e+06,181.932,97.7024,72300
2014-08-31,289.075,628.922,370.54,1955.15,420.308,6.34521e+06,208.57,271.568,72300
2014-09-07,331.381,720.945,424.783,2382.74,481.83,6.34459e+06,239.099,198.73,72300
2014-09-14,379.861,826.391,486.945,2872.91,552.333,6.34388e+06,274.084,252.302,72300
2014-09-21,435.409,947.204,558.176,3434.8,633.119,6.34307e+06,314.173,400.368,72300
2014-09-28,499.049,1085.61,639.792,4078.86,725.679,6.34215e+06,360.104,466.609,72300
2014-07-13,117.97,255.081,160.252,168.931,173.713,6.34775e+06,82.4104,87.8993,72350
2014-07-20,133.64,288.117,175.633,349.097,195.547,6.3475e+06,92.7683,85.4952,72350
2014-07-27,150.481,323.609,196.43,549.104,220.804,6.34723e+06,104.751,116.65,72350
2014-08-03,169.059,363.346,220.477,773.327,248.27,6.34692e+06,117.781,113.111,72350
2014-08-10,189.843,407.972,247.571,1025.07,278.837,6.34658e+06,132.282,105.125,72350
2014-08-17,213.164,458.079,277.992,1307.75,313.101,6.34619e+06,148.537,210.851,72350
2014-08-24,239.343,514.325,312.14,1625.16,351.558,6.34576e+06,166.781,221.205,72350
2014-08-31,268.727,577.459,350.472,1981.55,394.726,6.34527e+06,187.26,188.639,72350
2014-09-07,301.709,648.316,393.498,2381.71,443.179,6.34472e+06,210.246,224.619,72350
2014-09-14,338.724,727.837,441.789,2830.98,497.561,6.34411e+06,236.045,244.845,72350
2014-09-21,380.263,817.071,495.986,3335.37,558.592,6.34342e+06,264.999,158.022,72350
2014-09-28,426.875,917.194,556.805,3901.63,627.078,6.34265e+06,297.489,241.655,72350
2014-07-13,79.3638,174.453,106.331,111.53,115.436,6.34798e+06,78.9992,83.1688,72400
2014-07-20,92.3752,202.256,118.999,232.274,133.411,6.3478e+06,91.3005,76.8059,72400
2014-07-27,106.718,232.977,136.424,369.496,154.647,6.3476e+06,105.833,100.354,72400
2014-08-03,122.965,268.273,157.037,527.242,178.359,6.34737e+06,122.061,125.752,72400
2014-08-10,141.615,308.93,180.847,708.878,205.445,6.34711e+06,140.597,138.159,72400
2014-08-17,163.08,355.75,208.265,918.052,236.593,6.3468e+06,161.913,162.249,72400
2014-08-24,187.795,409.657,239.832,1158.94,272.452,6.34645e+06,186.453,214.004,72400
2014-08-31,216.249,471.72,276.177,1436.33,313.737,6.34605e+06,214.707,185.974,72400
2014-09-07,249.007,543.166,318.021,1755.75,361.268,6.34558e+06,247.235,267.498,72400
2014-09-14,286.717,625.409,366.193,2123.57,415.986,6.34505e+06,284.682,259.552,72400
2014-09-21,330.124,720.072,421.646,2547.09,478.974,6.34443e+06,327.787,238.273,72400
2014-09-28,380.084,829.021,485.475,3034.73,551.473,6.34372e+06,377.403,402.429,72400
2014-07-13,101.453,222.128,136.382,143.225,148.006,6.34785e+06,81.0768,84.2552,72450
2014-07-20,117.316,255.914,151.856,297.717,169.966,6.34763e+06,93.1065,64.7495,72450
2014-07-27,134.696,292.994,173.054,472.297,195.778,6.34738e+06,107.246,95.2539,72450
2014-08-03,154.256,335.33,197.991,671.775,224.415,6.34709e+06,122.933,104.063,72450
2014-08-10,176.57,383.797,226.622,900.066,256.921,6.34676e+06,140.74,178.314,72450
2014-08-17,202.095,439.268,259.39,1161.37,294.071,6.34639e+06,161.09,115.16,72450
2014-08-24,231.302,502.744,296.886,1460.45,336.576,6.34596e+06,184.375,129.655,72450
2014-08-31,264.722,575.372,339.792,1802.76,385.214,6.34547e+06,211.018,256.946,72450
2014-09-07,302.96,658.465,388.884,2194.53,440.864,6.34491e+06,241.502,333.86,72450
2014-09-14,346.706,753.524,445.053,2642.89,504.533,6.34426e+06,276.38,404.199,72450
2014-09-21,396.748,862.259,509.311,3156,577.37,6.34353e+06,316.28,248.346,72450
2014-09-28,453.989,986.624,582.817,3743.19,660.688,6.34268e+06,361.921,312.623,72450
2014-07-13,118.195,255.025,160.841,169.659,174.318,6.34775e+06,87.4039,82.6996,72500
2014-07-20,133.431,287.09,175.811,350.258,195.569,6.3475e+06,98.059,104.905,72500
2014-07-27,149.751,321.413,196.008,550.148,220.086,6.34723e+06,110.352,149.402,72500
2014-08-03,167.695,359.715,219.293,773.521,246.658,6.34693e+06,123.675,135.06,72500
2014-08-10,187.702,402.591,245.445,1023.5,276.131,6.34659e+06,138.453,200.083,72500
2014-08-17,210.079,450.576,274.714,1303.29,309.06,6.34621e+06,154.964,165.874,72500
2014-08-24,235.117,504.267,307.463,1616.44,345.899,6.34579e+06,173.435,177.681,72500
2014-08-31,263.131,564.338,344.106,1966.92,387.118,6.34531e+06,194.103,236.8,72500
2014-09-07,294.471,631.541,385.103,2359.15,433.235,6.34478e+06,217.226,188.653,72500
2014-09-14,329.532,706.716,430.968,2798.12,484.827,6.34418e+06,243.094,324.178,72500
2014-09-21,368.751,790.803,482.277,3289.35,542.54,6.34352e+06,272.031,238.913,72500
2014-09-28,412.617,884.847,539.669,3839.05,607.094,6.34277e+06,304.399,379.052,72500
2014-07-13,87.9837,192.221,118.491,124.518,128.564,6.34793e+06,79.141,116.797,72550
2014-07-20,101.379,220.701,131.572,258.566,147.129,6.34774e+06,90.5688,78.8348,72550
2014-07-27,116.006,251.842,149.45,409.577,168.889,6.34752e+06,103.964,97.4819,72550
2014-08-03,132.411,287.278,170.42,581.555,192.948,6.34728e+06,118.774,131.705,72550
2014-08-10,151.064,327.713,194.417,777.722,220.165,6.347e+06,135.528,111.268,72550
2014-08-17,172.33,373.84,221.793,1001.51,251.166,6.34668e+06,154.612,135.388,72550
2014-08-24,196.585,426.45,253.016,1256.81,286.521,6.34632e+06,176.375,204.028,72550
2014-08-31,224.248,486.451,288.626,1548.04,326.843,6.3459e+06,201.197,240.995,72550
2014-09-07,255.795,554.873,329.238,1880.26,372.83,6.34543e+06,229.505,241.417,72550
2014-09-14,291.77,632.896,375.553,2259.22,425.272,6.34489e+06,261.787,194.182,72550
2014-09-21,332.79,721.857,428.367,2691.48,485.072,6.34428e+06,298.598,296.429,72550
2014-09-28,379.56,823.281,488.587,3184.51,553.256,6.34357e+06,340.57,283.651,72550
2014-07-13,113.445,246.102,153.687,161.851,166.645,6.34777e+06,88.5896,80.262,72600
2014-07-20,129.206,279.418,169.132,334.974,188.569,6.34754e+06,100.244,116.754,72600
2014-07-27,146.23,315.411,190.087,528.055,214.035,6.34727e+06,113.782,139.424,72600
2014-08-03,165.108,355.915,214.425,745.59,241.873,6.34697e+06,128.581,131.028,72600
2014-08-10,186.335,401.632,241.982,991.048,273.015,6.34663e+06,145.136,131.337,72600
2014-08-17,210.274,453.22,273.078,1268.05,308.1,6.34625e+06,163.788,156.589,72600
2014-08-24,237.281,511.421,308.16,1580.65,347.677,6.34581e+06,184.827,156.316,72600
2014-08-31,267.748,577.077,347.738,1933.39,392.325,6.34532e+06,208.562,246.011,72600
2014-09-07,302.117,651.135,392.385,2331.44,442.692,6.34477e+06,235.337,298.105,72600
2014-09-14,340.882,734.664,442.748,2780.58,499.505,6.34415e+06,265.54,278.136,72600
2014-09-21,384.603,828.868,499.553,3287.36,563.585,6.34345e+06,299.605,317.835,72600
2014-09-28,433.91,935.097,563.62,3859.15,635.854,6.34266e+06,338.023,311.778,72600
2014-07-13,79.8552,174.537,107.505,112.959,116.649,6.34798e+06,75.326,61.2231,72650
2014-07-20,92.078,200.534,119.438,234.611,133.585,6.3478e+06,86.2622,85.6784,72650
2014-07-27,105.433,228.98,135.756,371.74,153.447,6.34761e+06,99.088,137.122,72650
2014-08-03,120.424,261.373,154.907,528.012,175.423,6.34739e+06,113.279,113.679,72650
2014-08-10,137.479,298.359,176.837,706.383,200.3,6.34713e+06,129.343,149.85,72650
2014-08-17,156.937,340.582,201.871,910.005,228.657,6.34684e+06,147.655,124.897,72650
2014-08-24,179.145,388.772,230.442,1142.45,261.017,6.34651e+06,168.551,157.821,72650
2014-08-31,204.491,443.768,263.051,1407.79,297.949,6.34613e+06,192.4,223.384,72650
2014-09-07,233.415,506.529,300.266,1710.67,340.098,6.3457e+06,219.618,190.674,72650
2014-09-14,266.423,578.145,342.736,2056.4,388.198,6.34521e+06,250.678,191.416,72650
2014-09-21,304.086,659.86,391.199,2451.03,443.085,6.34464e+06,286.121,262.912,72650
2014-09-28,347.059,753.09,446.498,2901.44,505.712,6.344e+06,326.562,329.562,72650
2014-07-13,123.795,272.335,165.748,173.809,179.954,6.34771e+06,81.1746,70.3965,72700
2014-07-20,144.279,316.134,185.683,362.116,208.242,6.34744e+06,93.9349,109.119,72700
2014-07-27,166.887,364.592,213.129,576.365,241.694,6.34713e+06,109.025,122.647,72700
2014-08-03,192.525,420.331,245.63,822.956,279.092,6.34677e+06,125.894,126.284,72700
2014-08-10,221.991,484.608,283.211,1107.24,321.862,6.34635e+06,145.187,167.823,72700
2014-08-17,255.942,558.71,326.538,1435.01,371.101,6.34587e+06,167.398,164.587,72700
2014-08-24,295.075,644.119,376.477,1812.92,427.849,6.34532e+06,192.996,182.155,72700
2014-08-31,340.176,742.551,434.035,2248.62,493.255,6.34468e+06,222.5,213.119,72700
2014-09-07,392.152,855.979,500.371,2750.91,568.633,6.34395e+06,256.502,266.882,72700
2014-09-14,452.043,986.672,576.816,3329.97,655.496,6.3431e+06,295.685,240.027,72700
2014-09-21,521.047,1137.24,664.9,3997.46,755.582,6.34213e+06,340.832,351.927,72700
2014-09-28,600.538,1310.68,766.384,4766.87,870.887,6.34101e+06,392.844,448.021,72700
2014-07-13,136.506,298.991,183.443,192.624,199.085,6.34764e+06,88.1985,52.8314,72750
2014-07-20,157.951,344.678,204.358,400.475,228.766,6.34734e+06,101.348,80.7392,72750
2014-07-27,181.457,394.848,233.019,635.483,263.669,6.34701e+06,116.81,107.259,72750
2014-08-03,207.929,452.161,266.754,904.162,302.414,6.34662e+06,133.975,110.838,72750
2014-08-10,238.143,517.808,305.504,1211.83,346.418,6.34618e+06,153.47,126.131,72750
2014-08-17,272.723,592.979,349.878,1564.19,396.734,6.34567e+06,175.761,165.682,72750
2014-08-24,312.31,679.037,400.68,1967.72,454.332,6.34509e+06,201.278,206.363,72750
2014-08-31,357.628,777.549,458.838,2429.83,520.27,6.34443e+06,230.489,126.843,72750
2014-09-07,409.502,890.302,525.413,2959.01,595.749,6.34367e+06,263.928,302.188,72750
2014-09-14,468.872,1019.34,601.616,3564.94,682.142,6.3428e+06,302.202,359.151,72750
2014-09-21,536.814,1167,688.83,4258.74,781.013,6.3418e+06,346.004,280.468,72750
2014-09-28,614.553,1335.94,788.632,5053.09,894.152,6.34066e+06,396.126,337.726,72750
2014-07-13,114.512,246.262,156.257,164.985,169.3,6.34777e+06,94.4693,96.4665,72800
2014-07-20,128.575,275.778,170.097,340.093,188.948,6.34754e+06,105.433,129.635,72800
2014-07-27,143.564,307.198,188.706,533.006,211.522,6.34728e+06,118.029,105.597,72800
2014-08-03,159.956,342.079,210.063,747.508,235.859,6.34699e+06,131.609,145.941,72800
2014-08-10,178.141,380.929,233.933,986.352,262.714,6.34667e+06,146.594,151.317,72800
2014-08-17,198.377,424.191,260.514,1252.34,292.565,6.34631e+06,163.251,167.492,72800
2014-08-24,220.904,472.355,290.105,1548.54,325.794,6.34592e+06,181.793,182.561,72800
2014-08-31,245.984,525.972,323.049,1878.38,362.787,6.34548e+06,202.435,162.143,72800
2014-09-07,273.901,585.654,359.723,2245.68,403.967,6.34499e+06,225.413,169.181,72800
2014-09-14,304.976,652.083,400.546,2654.66,449.806,6.34444e+06,250.992,217.894,72800
2014-09-21,339.563,726.016,445.986,3110.05,500.828,6.34383e+06,279.462,269.198,72800
2014-09-28,378.055,808.292,496.56,3617.09,557.613,6.34315e+06,311.148,295.7,72800
2014-07-13,109.153,237.091,147.717,155.505,160.19,6.3478e+06,86.9838,97.4801,72850
2014-07-20,124.576,269.727,162.821,322.029,181.629,6.34757e+06,98.6253,111.027,72850
2014-07-27,141.267,305.06,183.341,508.083,206.574,6.34731e+06,112.17,103.992,72850
2014-08-03,159.814,344.902,207.215,718.105,233.897,6.34702e+06,127.007,123.814,72850
2014-08-10,180.711,389.958,234.299,955.545,264.523,6.34669e+06,143.637,176.101,72850
2014-08-17,204.322,440.9,264.92,1224.02,299.095,6.34632e+06,162.409,167.597,72850
2014-08-24,231.012,498.483,299.533,1527.57,338.169,6.34589e+06,183.627,165.131,72850
2014-08-31,261.179,563.569,338.658,1870.79,382.336,6.34542e+06,207.61,142.653,72850
2014-09-07,295.276,637.128,382.881,2258.82,432.258,6.34488e+06,234.717,270.075,72850
2014-09-14,333.81,720.256,432.862,2697.52,488.679,6.34427e+06,265.354,337.862,72850
2014-09-21,377.356,814.19,489.347,3193.47,552.44,6.34358e+06,299.976,274.012,72850
2014-09-28,426.56,920.323,553.177,3754.13,624.489,6.3428e+06,339.099,197.512,72850
2014-07-13,83.2099,181.009,112.468,118.344,121.982,6.34795e+06,78.8761,79.2293,72900
2014-07-20,95.2,206.411,124.202,245.246,138.635,6.34778e+06,89.6449,82.3818,72900
2014-07-27,108.206,233.984,140.167,387.33,158.049,6.34758e+06,102.198,108.348,72900
2014-08-03,122.693,265.149,158.781,548.082,179.366,6.34736e+06,115.982,130.023,72900
2014-08-10,139.054,300.476,179.945,730.235,203.317,6.3471e+06,131.47,153.426,72900
2014-08-17,157.584,340.511,203.93,936.668,230.418,6.34681e+06,148.994,150.241,72900
2014-08-24,178.579,385.873,231.105,1170.61,261.12,6.34648e+06,168.846,211.9,72900
2014-08-31,202.367,437.267,261.895,1435.73,295.907,6.34611e+06,191.34,191.287,72900
2014-09-07,229.317,495.491,296.779,1736.16,335.318,6.34569e+06,216.825,181.352,72900
2014-09-14,259.848,561.448,336.301,2076.61,379.968,6.34522e+06,245.696,199.445,72900
2014-09-21,294.433,636.16,381.072,2462.39,430.548,6.34468e+06,278.402,328.126,72900
2014-09-28,333.607,720.783,431.788,2899.51,487.843,6.34406e+06,315.45,364.984,72900
2014-07-13,106.734,230.865,144.948,152.782,157.128,6.34781e+06,89.2894,123.138,72950
2014-07-20,120.979,260.905,158.928,315.775,176.973,6.34759e+06,100.566,68.276,72950
2014-07-27,136.297,293.198,177.838,496.806,199.94,6.34735e+06,113.617,98.3324,72950
2014-08-03,153.205,329.374,199.713,699.86,224.929,6.34707e+06,127.818,124.885,72950
2014-08-10,172.13,370.023,224.372,927.955,252.755,6.34676e+06,143.63,56.0927,72950
2014-08-17,193.377,415.689,252.076,1184.22,283.964,6.3464e+06,161.364,154.158,72950
2014-08-24,217.241,466.98,283.19,1472.11,319.011,6.34601e+06,181.28,163.121,72950
2014-08-31,244.043,524.583,318.136,1795.54,358.373,6.34557e+06,203.648,172.564,72950
2014-09-07,274.142,589.271,357.384,2158.87,402.58,6.34507e+06,228.769,105.123,72950
2014-09-14,307.942,661.909,401.459,2567.02,452.224,6.34451e+06,256.98,186.83,72950
2014-09-21,345.895,743.467,450.953,3025.5,507.97,6.34388e+06,288.658,365.526,72950
2014-09-28,388.507,835.033,506.527,3540.49,570.563,6.34318e+06,324.227,243.265,72950
2014-07-13,82.3521,181.635,110.019,115.277,119.477,6.34796e+06,79.9008,48.9508,73000
2014-07-20,96.3916,211.718,123.664,240.469,138.838,6.34778e+06,92.8487,113.619,73000
2014-07-27,111.949,245.152,142.501,383.443,161.811,6.34757e+06,108.212,132.351,73000
2014-08-03,129.669,283.77,164.892,548.656,187.604,6.34732e+06,125.462,124.373,73000
2014-08-10,150.117,328.485,190.886,739.888,217.226,6.34704e+06,145.271,124.911,73000
2014-08-17,173.776,380.248,220.977,961.266,251.469,6.34671e+06,168.172,145.85,73000
2014-08-24,201.159,440.158,255.803,1217.54,291.098,6.34634e+06,194.673,239.447,73000
2014-08-31,232.849,509.491,296.11,1514.19,336.962,6.3459e+06,225.345,252.253,73000
2014-09-07,269.523,589.723,342.756,1857.59,390.04,6.34539e+06,260.842,315.575,73000
2014-09-14,311.96,682.56,396.737,2255.07,451.462,6.3448e+06,301.918,304.07,73000
2014-09-21,361.063,789.973,459.2,2715.14,522.534,6.34412e+06,349.448,315.393,73000
2014-09-28,417.872,914.236,531.472,3247.63,604.766,6.34334e+06,404.441,404.179,73000
2014-07-13,85.0882,188.407,113.294,118.563,123.079,6.34794e+06,72.3748,80.9936,73050
2014-07-20,100.245,220.989,127.995,247.798,143.937,6.34775e+06,84.6402,84.4611,73050
2014-07-27,117.143,257.444,148.377,396.231,168.814,6.34753e+06,99.2686,114.622,73050
2014-08-03,136.512,299.812,172.736,568.792,196.921,6.34727e+06,115.797,81.0026,73050
2014-08-10,159.003,349.169,201.186,769.746,229.403,6.34697e+06,134.897,152.989,73050
2014-08-17,185.183,406.653,234.319,1003.8,267.183,6.34662e+06,157.114,130.876,73050
2014-08-24,215.667,473.587,272.899,1276.39,311.171,6.34621e+06,182.98,209.573,73050
2014-08-31,251.162,551.521,317.822,1593.85,362.39,6.34574e+06,213.099,184.341,73050
2014-09-07,292.488,642.252,370.127,1963.57,422.025,6.34518e+06,248.166,309.98,73050
2014-09-14,340.599,747.874,431.023,2394.13,491.454,6.34454e+06,288.993,222.987,73050
2014-09-21,396.604,870.819,501.916,2895.52,572.278,6.34379e+06,336.52,386.576,73050
2014-09-28,461.79,1013.91,584.438,3479.35,666.358,6.34291e+06,391.843,543.219,73050
2014-07-13,101.946,222.661,137.328,144.326,148.999,6.34784e+06,83.7736,74.9821,73100
2014-07-20,117.411,255.533,152.432,299.657,170.435,6.34762e+06,95.8259,64.7789,73100
2014-07-27,134.29,291.459,173.07,474.572,195.552,6.34738e+06,109.947,101.52,73100
2014-08-03,153.212,332.32,197.265,673.684,223.308,6.34709e+06,125.553,150.286,73100
2014-08-10,174.716,378.922,224.942,900.7,254.693,6.34677e+06,143.199,150.089,73100
2014-08-17,199.222,432.059,256.5,1159.57,290.425,6.3464e+06,163.289,178.518,73100
2014-08-24,227.157,492.635,292.475,1454.75,331.154,6.34598e+06,186.189,195.338,73100
2014-08-31,259.002,561.685,333.485,1791.32,377.583,6.3455e+06,212.293,212.393,73100
2014-09-07,295.299,640.388,380.232,2175.08,430.507,6.34496e+06,242.05,206.541,73100
2014-09-14,336.67,730.085,433.516,2612.63,490.831,6.34434e+06,275.966,302.759,73100
2014-09-21,383.819,832.304,494.246,3111.48,559.582,6.34363e+06,314.621,250.657,73100
2014-09-28,437.547,948.779,563.456,3680.2,637.931,6.34282e+06,358.672,349.457,73100
2014-07-13,80.0225,174.506,107.936,113.49,117.093,6.34797e+06,79.9495,78.2855,73150
2014-07-20,91.9265,199.777,119.571,235.461,133.606,6.3478e+06,91.2245,80.2568,73150
2014-07-27,104.888,227.324,135.443,372.506,152.916,6.34761e+06,104.41,89.6168,73150
2014-08-03,119.383,258.58,154.012,528.141,174.204,6.34739e+06,118.945,124.281,73150
2014-08-10,135.817,294.145,175.204,705.166,198.217,6.34714e+06,135.34,153.536,73150
2014-08-17,154.501,334.603,199.311,906.55,225.491,6.34686e+06,153.963,216.883,73150
2014-08-24,175.751,380.618,226.729,1135.64,256.508,6.34653e+06,175.141,228.237,73150
2014-08-31,199.919,432.951,257.913,1396.24,291.784,6.34616e+06,199.227,227.882,73150
2014-09-07,227.403,492.465,293.377,1692.68,331.903,6.34574e+06,226.62,143.358,73150
2014-09-14,258.658,560.139,333.708,2029.88,377.527,6.34527e+06,257.771,321.486,73150
2014-09-21,294.199,637.089,379.572,2413.42,429.408,6.34473e+06,293.195,411.014,73150
2014-09-28,334.608,724.578,431.722,2849.67,488.4,6.34411e+06,333.474,348.245,73150
2014-07-13,105.926,230.39,143.19,150.678,155.3,6.34782e+06,90.265,108.163,73200
2014-07-20,121.16,262.658,158.099,312.23,176.46,6.3476e+06,102.564,126.737,73200
2014-07-27,137.678,297.674,178.38,493.071,201.122,6.34734e+06,116.898,146.145,73200
2014-08-03,156.074,337.24,202.021,697.623,228.193,6.34706e+06,132.633,129.656,73200
2014-08-10,176.843,382.076,228.893,929.353,258.602,6.34673e+06,150.307,83.7241,73200
2014-08-17,200.358,432.874,259.338,1191.91,292.999,6.34637e+06,170.299,138.456,73200
2014-08-24,226.994,490.412,293.823,1489.38,331.955,6.34595e+06,192.942,106.917,73200
2014-08-31,257.163,555.58,332.883,1826.4,376.08,6.34548e+06,218.589,180.323,73200
2014-09-07,291.332,629.384,377.123,2208.21,426.056,6.34494e+06,247.636,278.104,73200
2014-09-14,330.027,712.961,427.226,2640.76,482.655,6.34434e+06,280.533,170.87,73200
2014-09-21,373.844,807.597,483.966,3130.77,546.749,6.34365e+06,317.786,465.907,73200
2014-09-28,423.456,914.742,548.216,3685.85,619.324,6.34288e+06,359.969,309.54,73200
2014-07-13,80.5267,176.514,108.146,113.531,117.375,6.34797e+06,78.4193,73.0506,73250
2014-07-20,93.2958,203.737,120.594,236.124,135.041,6.3478e+06,90.2221,60.4744,73250
2014-07-27,107.31,233.672,137.668,374.887,155.837,6.3476e+06,104.116,82.7403,73250
2014-08-03,123.114,267.915,157.788,533.72,178.953,6.34737e+06,119.559,129.812,73250
2014-08-10,141.176,307.188,180.927,715.821,205.241,6.3471e+06,137.123,134.69,73250
2014-08-17,161.874,352.221,207.46,924.628,235.339,6.3468e+06,157.232,170.737,73250
2014-08-24,185.603,403.846,237.877,1164.05,269.84,6.34646e+06,180.282,205.075,73250
2014-08-31,212.805,463.025,272.745,1438.57,309.392,6.34606e+06,206.707,225.185,73250
2014-09-07,243.986,530.859,312.716,1753.33,354.73,6.34561e+06,236.997,222.738,73250
2014-09-14,279.725,608.608,358.534,2114.21,406.699,6.34509e+06,271.718,292.702,73250
2014-09-21,320.688,697.713,411.05,2527.96,466.264,6.34449e+06,311.514,205.086,73250
2014-09-28,367.631,799.824,471.238,3002.3,534.53,6.34381e+06,357.123,241.712,73250
2014-07-13,112.36,242.484,152.876,161.248,165.689,6.34778e+06,96.5179,95.8564,73300
2014-07-20,126.885,273.057,167.146,332.923,185.945,6.34755e+06,108.318,124.633,73300
2014-07-27,142.449,305.795,186.402,522.989,209.322,6.34729e+06,121.936,118.63,73300
2014-08-03,159.566,342.34,208.609,735.448,234.666,6.347e+06,136.699,142.345,73300
2014-08-10,178.658,383.262,233.558,973.286,262.786,6.34668e+06,153.08,194.972,73300
2014-08-17,200.018,429.075,261.49,1239.57,294.214,6.34632e+06,171.387,188.672,73300
2014-08-24,223.925,480.353,292.753,1537.69,329.385,6.34592e+06,191.875,202.471,73300
2014-08-31,250.683,537.741,327.743,1871.45,368.749,6.34546e+06,214.806,239.332,73300
2014-09-07,280.628,601.965,366.904,2245.09,412.806,6.34496e+06,240.47,258.116,73300
2014-09-14,314.139,673.831,410.729,2663.38,462.109,6.34439e+06,269.19,214.319,73300
2014-09-21,351.637,754.243,459.772,3131.61,517.28,6.34375e+06,301.329,314.891,73300
2014-09-28,393.591,844.209,514.649,3655.75,579.011,6.34304e+06,337.289,355.321,73300
2014-07-13,138.183,298.882,187.662,197.807,203.431,6.34763e+06,83.3672,83.1462,73350
2014-07-20,156.619,337.756,205.755,408.828,229.113,6.34734e+06,93.8918,97.8087,73350
2014-07-27,176.44,379.541,230.225,643.191,258.834,6.34702e+06,106.071,95.437,73350
2014-08-03,198.316,426.344,258.531,906.054,291.169,6.34666e+06,119.322,111.681,73350
2014-08-10,222.8,478.929,290.436,1201.32,327.17,6.34626e+06,134.076,114.918,73350
2014-08-17,250.285,537.996,326.275,1533.02,367.542,6.3458e+06,150.621,138.449,73350
2014-08-24,281.15,604.328,366.523,1905.65,412.874,6.34529e+06,169.198,212.135,73350
2014-08-31,315.809,678.812,411.72,2324.23,463.781,6.34472e+06,190.06,144.943,73350
2014-09-07,354.726,762.44,462.472,2794.42,520.943,6.34408e+06,213.485,205.549,73350
2014-09-14,398.419,856.327,519.457,3322.56,585.124,6.34335e+06,239.787,197.567,73350
2014-09-21,447.47,961.72,583.435,3915.76,657.178,6.34254e+06,269.315,234.353,73350
2014-09-28,502.528,1080.01,655.256,4582,738.063,6.34163e+06,302.462,336.077,73350
2014-07-13,106.507,234.427,142.537,149.444,154.761,6.34782e+06,73.5091,34.6024,73400
2014-07-20,124.24,272.36,159.79,311.434,179.242,6.34758e+06,85.1375,123.579,73400
2014-07-27,143.827,314.368,183.556,495.882,208.214,6.34731e+06,98.8984,116.648,73400
2014-08-03,166.061,362.73,211.722,708.346,240.631,6.347e+06,114.296,107.7,73400
2014-08-10,191.636,418.548,244.318,953.488,277.737,6.34664e+06,131.921,92.0431,73400
2014-08-17,221.129,482.953,281.929,1236.37,320.493,6.34623e+06,152.229,154.82,73400
2014-08-24,255.153,557.252,325.318,1562.79,369.812,6.34575e+06,175.655,182.9,73400
2014-08-31,294.402,642.955,375.371,1939.45,426.706,6.3452e+06,202.679,209.002,73400
2014-09-07,339.674,741.805,433.108,2374.04,492.333,6.34456e+06,233.851,275.14,73400
2014-09-14,391.887,855.807,499.704,2875.47,568.027,6.34383e+06,269.804,279.356,73400
2014-09-21,452.102,987.268,576.511,3453.99,655.324,6.34298e+06,311.269,260.704,73400
2014-09-28,521.533,1138.84,665.083,4121.41,755.991,6.342e+06,359.084,425.283,73400
2014-07-13,75.5778,166.114,101.268,106.222,109.938,6.348e+06,84.4507,104.664,73450
2014-07-20,87.9538,192.557,113.317,221.209,127.036,6.34783e+06,97.585,107.206,73450
2014-07-27,101.594,221.771,129.89,351.869,147.233,6.34764e+06,113.1,156.084,73450
2014-08-03,117.043,255.33,149.494,502.047,169.782,6.34743e+06,130.421,133.212,73450
2014-08-10,134.774,293.981,172.132,674.944,195.536,6.34717e+06,150.204,225.041,73450
2014-08-17,155.179,338.484,198.199,874.024,225.147,6.34688e+06,172.951,203.395,73450
2014-08-24,178.669,389.716,228.207,1103.25,259.231,6.34655e+06,199.133,245.976,73450
2014-08-31,205.71,448.691,262.75,1367.17,298.469,6.34617e+06,229.274,217.522,73450
2014-09-07,236.836,516.573,302.514,1671.04,343.636,6.34572e+06,263.97,310.363,73450
2014-09-14,272.663,594.703,348.286,2020.9,395.625,6.34521e+06,303.906,211.497,73450
2014-09-21,313.897,684.621,400.969,2423.68,455.463,6.34463e+06,349.872,228.917,73450
2014-09-28,361.35,788.096,461.601,2887.37,524.329,6.34395e+06,402.773,499.017,73450
2014-07-13,85.1055,186.896,114.116,119.731,123.877,6.34794e+06,85.2642,86.2481,73500
2014-07-20,98.9023,216.354,127.554,249.239,142.946,6.34776e+06,98.3898,102.229,73500
2014-07-27,114.088,248.851,146.022,396.219,165.447,6.34754e+06,113.877,114.314,73500
2014-08-03,131.264,286.131,167.839,564.935,190.533,6.3473e+06,131.144,107.079,73500
2014-08-10,150.95,329.009,193.001,758.919,219.146,6.34702e+06,150.838,135.024,73500
2014-08-17,173.575,378.314,221.935,981.984,252,6.34669e+06,173.451,190.581,73500
2014-08-24,199.585,434.998,255.199,1238.49,289.766,6.34632e+06,199.445,207.333,73500
2014-08-31,229.487,500.161,293.439,1533.43,333.183,6.34589e+06,229.329,237.805,73500
2014-09-07,263.86,575.063,337.4,1872.56,383.094,6.3454e+06,263.683,217.836,73500
2014-09-14,303.37,661.156,387.933,2262.49,440.466,6.34484e+06,303.172,292.214,73500
2014-09-21,348.78,760.101,446.017,2710.82,506.409,6.34418e+06,348.561,380.827,73500
2014-09-28,400.968,873.807,512.775,3226.26,582.197,6.34344e+06,400.726,555.301,73500
2014-07-13,89.3049,193.903,120.896,127.285,131.1,6.34792e+06,88.8048,79.6481,73550
2014-07-20,101.858,220.458,133.192,263.541,148.553,6.34773e+06,100.627,80.2845,73550
2014-07-27,115.436,249.19,149.89,415.693,168.85,6.34752e+06,114.376,87.6607,73550
2014-08-03,130.514,281.569,169.308,587.345,191.07,6.34728e+06,129.427,152.192,73550
2014-08-10,147.493,318.167,191.324,781.29,215.961,6.34701e+06,146.289,167.71,73550
2014-08-17,166.668,359.522,216.203,1000.46,244.044,6.34671e+06,165.311,219.859,73550
2014-08-24,188.33,406.245,244.309,1248.12,275.767,6.34636e+06,186.8,136.78,73550
2014-08-31,212.803,459.027,276.062,1527.97,311.605,6.34597e+06,211.076,236.978,73550
2014-09-07,240.448,518.651,311.933,1844.19,352.092,6.34553e+06,238.501,291.295,73550
2014-09-14,271.676,585.998,352.455,2201.49,397.826,6.34504e+06,269.481,257.259,73550
2014-09-21,306.949,662.064,398.227,2605.21,449.485,6.34448e+06,304.474,335.851,73550
2014-09-28,346.786,747.97,449.926,3061.34,507.832,6.34384e+06,343.997,331.231,73550
2014-07-13,111.854,242.919,151.391,159.38,164.172,6.34778e+06,87.3757,59.3922,73600
2014-07-20,127.626,276.29,166.838,330.03,186.098,6.34755e+06,99.0453,101.276,73600
2014-07-27,144.691,312.409,187.821,520.652,211.604,6.34728e+06,112.62,126.723,73600
2014-08-03,163.648,353.126,212.229,735.78,239.536,6.34699e+06,127.486,139.378,73600
2014-08-10,185.002,399.162,239.91,978.935,270.836,6.34665e+06,144.145,117.841,73600
2014-08-17,209.125,451.199,271.201,1253.81,306.161,6.34626e+06,162.945,218.044,73600
2014-08-24,236.385,510.006,306.561,1564.52,346.075,6.34583e+06,184.188,202.46,73600
2014-08-31,267.19,576.457,346.522,1915.74,391.182,6.34534e+06,208.195,221.865,73600
2014-09-07,301.999,651.541,391.677,2312.74,442.152,6.34479e+06,235.322,208.036,73600
2014-09-14,341.329,736.372,442.7,2761.46,499.744,6.34417e+06,265.974,201.403,73600
2014-09-21,385.762,832.206,500.349,3268.62,564.812,6.34346e+06,300.604,306.872,73600
2014-09-28,435.956,940.458,565.476,3841.82,638.321,6.34267e+06,339.727,312.306,73600
2014-07-13,104.963,231.204,140.381,147.15,152.431,6.34783e+06,71.0749,70.197,73650
2014-07-20,122.593,268.939,157.526,306.764,176.76,6.34759e+06,82.4188,72.8088,73650
2014-07-27,142.089,310.782,181.164,488.705,205.578,6.34733e+06,95.8563,107.382,73650
2014-08-03,164.246,359.011,209.207,698.526,237.864,6.34702e+06,110.911,155.773,73650
2014-08-10,189.762,414.741,241.698,940.9,274.865,6.34666e+06,128.163,195.934,73650
2014-08-17,219.223,479.12,279.232,1220.92,317.55,6.34625e+06,148.066,143.54,73650
2014-08-24,253.25,553.475,322.582,1544.41,366.844,6.34578e+06,171.051,186.345,73650
2014-08-31,292.548,639.345,372.65,1918.12,423.776,6.34523e+06,197.597,198.675,73650
2014-09-07,337.929,738.503,430.471,2349.82,489.525,6.34459e+06,228.254,175.479,73650
2014-09-14,390.331,852.994,497.243,2848.5,565.448,6.34386e+06,263.655,456.551,73650
2014-09-21,450.832,985.174,574.342,3424.51,653.111,6.34302e+06,304.53,377.783,73650
2014-09-28,520.678,1137.75,663.356,4089.82,754.32,6.34204e+06,351.721,337.637,73650
2014-07-13,130.089,282.613,176.024,185.295,190.891,6.34768e+06,83.0136,99.0054,73700
2014-07-20,148.511,321.598,194.064,383.752,216.497,6.3474e+06,94.1488,76.2945,73700
2014-07-27,168.451,363.816,218.575,605.535,246.294,6.34709e+06,107.107,133.216,73700
2014-08-03,190.614,411.432,247.1,855.951,278.94,6.34674e+06,121.304,154.309,73700
2014-08-10,215.59,465.291,279.464,1139.13,315.542,6.34635e+06,137.221,107.331,73700
2014-08-17,243.817,526.197,316.065,1459.39,356.867,6.3459e+06,155.192,197.326,73700
2014-08-24,275.729,595.057,357.445,1821.6,403.584,6.3454e+06,175.508,67.8578,73700
2014-08-31,311.807,672.901,404.227,2231.21,456.399,6.34483e+06,198.476,205.95,73700
2014-09-07,352.59,760.893,457.115,2694.43,516.105,6.34418e+06,224.441,149.733,73700
2014-09-14,398.688,860.346,516.899,3218.24,583.595,6.34346e+06,253.791,412.988,73700
2014-09-21,450.787,972.741,584.472,3810.55,659.877,6.34263e+06,286.963,210.683,73700
2014-09-28,509.664,1099.74,660.842,4480.26,746.085,6.3417e+06,324.453,314.682,73700
2014-07-13,153.361,328.991,209.693,221.568,227.147,6.34754e+06,99.4799,67.9162,73750
2014-07-20,171.501,366.987,227.567,456.216,252.522,6.34723e+06,110.593,99.5246,73750
2014-07-27,190.761,407.261,251.538,713.832,281.587,6.34689e+06,123.322,169.191,73750
2014-08-03,211.74,451.796,278.957,999.209,312.796,6.34651e+06,136.99,174.687,73750
2014-08-10,234.923,501.208,309.485,1315.78,347.097,6.34609e+06,152.013,159.197,73750
2014-08-17,260.621,556.02,343.351,1666.99,385.079,6.34562e+06,168.647,176.352,73750
2014-08-24,289.119,616.805,380.908,2056.63,427.193,6.34511e+06,187.091,189.795,73750
2014-08-31,320.721,684.209,422.556,2488.88,473.897,6.34453e+06,207.545,185.039,73750
2014-09-07,355.763,758.945,468.741,2968.38,525.685,6.3439e+06,230.226,119.761,73750
2014-09-14,394.614,841.801,519.95,3500.27,583.107,6.34319e+06,255.374,286.442,73750
2014-09-21,437.686,933.653,576.727,4090.27,646.769,6.34241e+06,283.255,164.98,73750
2014-09-28,485.431,1035.46,639.669,4744.67,717.343,6.34154e+06,314.163,257.089,73750
2014-07-13,71.939,154.692,98.1713,103.658,106.365,6.34802e+06,74.8112,89.153,73800
2014-07-20,80.7618,173.21,106.854,213.667,118.692,6.34788e+06,83.4811,130.349,73800
2014-07-27,90.1645,192.919,118.529,334.846,132.854,6.34771e+06,93.4419,100.667,73800
2014-08-03,100.447,214.799,131.927,469.569,148.121,6.34753e+06,104.18,92.5694,73800
2014-08-10,111.854,239.168,146.9,619.561,164.966,6.34733e+06,116.028,89.0935,73800
2014-08-17,124.547,266.303,163.573,786.579,183.69,6.34711e+06,129.198,160.575,73800
2014-08-24,138.677,296.514,182.134,972.55,204.533,6.34686e+06,143.857,93.6467,73800
2014-08-31,154.408,330.145,202.798,1179.62,227.736,6.34658e+06,160.177,178.28,73800
2014-09-07,171.919,367.582,225.802,1410.19,253.567,6.34627e+06,178.345,80.5059,73800
2014-09-14,191.413,409.256,251.409,1666.9,282.321,6.34593e+06,198.569,219.753,73800
2014-09-21,213.111,455.641,279.914,1952.72,314.328,6.34555e+06,221.081,197.176,73800
2014-09-28,237.262,507.268,311.643,2270.95,349.955,6.34512e+06,246.139,306.788,73800
2014-07-13,94.4128,208.246,126.126,132.151,136.969,6.34789e+06,75.9656,63.2632,73850
2014-07-20,110.518,242.757,141.778,275.677,159.178,6.34768e+06,88.2831,104.634,73850
2014-07-27,128.365,281.113,163.387,439.599,185.532,6.34744e+06,102.9,70.104,73850
2014-08-03,148.694,325.419,189.074,629.035,215.122,6.34716e+06,119.311,98.9482,73850
2014-08-10,172.155,376.724,218.896,848.319,249.107,6.34683e+06,138.159,139.584,73850
2014-08-17,199.301,436.116,253.42,1102.19,288.396,6.34646e+06,159.95,132.604,73850
2014-08-24,230.72,504.86,293.379,1396.1,333.865,6.34602e+06,185.168,126.053,73850
2014-08-31,267.083,584.417,339.627,1736.34,386.491,6.34552e+06,214.355,175.734,73850
2014-09-07,309.165,676.483,393.152,2130.21,447.397,6.34494e+06,248.135,269.81,73850
2014-09-14,357.862,783.013,455.094,2586.15,517.878,6.34427e+06,287.225,211.83,73850
2014-09-21,414.207,906.268,526.77,3113.91,599.434,6.34349e+06,332.457,342.235,73850
2014-09-28,479.395,1048.86,609.702,3724.77,693.793,6.34259e+06,384.791,374.323,73850
2014-07-13,68.2232,147.949,92.4503,97.3717,100.242,6.34804e+06,84.7417,124.87,73900
2014-07-20,77.6581,167.888,101.697,201.492,113.368,6.3479e+06,95.8374,46.2286,73900
2014-07-27,87.8437,189.417,114.239,317.56,128.609,6.34774e+06,108.722,136.448,73900
2014-08-03,99.134,213.634,128.8,448.26,145.262,6.34756e+06,122.799,99.6279,73900
2014-08-10,111.824,240.957,145.279,595.663,163.882,6.34736e+06,138.54,247.937,73900
2014-08-17,126.129,271.776,163.867,761.926,184.851,6.34713e+06,156.267,162.997,73900
2014-08-24,142.26,306.533,184.829,949.46,208.496,6.34687e+06,176.255,83.219,73900
2014-08-31,160.452,345.728,208.468,1160.98,235.16,6.34657e+06,198.796,229.618,73900
2014-09-07,180.967,389.925,235.126,1399.55,265.229,6.34624e+06,224.216,458.776,73900
2014-09-14,204.099,439.761,265.187,1668.63,299.136,6.34587e+06,252.88,273.054,73900
2014-09-21,230.182,495.952,299.083,1972.1,337.369,6.34545e+06,285.2,245.233,73900
2014-09-28,259.59,559.302,337.302,2314.36,380.477,6.34498e+06,321.642,244.131,73900
2014-07-13,91.6289,198.825,124.106,130.69,134.574,6.3479e+06,86.0677,82.3556,73950
2014-07-20,104.402,225.83,136.621,270.512,152.338,6.34771e+06,97.4288,84.8242,73950
2014-07-27,118.203,255.018,153.605,426.508,172.98,6.3475e+06,110.631,115.848,73950
2014-08-03,133.515,287.879,173.339,602.329,195.555,6.34725e+06,125.068,130.793,73950
2014-08-10,150.74,324.985,195.692,800.795,220.819,6.34698e+06,141.226,151.813,73950
2014-08-17,170.173,366.875,220.927,1024.85,249.294,6.34667e+06,159.438,156.742,73950
2014-08-24,192.107,414.156,249.408,1277.8,281.43,6.34632e+06,179.99,201.276,73950
2014-08-31,216.862,467.517,281.554,1563.36,317.699,6.34592e+06,203.187,168.026,73950
2014-09-07,244.801,527.737,317.834,1885.71,358.633,6.34547e+06,229.367,249.981,73950
2014-09-14,276.329,595.692,358.778,2249.59,404.829,6.34497e+06,258.911,238.7,73950
2014-09-21,311.905,672.37,404.982,2660.35,456.958,6.3444e+06,292.251,281.183,73950
2014-09-28,352.047,758.882,457.119,3123.99,515.78,6.34376e+06,329.871,290.269,73950
2014-07-13,91.4524,199.048,123.552,129.986,134.01,6.34791e+06,73.2826,73.6361,74000
2014-07-20,104.724,227.179,136.537,269.441,152.439,6.34771e+06,83.3605,122.574,74000
2014-07-27,119.132,257.741,154.214,425.701,173.937,6.34749e+06,95.1165,72.6177,74000
2014-08-03,135.195,292.314,174.84,602.638,197.563,6.34725e+06,108.036,117.324,74000
2014-08-10,153.351,331.536,198.31,803.299,224.131,6.34696e+06,122.565,122.552,74000
2014-08-17,173.932,376.021,224.93,1030.9,254.218,6.34664e+06,139.018,129.239,74000
2014-08-24,197.268,426.466,255.115,1289.04,288.331,6.34628e+06,157.672,143.543,74000
2014-08-31,223.73,483.665,289.344,1581.83,327.013,6.34587e+06,178.825,165.666,74000
2014-09-07,253.734,548.518,328.155,1913.89,370.873,6.34541e+06,202.81,277.97,74000
2014-09-14,287.752,622.042,372.16,2290.49,420.602,6.34488e+06,230.004,183.438,74000
2014-09-21,326.317,705.391,422.051,2717.58,476.982,6.34428e+06,260.835,300.128,74000
2014-09-28,370.033,799.869,478.611,3201.91,540.895,6.3436e+06,295.785,380.32,74000
2014-07-13,116.19,251.254,157.823,166.366,171.081,6.34776e+06,77.9907,92.0561,74050
2014-07-20,131.642,283.833,172.989,343.81,192.61,6.34752e+06,87.805,100.441,74050
2014-07-27,148.251,318.838,193.498,540.819,217.518,6.34725e+06,99.1597,52.7413,74050
2014-08-03,166.576,358.036,217.214,761.71,244.608,6.34695e+06,111.509,110.209,74050
2014-08-10,187.079,402.064,243.939,1009.74,274.76,6.34661e+06,125.254,75.3208,74050
2014-08-17,210.088,451.504,273.95,1288.3,308.563,6.34623e+06,140.664,169.398,74050
2014-08-24,235.92,507.01,307.642,1601.11,346.508,6.3458e+06,157.962,183.186,74050
2014-08-31,264.919,569.321,345.467,1952.39,389.107,6.34532e+06,177.382,205.393,74050
2014-09-07,297.473,639.266,387.93,2346.86,436.929,6.34478e+06,199.182,260.1,74050
2014-09-14,334.014,717.772,435.596,2789.8,490.609,6.34417e+06,223.654,226.558,74050
2014-09-21,375.025,805.881,489.099,3287.16,550.861,6.34349e+06,251.121,300.21,74050
2014-09-28,421.052,904.756,549.148,3845.6,618.483,6.34273e+06,281.948,352.67,74050
2014-07-13,81.4749,177.076,110.206,115.995,119.518,6.34797e+06,79.3138,58.4563,74100
2014-07-20,93.0773,201.639,121.565,240.277,135.641,6.34779e+06,90.0132,63.7415,74100
2014-07-27,105.645,228.26,137.006,379.25,154.414,6.3476e+06,102.471,155.907,74100
2014-08-03,119.624,258.307,154.988,536.267,174.999,6.34738e+06,116.131,76.7995,74100
2014-08-10,135.39,292.32,175.405,713.944,198.094,6.34713e+06,131.458,71.5591,74100
2014-08-17,153.221,330.814,198.511,915.028,224.19,6.34685e+06,148.776,148.497,74100
2014-08-24,173.397,374.369,224.656,1142.6,253.714,6.34653e+06,168.368,240.427,74100
2014-08-31,196.225,423.649,254.237,1400.13,287.119,6.34618e+06,190.536,159.557,74100
2014-09-07,222.052,479.402,287.706,1691.58,324.914,6.34577e+06,215.617,222.907,74100
2014-09-14,251.271,542.473,325.572,2021.39,367.673,6.34531e+06,243.993,362.558,74100
2014-09-21,284.325,613.82,368.41,2394.59,416.046,6.34479e+06,276.094,326.219,74100
2014-09-28,321.714,694.521,416.869,2816.9,470.766,6.3442e+06,312.407,310.518,74100
2014-07-13,85.2868,185.571,115.252,121.265,125.004,6.34794e+06,88.3908,99.369,74150
2014-07-20,97.6144,211.693,127.315,251.327,142.125,6.34776e+06,100.497,72.8886,74150
2014-07-27,110.991,240.059,143.731,396.999,162.088,6.34756e+06,114.613,104.873,74150
2014-08-03,125.897,272.132,162.878,561.87,184.017,6.34733e+06,130.119,133.998,74150
2014-08-10,142.737,308.501,184.655,748.758,208.666,6.34707e+06,147.548,112.634,74150
2014-08-17,161.817,349.733,209.344,960.634,236.565,6.34677e+06,167.276,180.309,74150
2014-08-24,183.442,396.466,237.327,1200.83,268.184,6.34643e+06,189.634,195.906,74150
2014-08-31,207.953,449.433,269.043,1473.14,304.021,6.34605e+06,214.974,200.55,74150
2014-09-07,235.732,509.461,304.99,1781.83,344.638,6.34562e+06,243.695,171.307,74150
2014-09-14,267.213,577.485,345.729,2131.76,390.669,6.34513e+06,276.243,266.691,74150
2014-09-21,302.887,654.565,391.897,2528.43,442.833,6.34457e+06,313.129,340.718,74150
2014-09-28,343.308,741.901,444.213,2978.05,501.942,6.34394e+06,354.925,413.371,74150
2014-07-13,109.853,237.816,149.077,157.094,161.617,6.3478e+06,104.137,82.5169,74200
2014-07-20,124.691,269.128,163.632,324.817,182.278,6.34757e+06,117.45,131.842,74200
2014-07-27,140.666,302.836,183.337,511.327,206.215,6.34731e+06,132.874,142.73,74200
2014-08-03,158.324,340.648,206.159,720.8,232.296,6.34702e+06,149.679,123.593,74200
2014-08-10,178.116,383.191,231.919,956.416,261.376,6.3467e+06,168.417,106.15,74200
2014-08-17,200.364,431.047,260.897,1221.47,294.035,6.34634e+06,189.46,203.683,74200
2014-08-24,225.386,484.867,293.485,1519.64,330.758,6.34593e+06,213.123,173.568,74200
2014-08-31,253.524,545.39,330.134,1855.05,372.057,6.34547e+06,239.734,211.419,74200
2014-09-07,285.165,613.445,371.347,2232.34,418.5,6.34495e+06,269.659,251.973,74200
2014-09-14,320.743,689.963,417.69,2656.72,470.722,6.34436e+06,303.308,315.983,74200
2014-09-21,360.745,775.99,469.799,3134.05,529.439,6.34371e+06,341.142,387.206,74200
2014-09-28,405.714,872.696,528.384,3670.91,595.453,6.34297e+06,383.678,412.556,74200
2014-07-13,92.7577,204.363,124.034,130.006,134.684,6.3479e+06,80.4027,84.2403,74250
2014-07-20,108.376,237.8,139.222,271.053,156.235,6.34769e+06,93.268,102.859,74250
2014-07-27,125.654,274.89,160.166,431.879,181.77,6.34746e+06,108.512,95.3161,74250
2014-08-03,145.298,317.658,185.021,617.413,210.389,6.34718e+06,125.597,146.125,74250
2014-08-10,167.928,367.094,213.828,831.804,243.198,6.34687e+06,145.183,96.9451,74250
2014-08-17,194.066,424.225,247.119,1079.57,281.062,6.34651e+06,167.787,164.392,74250
2014-08-24,224.266,490.233,285.583,1365.92,324.805,6.34608e+06,193.9,165.305,74250
2014-08-31,259.158,566.493,330.023,1696.82,375.344,6.3456e+06,224.071,248.809,74250
2014-09-07,299.467,654.588,381.365,2079.21,433.733,6.34504e+06,258.927,240.78,74250
2014-09-14,346.03,756.347,440.678,2521.08,501.183,6.34439e+06,299.194,273.922,74250
2014-09-21,399.813,873.877,509.192,3031.66,579.096,6.34364e+06,345.706,345.264,74250
2014-09-28,461.929,1009.61,588.328,3621.61,669.085,6.34277e+06,399.426,482.793,74250
2014-07-13,79.8501,173.983,107.78,113.356,116.914,6.34798e+06,76.2935,53.7149,74300
2014-07-20,91.6006,198.911,119.27,235.088,133.222,6.34781e+06,86.935,77.7182,74300
2014-07-27,104.378,226.044,134.93,371.699,152.271,6.34761e+06,99.3657,58.9398,74300
2014-08-03,118.649,256.79,153.23,526.641,173.242,6.34739e+06,113.051,84.2634,74300
2014-08-10,134.806,291.729,174.087,702.65,196.866,6.34715e+06,128.467,84.9529,74300
2014-08-17,153.151,331.424,197.784,902.618,223.664,6.34687e+06,145.954,136.253,74300
2014-08-24,173.989,376.513,224.699,1129.8,254.099,6.34654e+06,165.814,195.489,74300
2014-08-31,197.658,427.726,255.272,1387.9,288.669,6.34618e+06,188.373,112.533,74300
2014-09-07,224.54,485.89,289.996,1681.11,327.933,6.34577e+06,213.995,166.181,74300
2014-09-14,255.071,551.944,329.434,2014.2,372.528,6.3453e+06,243.096,150.904,74300
2014-09-21,289.742,626.955,374.224,2392.58,423.172,6.34477e+06,276.144,183.85,74300
2014-09-28,329.112,712.128,425.088,2822.4,480.683,6.34416e+06,313.673,317.885,74300
2014-07-13,73.5523,159.754,99.5425,104.792,107.948,6.34801e+06,77.8688,62.4899,74350
2014-07-20,83.9383,181.731,109.714,217.006,122.385,6.34786e+06,88.2831,54.7151,74350
2014-07-27,95.1775,205.523,123.532,342.37,139.182,6.34768e+06,100.4,90.3046,74350
2014-08-03,107.666,232.351,139.608,483.874,157.581,6.34749e+06,113.672,111.344,74350
2014-08-10,121.738,262.691,157.845,643.84,178.203,6.34726e+06,128.548,143.174,74350
2014-08-17,137.637,296.994,178.465,824.704,201.483,6.34701e+06,145.341,63.6869,74350
2014-08-24,155.61,335.772,201.773,1029.19,227.795,6.34673e+06,164.321,184.663,74350
2014-08-31,175.925,379.604,228.12,1260.38,257.538,6.34641e+06,185.777,160.071,74350
2014-09-07,198.889,429.147,257.901,1521.76,291.158,6.34604e+06,210.028,175.994,74350
2014-09-14,224.843,485.141,291.563,1817.25,329.158,6.34563e+06,237.44,190.625,74350
2014-09-21,254.177,548.423,329.61,2151.31,372.106,6.34517e+06,268.421,138.209,74350
2014-09-28,287.328,619.937,372.609,2528.96,420.645,6.34464e+06,303.435,271.264,74350
2014-07-13,112.839,244.732,152.895,161.029,165.784,6.34778e+06,108.831,118.525,74400
2014-07-20,128.468,277.761,168.212,333.237,187.525,6.34754e+06,123.104,148.512,74400
2014-07-27,145.342,313.43,188.988,525.234,212.773,6.34728e+06,139.678,102.231,74400
2014-08-03,164.048,353.556,213.111,741.473,240.362,6.34698e+06,157.789,280.409,74400
2014-08-10,185.074,398.83,240.415,985.384,271.214,6.34664e+06,178.043,246.206,74400
2014-08-17,208.778,449.901,271.214,1260.54,305.96,6.34626e+06,200.852,250.232,74400
2014-08-24,235.51,507.498,305.95,1570.95,345.141,6.34583e+06,226.573,255.931,74400
2014-08-31,265.657,572.449,345.122,1921.1,389.327,6.34535e+06,255.58,310.089,74400
2014-09-07,299.652,645.688,389.297,2316.09,439.156,6.3448e+06,288.29,243.399,74400
2014-09-14,337.983,728.265,439.11,2761.61,495.342,6.34418e+06,325.175,212.164,74400
2014-09-21,381.199,821.361,495.276,3264.14,558.692,6.34349e+06,366.762,525.478,74400
2014-09-28,429.919,926.306,558.6,3830.93,630.114,6.3427e+06,413.648,643.602,74400
2014-07-13,114.959,245.166,157.944,167.174,171.001,6.34776e+06,108.002,124.956,74450
2014-07-20,127.334,270.966,170.171,343.309,188.363,6.34754e+06,118.967,113.225,74450
2014-07-27,140.359,298.044,186.474,535.112,208.106,6.34729e+06,131.437,165.854,74450
2014-08-03,154.416,327.718,204.975,745.722,229.111,6.34702e+06,144.703,112.676,74450
2014-08-10,169.809,360.353,225.398,977.287,251.988,6.34672e+06,159.152,199.301,74450
2014-08-17,186.723,396.238,247.856,1231.93,277.096,6.34639e+06,175.01,201.941,74450
2014-08-24,205.316,435.687,272.542,1511.93,304.691,6.34602e+06,192.439,241.65,74450
2014-08-31,225.755,479.05,299.68,1819.82,335.027,6.34563e+06,211.598,208.733,74450
2014-09-07,248.22,526.713,329.51,2158.36,368.372,6.34519e+06,232.658,181.835,74450
2014-09-14,272.913,579.098,362.299,2530.6,405.024,6.34471e+06,255.807,252.583,74450
2014-09-21,300.052,636.67,398.339,2939.86,445.308,6.34418e+06,281.25,245.989,74450
2014-09-28,329.877,699.937,437.947,3389.84,489.58,6.34359e+06,309.212,347.123,74450
2014-07-13,105.589,227.978,143.608,151.451,155.651,6.34782e+06,90.7277,74.9383,74500
2014-07-20,119.33,256.911,157.104,312.764,174.809,6.3476e+06,101.895,113.752,74500
2014-07-27,134.064,287.919,175.326,491.475,196.932,6.34736e+06,114.79,110.652,74500
2014-08-03,150.28,322.557,196.353,691.381,220.934,6.34709e+06,128.781,159.957,74500
2014-08-10,168.382,361.372,219.993,915.326,247.585,6.34678e+06,144.315,150.787,74500
2014-08-17,188.648,404.859,246.478,1166.23,277.392,6.34644e+06,161.69,160.827,74500
2014-08-24,211.348,453.568,276.143,1447.34,310.775,6.34606e+06,181.149,178.913,74500
2014-08-31,236.773,508.122,309.37,1762.28,348.165,6.34563e+06,202.943,202.315,74500
2014-09-07,265.248,569.218,346.584,2115.11,390.042,6.34515e+06,227.353,322.68,74500
2014-09-14,297.136,637.636,388.263,2510.37,436.942,6.34462e+06,254.691,237.503,74500
2014-09-21,332.845,714.247,434.937,2953.16,489.462,6.34401e+06,285.304,270.639,74500
2014-09-28,372.828,800.024,487.202,3449.17,548.271,6.34334e+06,319.584,398.172,74500
2014-07-13,107.58,235.174,144.808,152.147,157.128,6.34781e+06,82.5992,27.3879,74550
2014-07-20,124.08,270.273,160.917,316.027,179.989,6.34758e+06,94.6171,94.8873,74550
2014-07-27,142.114,308.69,182.948,500.803,206.806,6.34732e+06,108.714,128.443,74550
2014-08-03,162.36,352.445,208.808,711.426,236.484,6.34701e+06,124.315,113.764,74550
2014-08-10,185.4,402.416,238.428,951.893,270.087,6.34667e+06,141.98,168.715,74550
2014-08-17,211.691,459.47,272.248,1226.47,308.398,6.34628e+06,162.119,144.427,74550
2014-08-24,241.702,524.6,310.853,1539.99,352.124,6.34583e+06,185.105,156.31,74550
2014-08-31,275.959,598.939,354.921,1897.96,402.038,6.34532e+06,211.344,223.014,74550
2014-09-07,315.059,683.785,405.221,2306.67,459.011,6.34474e+06,241.293,263.894,74550
2014-09-14,359.683,780.611,462.632,2773.3,524.035,6.34407e+06,275.475,255.819,74550
2014-09-21,410.606,891.1,528.152,3306.02,598.242,6.34331e+06,314.485,258.487,74550
2014-09-28,468.711,1017.16,602.919,3914.17,682.92,6.34245e+06,358.998,387.261,74550
2014-07-13,69.1089,149.348,93.9222,99.0252,101.806,6.34804e+06,86.2205,81.7434,74600
2014-07-20,78.2183,168.545,102.865,204.583,114.502,6.3479e+06,96.972,99.3736,74600
2014-07-27,88.0002,189.15,114.951,321.676,129.178,6.34774e+06,109.402,111.4,74600
2014-08-03,98.7829,212.202,128.916,452.836,145.125,6.34756e+06,122.908,139.098,74600
2014-08-10,110.837,238.072,144.639,599.973,162.859,6.34736e+06,137.927,148.532,74600
2014-08-17,124.352,267.098,162.28,765.055,182.723,6.34713e+06,154.749,165.856,74600
2014-08-24,139.513,299.659,182.068,950.269,205.002,6.34688e+06,173.618,199.253,74600
2014-08-31,156.519,336.183,204.265,1158.07,229.994,6.34659e+06,194.783,170.365,74600
2014-09-07,175.595,377.15,229.164,1391.19,258.027,6.34628e+06,218.524,263.511,74600
2014-09-14,196.99,423.098,257.092,1652.74,289.47,6.34592e+06,245.154,249.086,74600
2014-09-21,220.987,474.631,288.416,1946.15,324.737,6.34552e+06,275.022,282.592,74600
2014-09-28,247.9,532.423,323.548,2275.31,364.29,6.34507e+06,308.519,310.37,74600
2014-07-13,105.382,226.678,143.771,151.792,155.775,6.34782e+06,102.303,110.394,74650
2014-07-20,118.368,253.939,156.549,312.93,173.916,6.34761e+06,114.216,152.213,74650
2014-07-27,132.213,282.968,173.735,490.509,194.764,6.34737e+06,127.908,121.942,74650
2014-08-03,147.36,315.208,193.465,688.027,217.249,6.34711e+06,142.674,107.547,74650
2014-08-10,164.171,351.13,215.524,908.038,242.069,6.34681e+06,158.974,150.125,74650
2014-08-17,182.884,391.145,240.097,1153.13,269.67,6.34648e+06,177.101,95.3316,74650
2014-08-24,203.724,435.712,267.463,1426.17,300.404,6.34612e+06,197.285,105.397,74650
2014-08-31,226.934,485.342,297.941,1730.33,334.632,6.34571e+06,219.763,245.562,74650
2014-09-07,252.78,540.609,331.883,2069.13,372.75,6.34526e+06,244.796,238.722,74650
2014-09-14,281.56,602.147,369.68,2446.53,415.196,6.34475e+06,272.672,190.214,74650
2014-09-21,313.605,670.664,411.767,2866.91,462.46,6.34419e+06,303.712,168.169,74650
2014-09-28,349.283,746.943,458.628,3335.13,515.084,6.34356e+06,338.271,405.611,74650
2014-07-13,156.483,336.918,213.319,225.156,231.15,6.34752e+06,93.2701,91.6464,74700
2014-07-20,176.038,378,232.554,464.377,258.455,6.3472e+06,104.288,122.172,74700
2014-07-27,196.917,421.816,258.447,728.358,289.873,6.34684e+06,116.966,121.892,74700
2014-08-03,219.792,470.544,288.21,1022.4,323.806,6.34645e+06,130.657,100.722,74700
2014-08-10,245.213,524.909,321.53,1350.39,361.314,6.34601e+06,145.792,162.794,74700
2014-08-17,273.548,585.549,358.697,1716.31,403.08,6.34552e+06,162.645,207.391,74700
2014-08-24,305.146,653.171,400.145,2124.51,449.649,6.34497e+06,181.436,162.991,74700
2014-08-31,340.38,728.572,446.363,2579.87,501.579,6.34435e+06,202.39,168.58,74700
2014-09-07,379.666,812.638,497.899,3087.82,559.482,6.34367e+06,225.754,278.962,74700
2014-09-14,423.464,906.354,555.36,3654.39,624.039,6.34291e+06,251.803,158.733,74700
2014-09-21,472.287,1010.82,619.419,4286.34,696.008,6.34206e+06,280.843,288.394,74700
2014-09-28,526.707,1127.24,690.828,4991.17,776.231,6.34111e+06,313.213,271.131,74700
2014-07-13,74.5245,164.919,99.2787,103.915,107.847,6.34801e+06,74.7501,77.6974,74750
2014-07-20,87.7136,193.259,112.075,217.121,126.003,6.34784e+06,87.3345,93.5929,74750
2014-07-27,102.406,224.935,129.806,347.032,147.641,6.34765e+06,102.332,92.0834,74750
2014-08-03,119.229,261.716,150.979,497.925,172.066,6.34742e+06,119.261,117.07,74750
2014-08-10,138.747,304.526,175.686,673.485,200.267,6.34716e+06,138.808,144.207,74750
2014-08-17,161.446,354.341,204.434,877.775,233.038,6.34685e+06,161.522,170.448,74750
2014-08-24,187.854,412.296,237.88,1115.49,271.16,6.3465e+06,187.945,206.18,74750
2014-08-31,218.577,479.716,276.789,1392.09,315.511,6.34608e+06,218.685,195.563,74750
2014-09-07,254.315,558.14,322.054,1713.93,367.104,6.3456e+06,254.445,345.271,74750
2014-09-14,295.885,649.359,374.708,2088.4,427.119,6.34504e+06,296.042,276.249,74750
2014-09-21,344.236,755.449,435.954,2524.08,496.926,6.34439e+06,344.426,329.858,74750
2014-09-28,400.467,878.823,507.187,3030.96,578.113,6.34363e+06,400.698,455.669,74750
2014-07-13,95.5889,208.008,129.163,135.898,140.093,6.34788e+06,89.4317,124.823,74800
2014-07-20,109.424,237.326,142.699,281.667,159.306,6.34768e+06,101.697,133.022,74800
2014-07-27,124.438,269.167,161.124,444.954,181.712,6.34745e+06,116,88.7672,74800
2014-08-03,141.171,305.175,182.616,629.79,206.327,6.34719e+06,131.714,79.2182,74800
2014-08-10,160.078,346.011,207.063,839.341,233.999,6.3469e+06,149.379,191.665,74800
2014-08-17,181.502,392.312,234.783,1076.95,265.325,6.34656e+06,169.376,188.592,74800
2014-08-24,205.788,444.799,266.205,1346.36,300.831,6.34619e+06,192.042,130.156,74800
2014-08-31,233.317,504.292,301.823,1651.82,341.079,6.34576e+06,217.736,255.424,74800
2014-09-07,264.52,571.724,342.197,1998.14,386.7,6.34527e+06,246.859,237.856,74800
2014-09-14,299.886,648.146,387.959,2390.79,438.409,6.34472e+06,279.869,269.128,74800
2014-09-21,339.965,734.75,439.824,2835.94,497.012,6.3441e+06,317.279,275.87,74800
2014-09-28,385.382,832.884,498.601,3340.58,563.423,6.34339e+06,359.675,445.375,74800
2014-07-13,132.656,286.448,180.404,190.251,195.534,6.34766e+06,94.9845,102.129,74850
2014-07-20,149.945,322.856,197.385,392.91,219.639,6.34739e+06,106.694,95.6372,74850
2014-07-27,168.486,361.879,220.313,617.459,247.477,6.34708e+06,120.216,99.1991,74850
2014-08-03,188.895,405.475,246.774,868.68,277.682,6.34674e+06,134.889,136.986,74850
2014-08-10,211.679,454.334,276.526,1150.15,311.226,6.34636e+06,151.184,206.753,74850
2014-08-17,237.191,509.077,309.863,1465.56,348.746,6.34593e+06,169.41,179.137,74850
2014-08-24,265.767,570.399,347.206,1818.99,390.769,6.34545e+06,189.823,118.212,74850
2014-08-31,297.776,639.084,389.035,2215,437.841,6.34491e+06,212.69,224.987,74850
2014-09-07,333.627,716.009,435.888,2658.71,490.565,6.34431e+06,238.301,312.241,74850
2014-09-14,373.778,802.154,488.363,3155.85,549.615,6.34363e+06,266.986,246.912,74850
2014-09-21,418.739,898.615,547.129,3712.83,615.742,6.34287e+06,299.109,283.964,74850
2014-09-28,469.082,1006.62,612.936,4336.81,689.79,6.34202e+06,335.078,217.103,74850
2014-07-13,101.012,217.011,137.949,145.698,149.451,6.34785e+06,87.5394,92.5177,74900
2014-07-20,113.231,242.637,149.98,300.199,166.531,6.34764e+06,97.5439,80.3895,74900
2014-07-27,126.235,269.869,166.141,470.169,186.131,6.34742e+06,109.024,124.44,74900
2014-08-03,140.434,300.055,184.663,658.875,207.229,6.34717e+06,121.382,79.0769,74900
2014-08-10,156.162,333.626,205.334,868.677,230.473,6.34689e+06,134.997,179.308,74900
2014-08-17,173.638,370.954,228.319,1101.96,256.272,6.34658e+06,150.108,111.444,74900
2014-08-24,193.064,412.45,253.868,1361.36,284.946,6.34623e+06,166.904,196.625,74900
2014-08-31,214.658,458.575,282.27,1649.78,316.822,6.34584e+06,185.575,209.227,74900
2014-09-07,238.661,509.844,313.84,1970.46,352.253,6.34542e+06,206.329,194.961,74900
2014-09-14,265.34,566.825,348.932,2327.01,391.636,6.34494e+06,229.397,205.98,74900
2014-09-21,294.99,630.15,387.934,2723.41,435.407,6.34441e+06,255.035,322.015,74900
2014-09-28,327.941,700.522,431.281,3164.12,484.052,6.34383e+06,283.528,268.082,74900
2014-07-13,88.5757,194.542,118.756,124.594,128.915,6.34792e+06,75.2839,94.5262,74950
2014-07-20,102.957,225.251,132.763,259.379,148.791,6.34773e+06,86.8913,85.3921,74950
2014-07-27,118.79,259.135,152.014,412.376,172.248,6.34751e+06,100.59,99.3085,74950
2014-08-03,136.7,298.015,174.761,588.034,198.405,6.34725e+06,115.865,120.63,74950
2014-08-10,157.232,342.741,201.001,790.038,228.244,6.34696e+06,133.29,111.918,74950
2014-08-17,180.834,394.181,231.18,1022.37,262.514,6.34662e+06,153.303,193.196,74950
2014-08-24,207.973,453.331,265.881,1289.59,301.914,6.34623e+06,176.312,221.133,74950
2014-08-31,239.177,521.34,305.782,1596.9,347.219,6.34579e+06,202.769,214.119,74950
2014-09-07,275.055,599.529,351.659,1950.34,399.31,6.34527e+06,233.189,229.765,74950
2014-09-14,316.301,689.415,404.406,2356.79,459.198,6.34468e+06,268.163,290.991,74950
2014-09-21,363.716,792.738,465.044,2824.2,528.046,6.344e+06,308.368,289.034,74950
2014-09-28,418.216,911.495,534.751,3361.68,607.186,6.34322e+06,354.585,435.131,74950
2014-07-13,130.924,279.666,179.641,190.049,194.519,6.34767e+06,99.5462,168.929,75000
2014-07-20,145.4,309.884,193.933,390.569,214.812,6.34741e+06,109.931,35.4382,75000
2014-07-27,160.671,341.684,213.019,609.415,237.933,6.34713e+06,121.763,182.639,75000
2014-08-03,177.195,376.619,234.725,850.303,262.594,6.34681e+06,134.384,177.185,75000
2014-08-10,195.335,415.133,258.742,1115.81,289.52,6.34646e+06,148.163,198.134,75000
2014-08-17,215.315,457.584,285.215,1408.48,319.143,6.34608e+06,163.323,236.406,75000
2014-08-24,237.331,504.363,314.387,1731.08,351.78,6.34566e+06,180.025,115.294,75000
2014-08-31,261.589,555.906,346.532,2086.68,387.744,6.3452e+06,198.43,210.692,75000
2014-09-07,288.318,612.695,381.951,2478.64,427.37,6.34469e+06,218.709,252.903,75000
2014-09-14,317.767,675.258,420.975,2910.64,471.03,6.34413e+06,241.052,312.624,75000
2014-09-21,350.208,744.178,463.969,3386.78,519.129,6.3435e+06,265.667,377.765,75000
2014-09-28,385.945,820.092,511.333,3911.53,572.116,6.34282e+06,292.783,379.978,75000
2014-07-13,95.8324,208.604,129.458,136.195,140.417,6.34788e+06,88.0888,83.5789,75050
2014-07-20,109.759,238.125,143.082,282.325,159.755,6.34768e+06,100.22,107.526,75050
2014-07-27,124.881,270.204,161.633,446.089,182.315,6.34745e+06,114.373,148.265,75050
2014-08-03,141.742,306.498,183.281,631.554,207.113,6.34719e+06,129.93,77.895,75050
2014-08-10,160.803,347.68,207.918,841.921,235.004,6.34689e+06,147.427,162.414,75050
2014-08-17,182.413,394.395,235.866,1080.57,266.594,6.34656e+06,167.244,150.9,75050
2014-08-24,206.921,447.376,267.563,1351.29,302.415,6.34618e+06,189.717,196.776,75050
2014-08-31,234.715,507.46,303.509,1658.38,343.041,6.34575e+06,215.203,118.577,75050
2014-09-07,266.234,575.592,344.275,2006.73,389.113,6.34526e+06,244.106,252.439,75050
2014-09-14,301.974,652.846,390.504,2401.86,441.357,6.3447e+06,276.88,191.398,75050
2014-09-21,342.497,740.436,442.923,2850.03,500.596,6.34407e+06,314.043,371.673,75050
2014-09-28,388.44,839.733,502.356,3358.36,567.76,6.34336e+06,356.178,297.896,75050
2014-07-13,79.436,175.313,106.066,111.113,115.191,6.34798e+06,63.2836,89.8423,75100
2014-07-20,93.0757,204.556,119.318,231.855,133.994,6.3478e+06,73.6139,88.4209,75100
2014-07-27,108.206,237.09,137.626,369.872,156.325,6.3476e+06,85.8818,99.6703,75100
2014-08-03,125.455,274.706,159.406,529.513,181.421,6.34736e+06,99.6692,97.0989,75100
2014-08-10,145.381,318.305,184.716,714.475,210.272,6.34709e+06,115.519,119.072,75100
2014-08-17,168.459,368.825,214.044,928.805,243.658,6.34677e+06,133.861,129.329,75100
2014-08-24,195.194,427.353,248.02,1177.16,282.332,6.3464e+06,155.107,148.045,75100
2014-08-31,226.167,495.155,287.381,1464.93,327.135,6.34598e+06,179.722,148.255,75100
2014-09-07,262.045,573.692,332.979,1798.37,379.037,6.34548e+06,208.235,199.271,75100
2014-09-14,303.603,664.659,385.799,2184.71,439.157,6.34491e+06,241.264,321.886,75100
2014-09-21,351.736,770.013,446.979,2632.32,508.793,6.34425e+06,279.521,365.916,75100
2014-09-28,407.48,892.015,517.837,3150.91,589.441,6.34348e+06,323.828,283.833,75100
2014-07-13,91.57,199.665,123.523,129.885,134.001,6.34791e+06,95.1092,111.878,75150
2014-07-20,105.172,228.537,136.819,269.46,152.87,6.34771e+06,108.502,122.1,75150
2014-07-27,119.979,260.002,154.953,426.258,174.933,6.34749e+06,124.161,120.028,75150
2014-08-03,136.535,295.696,176.165,604.295,199.249,6.34724e+06,141.42,112.891,75150
2014-08-10,155.301,336.303,200.368,806.765,226.672,6.34695e+06,160.884,126.706,75150
2014-08-17,176.631,382.488,227.896,1037.05,257.814,6.34663e+06,182.987,138.17,75150
2014-08-24,200.887,435.005,259.197,1298.97,293.221,6.34626e+06,208.118,154.781,75150
2014-08-31,228.467,494.718,294.789,1596.86,333.482,6.34584e+06,236.694,295.833,75150
2014-09-07,259.824,562.609,335.259,1935.65,379.26,6.34536e+06,269.186,252.301,75150
2014-09-14,295.476,639.791,381.272,2320.95,431.308,6.34481e+06,306.127,327.291,75150
2014-09-21,336.005,727.529,433.584,2759.11,490.478,6.34419e+06,348.124,425.502,75150
2014-09-28,382.075,827.258,493.052,3257.39,557.742,6.34349e+06,395.865,460.275,75150
2014-07-13,82.3484,178.993,111.378,117.225,120.79,6.34796e+06,84.162,70.2458,75200
2014-07-20,94.0913,203.855,122.874,242.836,137.107,6.34779e+06,95.5311,87.5208,75200
2014-07-27,106.813,230.806,138.503,383.317,156.109,6.34759e+06,108.771,82.693,75200
2014-08-03,120.966,261.229,156.706,542.062,176.948,6.34737e+06,123.29,136.959,75200
2014-08-10,136.931,295.674,177.377,721.723,200.332,6.34712e+06,139.584,116.61,75200
2014-08-17,154.989,334.662,200.775,925.084,226.759,6.34683e+06,157.997,112.429,75200
2014-08-24,175.426,378.784,227.254,1155.27,256.662,6.34651e+06,178.832,125.951,75200
2014-08-31,198.552,428.713,257.218,1415.8,290.501,6.34615e+06,202.41,213.075,75200
2014-09-07,224.721,485.208,291.125,1710.69,328.793,6.34574e+06,229.09,217.018,75200
2014-09-14,254.33,549.13,329.493,2044.44,372.121,6.34527e+06,259.28,289.04,75200
2014-09-21,287.832,621.449,372.905,2422.18,421.146,6.34475e+06,293.438,240.018,75200
2014-09-28,325.733,703.262,422.022,2849.67,476.611,6.34415e+06,332.084,346.051,75200
2014-07-13,107.062,232.223,145.056,152.768,157.285,6.34781e+06,94.3518,89.3477,75250
2014-07-20,121.909,263.605,159.606,316.155,177.938,6.34759e+06,106.741,102.56,75250
2014-07-27,137.942,297.499,179.345,498.342,201.926,6.34734e+06,121.131,129.371,75250
2014-08-03,155.719,335.635,202.266,703.563,228.142,6.34705e+06,136.858,153.208,75250
2014-08-10,175.704,378.671,228.214,935.079,257.464,6.34673e+06,154.447,165.795,75250
2014-08-17,198.237,427.224,257.489,1196.29,290.491,6.34637e+06,174.26,177.132,75250
2014-08-24,223.653,481.991,290.51,1491.01,327.74,6.34596e+06,196.605,185.997,75250
2014-08-31,252.321,543.762,327.755,1823.52,369.755,6.3455e+06,221.808,225.647,75250
2014-09-07,284.653,613.425,369.764,2198.66,417.142,6.34498e+06,250.235,290.591,75250
2014-09-14,321.116,691.985,417.142,2621.87,470.585,6.3444e+06,282.294,284.07,75250
2014-09-21,362.233,780.568,470.572,3099.29,530.853,6.34374e+06,318.448,333.762,75250
2014-09-28,408.595,880.445,530.821,3637.85,598.812,6.34299e+06,359.214,388.095,75250
2014-07-13,119.578,260.962,161.187,169.442,174.873,6.34774e+06,94.0927,99.4902,75300
2014-07-20,137.536,299.109,178.733,351.671,199.776,6.34748e+06,107.492,91.8387,75300
2014-07-27,157.112,340.74,202.687,556.641,228.924,6.34719e+06,123.175,144.775,75300
2014-08-03,179.029,388.031,230.74,789.682,261.093,6.34686e+06,140.485,131.379,75300
2014-08-10,203.904,441.897,262.788,1055.05,297.42,6.34649e+06,160.031,95.5563,75300
2014-08-17,232.214,503.239,299.285,1357.28,338.727,6.34606e+06,182.256,159.203,75300
2014-08-24,264.446,573.079,340.837,1701.48,385.749,6.34557e+06,207.558,175.641,75300
2014-08-31,301.141,652.585,388.144,2093.46,439.284,6.34501e+06,236.363,241.67,75300
2014-09-07,342.913,743.088,442,2539.83,500.23,6.34438e+06,269.155,291.258,75300
2014-09-14,390.461,846.097,503.306,3048.13,569.605,6.34366e+06,306.483,360.372,75300
2014-09-21,444.577,963.329,573.087,3626.92,648.567,6.34284e+06,348.97,251.358,75300
2014-09-28,506.162,1096.73,652.507,4285.93,738.433,6.34191e+06,397.324,226.606,75300
2014-07-13,96.2751,209.811,129.929,136.642,140.943,6.34788e+06,82.8206,65.369,75350
2014-07-20,110.478,239.945,143.815,283.408,160.652,6.34767e+06,94.4017,80.2136,75350
2014-07-27,125.926,272.755,162.745,448.157,183.679,6.34744e+06,107.933,89.7625,75350
2014-08-03,143.183,309.944,184.871,635.068,209.037,6.34718e+06,122.834,147.497,75350
2014-08-10,162.728,352.215,210.096,847.453,237.61,6.34688e+06,139.624,148.574,75350
2014-08-17,184.926,400.251,238.762,1088.82,270.031,6.34654e+06,158.675,156.468,75350
2014-08-24,210.145,454.829,271.33,1363.11,306.86,6.34615e+06,180.317,114.975,75350
2014-08-31,238.797,516.833,308.332,1674.81,348.704,6.34571e+06,204.905,181.525,75350
2014-09-07,271.347,587.268,350.369,2029.02,396.241,6.34521e+06,232.838,185.011,75350
2014-09-14,308.321,667.274,398.123,2431.5,450.243,6.34464e+06,264.571,329.716,75350
2014-09-21,350.319,758.146,452.369,2888.84,511.583,6.344e+06,300.615,144.989,75350
2014-09-28,398.018,861.347,513.983,3408.48,581.253,6.34327e+06,341.555,368.752,75350
2014-07-13,133.677,291.583,180.27,189.532,195.567,6.34765e+06,83.4453,109.267,75400
2014-07-20,153.624,333.934,199.764,393.272,223.234,6.34737e+06,95.2503,132.757,75400
2014-07-27,175.348,380.113,226.362,622.27,255.596,6.34705e+06,109.059,94.6333,75400
2014-08-03,199.651,432.525,257.488,882.425,291.282,6.34668e+06,124.285,140.172,75400
2014-08-10,227.211,492.177,293.019,1178.44,331.547,6.34626e+06,141.466,130.63,75400
2014-08-17,258.552,560.051,333.45,1515.3,377.292,6.34578e+06,160.985,154.723,75400
2014-08-24,294.204,637.264,379.442,1898.64,429.326,6.34524e+06,183.186,189.219,75400
2014-08-31,334.759,725.09,431.762,2334.83,488.517,6.34462e+06,208.442,212.497,75400
2014-09-07,380.886,824.977,491.274,2831.16,555.844,6.34392e+06,237.17,168.246,75400
2014-09-14,433.347,938.571,558.962,3395.89,632.418,6.34312e+06,269.843,250.517,75400
2014-09-21,493.002,1067.74,635.941,4038.42,719.5,6.34221e+06,306.999,312.336,75400
2014-09-28,560.831,1214.59,723.476,4769.4,818.52,6.34118e+06,349.249,344.867,75400
2014-07-13,88.7082,193.734,119.503,125.596,129.658,6.34792e+06,79.0224,54.8895,75450
2014-07-20,102.152,222.309,132.634,260.759,148.294,6.34773e+06,90.3802,92.287,75450
2014-07-27,116.824,253.534,150.574,412.947,170.128,6.34752e+06,103.687,105.774,75450
2014-08-03,133.271,289.047,171.606,586.169,194.254,6.34727e+06,118.391,109.049,75450
2014-08-10,151.959,329.546,195.661,783.644,221.53,6.34699e+06,135.015,122.205,75450
2014-08-17,173.255,375.721,223.086,1008.8,252.583,6.34667e+06,153.941,165.331,75450
2014-08-24,197.529,428.356,254.349,1265.51,287.976,6.3463e+06,175.511,197.5,75450
2014-08-31,225.198,488.35,289.984,1558.2,328.319,6.34589e+06,200.099,228.879,75450
2014-09-07,256.735,556.728,330.602,1891.88,374.303,6.34541e+06,228.125,253.388,75450
2014-09-14,292.678,634.655,376.897,2272.3,426.713,6.34487e+06,260.067,260.414,75450
2014-09-21,333.639,723.458,429.659,2705.98,486.442,6.34426e+06,296.47,246.465,75450
2014-09-28,380.315,824.644,489.786,3200.36,554.508,6.34355e+06,337.954,327.034,75450
2014-07-13,122.584,266.551,165.743,174.425,179.757,6.34772e+06,88.547,77.2548,75500
2014-07-20,140.152,303.758,182.94,361.393,204.165,6.34746e+06,100.57,77.7975,75500
2014-07-27,159.196,344.114,206.327,570.607,232.601,6.34717e+06,114.578,82.2022,75500
2014-08-03,180.393,389.694,233.578,807.159,263.802,6.34684e+06,129.947,109.827,75500
2014-08-10,204.315,441.323,264.541,1075.03,298.834,6.34646e+06,147.204,184.227,75500
2014-08-17,231.388,499.79,299.605,1378.41,338.444,6.34604e+06,166.715,146.578,75500
2014-08-24,262.04,565.986,339.304,1722,383.284,6.34556e+06,188.803,185.617,75500
2014-08-31,296.742,640.925,384.249,2111.1,434.05,6.34502e+06,213.81,225,75500
2014-09-07,336.025,725.754,435.132,2551.74,491.521,6.3444e+06,242.12,210.227,75500
2014-09-14,380.492,821.768,492.731,3050.72,556.577,6.3437e+06,274.166,254.004,75500
2014-09-21,430.82,930.433,557.929,3615.73,630.213,6.34292e+06,310.438,387.046,75500
2014-09-28,487.775,1053.4,631.719,4255.49,713.55,6.34202e+06,351.49,460.819,75500
2014-07-13,101.669,222.745,136.596,143.421,148.247,6.34785e+06,79.7599,95.6383,75550
2014-07-20,117.692,256.891,152.222,298.218,170.422,6.34762e+06,91.6904,84.9456,75550
2014-07-27,135.265,294.407,173.642,473.306,196.508,6.34737e+06,105.725,99.249,75550
2014-08-03,155.063,337.286,198.863,673.563,225.479,6.34709e+06,121.312,125.583,75550
2014-08-10,177.673,386.423,227.848,902.977,258.399,6.34676e+06,139.024,150.854,75550
2014-08-17,203.561,442.718,261.056,1165.83,296.06,6.34638e+06,159.286,168.687,75550
2014-08-24,233.214,507.201,299.093,1466.98,339.192,6.34594e+06,182.492,203.18,75550
2014-08-31,267.178,581.055,342.661,1812.01,388.597,6.34545e+06,209.073,230.777,75550
2014-09-07,306.077,665.636,392.561,2207.3,445.182,6.34488e+06,239.516,155.85,75550
2014-09-14,350.624,762.492,449.711,2660.13,509.986,6.34423e+06,274.382,204.858,75550
2014-09-21,401.635,873.395,515.157,3178.88,584.195,6.34348e+06,314.308,332.318,75550
2014-09-28,460.04,1000.37,590.098,3773.11,669.167,6.34263e+06,360.025,292.795,75550
2014-07-13,93.4685,204.357,125.798,132.167,136.503,6.34789e+06,85.8469,92.6611,75600
2014-07-20,107.831,234.912,139.819,274.547,156.4,6.34769e+06,98.3606,54.3636,75600
2014-07-27,123.532,268.365,158.997,435.115,179.745,6.34746e+06,113.042,59.8264,75600
2014-08-03,141.164,306.476,181.514,618.185,205.587,6.3472e+06,129.295,106.745,75600
2014-08-10,161.234,350.013,207.31,827.244,234.856,6.3469e+06,147.702,167.08,75600
2014-08-17,184.142,399.734,236.772,1066.02,268.233,6.34656e+06,168.692,212.454,75600
2014-08-24,210.3,456.509,270.412,1338.71,306.339,6.34617e+06,192.657,136.558,75600
2014-08-31,240.165,521.33,308.822,1650.15,349.848,6.34573e+06,220.021,218.533,75600
2014-09-07,274.263,595.334,352.677,2005.82,399.525,6.34522e+06,251.263,230.098,75600
2014-09-14,313.19,679.814,402.746,2411.99,456.24,6.34464e+06,286.931,305.019,75600
2014-09-21,357.625,776.245,459.904,2875.82,520.983,6.34398e+06,327.648,389.85,75600
2014-09-28,408.345,886.306,525.15,3405.46,594.885,6.34322e+06,374.125,492.882,75600
2014-07-13,90.5213,199.665,120.926,126.703,131.322,6.34791e+06,80.0712,31.9334,75650
2014-07-20,105.964,232.757,135.934,264.313,152.618,6.34771e+06,93.0558,97.3565,75650
2014-07-27,123.078,269.537,156.656,421.48,177.889,6.34748e+06,108.464,118.606,75650
2014-08-03,142.572,312.024,181.287,603.113,206.263,6.34721e+06,125.765,134.743,75650
2014-08-10,165.07,361.223,209.885,813.368,238.853,6.3469e+06,145.636,117.405,75650
2014-08-17,191.102,418.18,242.992,1056.79,276.529,6.34654e+06,168.608,151.657,75650
2014-08-24,221.233,484.106,281.311,1338.6,320.134,6.34612e+06,195.195,181.796,75650
2014-08-31,256.106,560.405,325.663,1664.85,370.603,6.34564e+06,225.968,200.105,75650
2014-09-07,296.465,648.703,376.995,2042.54,429.014,6.34509e+06,261.583,284.321,75650
2014-09-14,343.17,750.878,436.402,2479.74,496.611,6.34444e+06,302.798,236.845,75650
2014-09-21,397.213,869.099,505.146,2985.83,574.832,6.34369e+06,350.492,261.957,75650
2014-09-28,459.739,1005.87,584.689,3571.62,665.337,6.34283e+06,405.676,390.519,75650
2014-07-13,103.098,225.638,138.641,145.615,150.452,6.34784e+06,75.0796,88.8935,75700
2014-07-20,119.139,259.79,154.291,302.627,172.662,6.34761e+06,86.1631,100.376,75700
2014-07-27,136.701,297.245,175.721,479.951,198.754,6.34736e+06,99.1835,109.005,75700
2014-08-03,156.454,339.982,200.917,682.438,227.683,6.34707e+06,113.62,90.5162,75700
2014-08-10,178.974,388.877,229.826,914.027,260.499,6.34674e+06,129.996,171.798,75700
2014-08-17,204.717,444.803,262.892,1178.94,297.979,6.34636e+06,148.699,144.663,75700
2014-08-24,234.157,508.759,300.706,1481.96,340.835,6.34592e+06,170.086,162.206,75700
2014-08-31,267.821,581.89,343.947,1828.56,389.842,6.34543e+06,194.542,229.593,75700
2014-09-07,306.313,665.506,393.393,2225,445.88,6.34486e+06,222.507,220.85,75700
2014-09-14,350.323,761.102,449.929,2678.41,509.953,6.34421e+06,254.481,295.382,75700
2014-09-21,400.635,870.382,514.567,3196.98,583.206,6.34347e+06,291.036,265.619,75700
2014-09-28,458.147,995.291,588.462,3790.03,666.946,6.34262e+06,332.824,333.479,75700
2014-07-13,125.055,268.999,170.608,180.126,184.853,6.34771e+06,96.7978,127.027,75750
2014-07-20,140.468,301.356,185.775,371.344,206.385,6.34745e+06,108.073,121.071,75750
2014-07-27,156.901,335.812,206.173,582.077,231.131,6.34717e+06,121.031,122.071,75750
2014-08-03,174.881,374.078,229.592,816.477,257.819,6.34685e+06,135.006,143.908,75750
2014-08-10,194.833,416.713,255.774,1077.57,287.279,6.34651e+06,150.432,125.393,75750
2014-08-17,217.043,464.205,284.94,1368.45,320.038,6.34612e+06,167.586,131.325,75750
2014-08-24,241.777,517.097,317.42,1692.48,356.514,6.34568e+06,186.687,194.574,75750
2014-08-31,269.321,575.995,353.592,2053.44,397.137,6.3452e+06,207.959,182.184,75750
2014-09-07,299.993,641.578,393.872,2455.54,442.373,6.34466e+06,231.647,188.499,75750
2014-09-14,334.144,714.598,438.726,2903.43,492.742,6.34406e+06,258.023,261.414,75750
2014-09-21,372.167,795.891,488.666,3402.31,548.825,6.34339e+06,287.39,305.897,75750
2014-09-28,414.496,886.385,544.268,3957.97,611.261,6.34265e+06,320.085,249.168,75750
2014-07-13,86.5477,189.016,116.592,122.537,126.5,6.34794e+06,80.499,69.6725,75800
2014-07-20,99.6651,216.896,129.404,254.408,144.683,6.34775e+06,92.0695,81.2172,75800
2014-07-27,113.98,247.364,146.908,402.89,165.986,6.34754e+06,105.626,135.322,75800
2014-08-03,130.027,282.014,167.429,571.895,189.526,6.3473e+06,120.605,127.552,75800
2014-08-10,148.262,321.53,190.899,764.564,216.14,6.34702e+06,137.542,135.275,75800
2014-08-17,169.041,366.584,217.659,984.243,246.439,6.34671e+06,156.822,161.46,75800
2014-08-24,192.727,417.943,248.163,1234.71,280.973,6.34636e+06,178.798,115.236,75800
2014-08-31,219.725,476.484,282.934,1520.28,320.338,6.34595e+06,203.848,244.229,75800
2014-09-07,250.498,543.206,322.568,1845.85,365.207,6.34549e+06,232.401,245.682,75800
2014-09-14,285.571,619.247,367.741,2217.03,416.348,6.34496e+06,264.945,222.183,75800
2014-09-21,325.541,705.903,419.226,2640.18,474.632,6.34436e+06,302.034,318.99,75800
2014-09-28,371.089,804.644,477.899,3122.55,541.052,6.34367e+06,344.301,404.688,75800
2014-07-13,99.7687,215.973,135.399,142.682,146.787,6.34786e+06,87.5669,97.3233,75850
2014-07-20,113.234,244.388,148.608,295.011,165.537,6.34765e+06,98.7524,78.532,75850
2014-07-27,127.731,274.975,166.49,464.388,187.26,6.34742e+06,111.711,77.4642,75850
2014-08-03,143.753,309.283,187.199,654.605,210.926,6.34716e+06,125.829,159.149,75850
2014-08-10,161.711,347.882,210.573,868.543,237.312,6.34686e+06,141.57,125.662,75850
2014-08-17,181.897,391.299,236.865,1109.19,266.943,6.34653e+06,159.247,140.646,75850
2014-08-24,204.596,440.125,266.431,1379.89,300.26,6.34616e+06,179.122,174.59,75850
2014-08-31,230.123,495.028,299.679,1684.37,337.727,6.34574e+06,201.473,230.986,75850
2014-09-07,258.826,556.762,337.067,2026.84,379.858,6.34527e+06,226.607,145.31,75850
2014-09-14,291.099,626.171,379.107,2412.03,427.23,6.34474e+06,254.867,170.201,75850
2014-09-21,327.384,704.203,426.375,2845.25,480.492,6.34415e+06,286.641,202.262,75850
2014-09-28,368.174,791.921,479.516,3332.48,540.371,6.34348e+06,322.362,334.645,75850
2014-07-13,96.4595,211.083,129.727,136.258,140.777,6.34788e+06,80.4933,100.824,75900
2014-07-20,111.444,242.985,144.348,283.164,161.527,6.34767e+06,92.3578,81.0075,75900
2014-07-27,127.848,277.965,164.367,449.046,185.9,6.34743e+06,106.294,89.8223,75900
2014-08-03,146.295,317.871,187.899,638.431,212.918,6.34716e+06,121.742,113.929,75900
2014-08-10,167.321,363.519,214.896,854.995,243.561,6.34685e+06,139.263,122.27,75900
2014-08-17,191.354,415.723,245.769,1102.67,278.552,6.34649e+06,159.27,151.431,75900
2014-08-24,218.832,475.412,281.068,1385.93,318.556,6.34609e+06,182.144,199.218,75900
2014-08-31,250.248,543.653,321.427,1709.87,364.295,6.34562e+06,208.296,244.883,75900
2014-09-07,286.165,621.666,367.57,2080.31,416.587,6.34509e+06,238.196,195.162,75900
2014-09-14,327.222,710.842,420.321,2503.93,476.367,6.34449e+06,272.376,252.562,75900
2014-09-21,374.154,812.769,480.623,2988.33,544.702,6.34379e+06,311.449,338.875,75900
2014-09-28,427.793,929.258,549.549,3542.21,622.808,6.343e+06,356.108,343.666,75900
2014-07-13,128.487,280.951,172.913,181.662,187.629,6.34769e+06,84.6902,121.552,75950
2014-07-20,148.257,323.013,192.212,377.38,215.017,6.34741e+06,97.0523,85.1754,75950
2014-07-27,169.872,369.069,218.611,598.134,247.153,6.34709e+06,111.558,101.598,75950
2014-08-03,194.148,421.544,249.61,849.865,282.73,6.34673e+06,127.616,115.787,75950
2014-08-10,221.783,481.494,285.127,1137.38,323.029,6.34632e+06,145.806,130.495,75950
2014-08-17,253.328,549.965,325.695,1465.8,368.989,6.34586e+06,166.551,161.725,75950
2014-08-24,289.35,628.152,372.018,1840.94,421.464,6.34532e+06,190.237,233.657,75950
2014-08-31,330.48,717.424,424.913,2269.43,481.383,6.34471e+06,217.282,231.321,75950
2014-09-07,377.439,819.34,485.309,2758.83,549.797,6.34401e+06,248.163,231.321,75950
2014-09-14,431.047,935.681,554.262,3317.78,627.902,6.34321e+06,283.417,286.302,75950
2014-09-21,492.239,1068.47,632.977,3956.12,717.063,6.3423e+06,323.661,324.445,75950
2014-09-28,562.079,1220.01,722.825,4685.11,818.83,6.34126e+06,369.596,410.213,75950
2014-07-13,81.6064,179.617,109.215,114.509,118.581,6.34797e+06,69.7984,55.9659,76000
2014-07-20,95.1907,208.675,122.431,238.627,137.335,6.34779e+06,80.8371,61.2537,76000
2014-07-27,110.195,240.854,140.637,379.95,159.528,6.34758e+06,93.9001,116.359,76000
2014-08-03,127.227,277.902,162.213,542.734,184.361,6.34734e+06,108.517,162.946,76000
2014-08-10,146.819,320.662,187.183,730.55,212.786,6.34706e+06,125.249,200.3,76000
2014-08-17,169.414,370.003,215.996,947.278,245.54,6.34675e+06,144.528,155.103,76000
2014-08-24,195.48,426.927,249.236,1197.36,283.324,6.34638e+06,166.768,227.8,76000
2014-08-31,225.552,492.594,287.584,1485.93,326.913,6.34596e+06,192.425,173.822,76000
2014-09-07,260.24,568.341,331.821,1818.89,377.196,6.34547e+06,222.022,238.34,76000
2014-09-14,300.253,655.708,382.851,2203.05,435.199,6.34491e+06,256.164,204.636,76000
2014-09-21,346.402,756.47,441.71,2646.3,502.1,6.34426e+06,295.543,220.508,76000
2014-09-28,399.624,872.668,509.596,3157.67,579.259,6.34351e+06,340.959,231.891,76000
2014-07-13,133.385,289.34,180.711,190.314,195.947,6.34766e+06,84.9615,63.3309,76050
2014-07-20,151.9,328.473,198.855,393.871,221.701,6.34738e+06,96.1281,114.555,76050
2014-07-27,171.894,370.742,223.468,620.871,251.613,6.34706e+06,109.098,130.915,76050
2014-08-03,194.063,418.304,252.053,876.593,284.307,6.34671e+06,123.274,119.305,76050
2014-08-10,218.988,471.978,284.413,1165.11,320.876,6.34631e+06,139.13,148.27,76050
2014-08-17,247.092,532.536,320.924,1490.67,362.068,6.34586e+06,156.991,204.384,76050
2014-08-24,278.792,600.844,362.108,1858.01,408.526,6.34535e+06,177.134,152.912,76050
2014-08-31,314.547,677.887,408.562,2272.48,460.928,6.34478e+06,199.856,223.676,76050
2014-09-07,354.873,764.773,460.957,2740.12,520.032,6.34413e+06,225.483,224.718,76050
2014-09-14,400.349,862.75,520.048,3267.71,586.687,6.3434e+06,254.384,245.705,76050
2014-09-21,451.628,973.221,586.684,3862.93,661.851,6.34258e+06,286.975,344.766,76050
2014-09-28,509.443,1097.77,661.822,4534.39,746.601,6.34165e+06,323.722,447.769,76050
2014-07-13,94.6608,205.935,127.937,134.618,138.76,6.34789e+06,81.8508,78.0403,76100
2014-07-20,108.315,234.865,141.298,278.98,157.724,6.34769e+06,93.0376,106.729,76100
2014-07-27,123.128,266.27,159.48,440.633,179.834,6.34746e+06,106.079,42.6578,76100
2014-08-03,139.629,301.771,180.681,623.545,204.114,6.3472e+06,120.401,133.348,76100
2014-08-10,158.267,342.017,204.788,830.835,231.397,6.34691e+06,136.495,133.825,76100
2014-08-17,179.378,387.63,232.112,1065.78,262.271,6.34659e+06,154.707,164.129,76100
2014-08-24,203.299,439.317,263.072,1332.07,297.25,6.34621e+06,175.34,150.28,76100
2014-08-31,230.405,497.881,298.154,1633.88,336.887,6.34579e+06,198.721,227.336,76100
2014-09-07,261.116,564.232,337.903,1975.92,381.797,6.34531e+06,225.212,227.622,76100
2014-09-14,295.909,639.402,382.94,2363.57,432.679,6.34477e+06,255.226,194.309,76100
2014-09-21,335.325,724.553,433.963,2802.87,490.323,6.34415e+06,289.229,285.367,76100
2014-09-28,379.974,821.003,491.764,3300.69,555.623,6.34346e+06,327.748,312.301,76100
2014-07-13,84.3982,184.867,113.414,119.088,123.085,6.34795e+06,83.8478,84.5803,76150
2014-07-20,97.6652,213.135,126.352,247.596,141.447,6.34777e+06,96.3562,85.136,76150
2014-07-27,112.21,244.18,144.085,392.905,163.041,6.34756e+06,111.067,108.772,76150
2014-08-03,128.592,279.653,164.959,559.047,187.017,6.34732e+06,127.4,133.333,76150
2014-08-10,147.294,320.292,188.941,749.317,214.252,6.34704e+06,145.953,124.37,76150
2014-08-17,168.703,366.838,216.409,967.249,245.4,6.34673e+06,167.171,202.29,76150
2014-08-24,193.218,420.138,247.862,1216.86,281.063,6.34637e+06,191.466,103.782,76150
2014-08-31,221.289,481.17,283.879,1502.74,321.902,6.34596e+06,219.286,315.32,76150
2014-09-07,253.431,551.048,325.121,1830.17,368.663,6.34549e+06,251.14,227.839,76150
2014-09-14,290.231,631.049,372.341,2205.15,422.203,6.34495e+06,287.613,397.932,76150
2014-09-21,332.361,722.632,426.404,2634.59,483.5,6.34433e+06,329.369,241.318,76150
2014-09-28,380.588,827.465,488.295,3126.37,553.671,6.34363e+06,377.171,308.395,76150
2014-07-13,163.761,360.844,218.954,229.486,237.756,6.34748e+06,80.6758,79.8235,76200
2014-07-20,191.375,419.965,245.806,478.491,275.857,6.34711e+06,93.6046,79.3401,76200
2014-07-27,221.926,485.552,282.836,762.469,321.008,6.3467e+06,108.925,86.7875,76200
2014-08-03,256.663,561.185,326.786,1090.13,371.614,6.34622e+06,126.097,181.897,76200
2014-08-10,296.684,648.613,377.729,1468.83,429.635,6.34566e+06,145.785,140.782,76200
2014-08-17,342.91,749.647,436.602,1906.55,496.596,6.34501e+06,168.506,171.956,76200
2014-08-24,396.317,866.376,504.624,2412.48,573.955,6.34427e+06,194.756,196.372,76200
2014-08-31,458.016,1001.22,583.212,2997.22,663.328,6.34341e+06,225.082,212.781,76200
2014-09-07,529.285,1156.96,673.997,3673,766.57,6.34242e+06,260.114,299.874,76200
2014-09-14,611.597,1336.82,778.861,4453.96,885.817,6.34127e+06,300.578,327.899,76200
2014-09-21,706.646,1544.49,899.969,5356.38,1023.53,6.33994e+06,347.306,291.104,76200
2014-09-28,816.382,1784.22,1039.81,6399.07,1182.54,6.33841e+06,401.261,397.561,76200
2014-07-13,93.9193,207.675,125.2,131.079,135.995,6.34789e+06,72.9073,65.3356,76250
2014-07-20,110.396,243.055,141.193,273.772,158.687,6.34768e+06,85.0724,92.6239,76250
2014-07-27,128.727,282.545,163.332,437.334,185.701,6.34744e+06,99.5549,92.4231,76250
2014-08-03,149.69,328.342,189.741,627.081,216.156,6.34716e+06,115.882,127.956,76250
2014-08-10,173.979,381.578,220.519,847.576,251.272,6.34683e+06,134.708,144.597,76250
2014-08-17,202.191,443.445,256.287,1103.84,292.028,6.34644e+06,156.557,144.887,76250
2014-08-24,234.971,515.329,297.846,1401.66,339.378,6.346e+06,181.941,193.882,76250
2014-08-31,273.056,598.843,346.131,1747.76,394.393,6.34548e+06,211.435,178.523,76250
2014-09-07,317.302,695.86,402.23,2149.97,458.308,6.34488e+06,245.7,254.354,76250
2014-09-14,368.699,808.553,467.402,2617.36,532.559,6.34419e+06,285.506,289.531,76250
2014-09-21,428.398,939.44,543.106,3160.46,618.807,6.34338e+06,331.744,373.519,76250
2014-09-28,497.733,1091.44,631.037,3791.51,718.981,6.34244e+06,385.447,334.311,76250
2014-07-13,93.0371,204.412,124.701,130.817,135.373,6.3479e+06,76.5928,72.022,76300
2014-07-20,108.206,236.812,139.471,272.379,156.333,6.34769e+06,88.452,101.968,76300
2014-07-27,124.914,272.581,159.78,433.15,181.08,6.34746e+06,102.454,105.628,76300
2014-08-03,143.825,313.647,183.788,617.833,208.691,6.34719e+06,118.076,109.842,76300
2014-08-10,165.516,360.913,211.498,830.33,240.207,6.34688e+06,135.907,125.018,76300
2014-08-17,190.464,415.303,243.383,1074.86,276.42,6.34653e+06,156.397,149.28,76300
2014-08-24,219.165,477.878,280.066,1356.26,318.079,6.34612e+06,179.967,178.258,76300
2014-08-31,252.183,549.862,322.268,1680.06,366.005,6.34565e+06,207.083,179.59,76300
2014-09-07,290.166,632.664,370.816,2052.65,421.138,6.3451e+06,238.277,243.896,76300
2014-09-14,333.855,727.902,426.663,2481.36,484.557,6.34448e+06,274.159,366.648,76300
2014-09-21,384.103,837.433,490.899,2974.63,557.501,6.34376e+06,315.43,293.83,76300
2014-09-28,441.89,963.387,564.777,3542.14,641.392,6.34294e+06,362.896,407.556,76300
2014-07-13,96.2361,209.458,130.016,136.787,141.021,6.34788e+06,77.2924,70.7399,76350
2014-07-20,110.2,239.055,143.678,283.536,160.411,6.34767e+06,87.9202,112.088,76350
2014-07-27,125.359,271.21,162.277,447.968,183.03,6.34744e+06,100.318,110.375,76350
2014-08-03,142.259,307.583,183.978,634.154,207.888,6.34718e+06,113.942,122.159,76350
2014-08-10,161.361,348.847,208.67,845.301,235.84,6.34689e+06,129.262,106.248,76350
2014-08-17,183.012,395.647,236.677,1084.79,267.493,6.34655e+06,146.611,173.198,76350
2014-08-24,207.562,448.715,268.433,1356.41,303.38,6.34617e+06,166.28,184.277,76350
2014-08-31,235.4,508.885,304.441,1664.48,344.073,6.34574e+06,188.584,174.365,76350
2014-09-07,266.962,577.104,345.269,2013.86,390.212,6.34525e+06,213.872,161.574,76350
2014-09-14,302.744,654.441,391.56,2410.09,442.523,6.34469e+06,242.544,296.915,76350
2014-09-21,343.309,742.109,444.039,2859.44,501.827,6.34406e+06,275.048,291.207,76350
2014-09-28,389.29,841.478,503.531,3369,569.052,6.34335e+06,311.893,365.601,76350
2014-07-13,156.686,334.835,214.916,227.341,232.725,6.34752e+06,104.504,155.94,76400
2014-07-20,174.127,371.252,232.132,467.295,257.169,6.34721e+06,115.481,157.203,76400
2014-07-27,192.536,409.602,255.132,729.328,285.033,6.34686e+06,127.993,58.6187,76400
2014-08-03,212.468,451.757,281.302,1017.93,314.772,6.34649e+06,141.347,133.632,76400
2014-08-10,234.362,498.257,310.276,1336.22,347.26,6.34607e+06,155.935,159.429,76400
2014-08-17,258.489,549.537,342.23,1687.29,383.023,6.34561e+06,171.995,183.999,76400
2014-08-24,285.09,606.076,377.46,2074.5,422.447,6.34511e+06,189.698,236.796,76400
2014-08-31,314.416,668.407,416.302,2501.57,465.912,6.34455e+06,209.215,222.882,76400
2014-09-07,346.746,737.116,459.123,2972.58,513.829,6.34393e+06,230.732,329.023,76400
2014-09-14,382.382,812.849,506.328,3492.03,566.65,6.34326e+06,254.451,230.723,76400
2014-09-21,421.661,896.317,558.36,4064.87,624.872,6.34251e+06,280.595,339.157,76400
2014-09-28,464.948,988.297,615.709,4696.56,689.039,6.34168e+06,309.41,263.9,76400
2014-07-13,78.0965,171.834,104.547,109.626,113.51,6.34799e+06,80.7506,80.1145,76450
2014-07-20,91.0464,199.528,117.149,228.415,131.391,6.34781e+06,93.4712,91.6727,76450
2014-07-27,105.343,230.179,134.501,363.605,152.542,6.34762e+06,108.518,107.147,76450
2014-08-03,121.563,265.449,155.056,519.246,176.197,6.34739e+06,125.346,127.274,76450
2014-08-10,140.211,306.137,178.833,698.728,203.259,6.34713e+06,144.598,152.437,76450
2014-08-17,161.706,353.063,206.255,905.733,234.427,6.34682e+06,166.771,239.198,76450
2014-08-24,186.492,407.174,237.875,1144.48,270.363,6.34647e+06,192.336,260.163,76450
2014-08-31,215.071,469.564,274.335,1419.82,311.799,6.34607e+06,221.814,227.38,76450
2014-09-07,248.022,541.496,316.374,1737.35,359.576,6.34561e+06,255.802,309.372,76450
2014-09-14,286.012,624.423,364.843,2103.54,414.66,6.34507e+06,294.988,351.828,76450
2014-09-21,329.806,720.017,420.722,2525.83,478.163,6.34445e+06,340.165,218.268,76450
2014-09-28,380.289,830.202,485.139,3012.78,551.367,6.34374e+06,392.242,283.516,76450
2014-07-13,130.764,280.619,178.742,188.843,193.626,6.34767e+06,106.09,143.819,76500
2014-07-20,146.319,313.213,194.066,388.9,215.381,6.34741e+06,118.01,97.4932,76500
2014-07-27,162.845,347.782,214.626,608.652,240.312,6.34712e+06,131.67,169.901,76500
2014-08-03,180.858,386.034,238.156,852.222,267.1,6.34679e+06,146.347,100.062,76500
2014-08-10,200.775,428.501,264.37,1122.57,296.559,6.34643e+06,162.489,154.451,76500
2014-08-17,222.866,475.638,293.468,1422.67,329.2,6.34604e+06,180.373,208.83,76500
2014-08-24,247.38,527.945,325.757,1755.8,365.416,6.34559e+06,200.216,230.362,76500
2014-08-31,274.581,585.985,361.586,2125.57,405.603,6.3451e+06,222.235,145.099,76500
2014-09-07,304.763,650.381,401.343,2536.01,450.194,6.34456e+06,246.667,273.249,76500
2014-09-14,338.248,721.822,445.455,2991.56,499.669,6.34395e+06,273.775,227.57,76500
2014-09-21,375.396,801.073,494.395,3497.18,554.557,6.34328e+06,303.849,270.91,76500
2014-09-28,416.603,888.979,548.686,4058.33,615.445,6.34254e+06,337.211,391.381,76500
2014-07-13,74.1631,163.04,99.3539,104.208,107.862,6.34801e+06,73.44,54.9375,76550
2014-07-20,86.3384,189.059,111.206,217.037,124.681,6.34785e+06,84.8915,69.4483,76550
2014-07-27,99.7621,217.814,127.513,345.284,144.554,6.34766e+06,98.4224,92.241,76550
2014-08-03,114.971,250.859,146.807,492.74,166.749,6.34744e+06,113.534,98.7894,76550
2014-08-10,132.432,288.93,169.095,662.558,192.107,6.3472e+06,130.799,136.435,76550
2014-08-17,152.534,332.78,194.767,858.159,221.273,6.34691e+06,150.658,138.264,76550
2014-08-24,175.683,383.277,224.33,1083.45,254.856,6.34658e+06,173.523,226.139,76550
2014-08-31,202.339,441.426,258.374,1342.94,293.53,6.3462e+06,199.855,207.141,76550
2014-09-07,233.034,508.381,297.576,1641.8,338.063,6.34577e+06,230.176,244.914,76550
2014-09-14,268.376,585.469,342.715,1986,389.34,6.34527e+06,265.089,246.792,76550
2014-09-21,309.066,674.219,394.688,2382.41,448.379,6.34469e+06,305.287,290.159,76550
2014-09-28,355.909,776.384,454.524,2838.92,516.348,6.34402e+06,351.565,360.125,76550
2014-07-13,71.3494,156.789,95.6182,100.303,103.803,6.34803e+06,78.1735,73.6642,76600
2014-07-20,83.0057,181.69,106.968,208.861,119.908,6.34787e+06,90.3023,89.0136,76600
2014-07-27,95.8488,209.191,122.576,332.181,138.928,6.34769e+06,104.626,95.2511,76600
2014-08-03,110.39,240.773,141.032,473.881,160.155,6.34748e+06,120.612,96.2814,76600
2014-08-10,127.075,277.136,162.339,636.965,184.392,6.34725e+06,138.865,168.041,76600
2014-08-17,146.269,318.992,186.866,824.69,212.251,6.34697e+06,159.846,142.07,76600
2014-08-24,168.36,367.164,215.092,1040.77,244.31,6.34666e+06,183.989,207.831,76600
2014-08-31,193.782,422.599,247.576,1289.49,281.203,6.3463e+06,211.773,212.823,76600
2014-09-07,223.037,486.388,284.958,1575.77,323.66,6.34588e+06,243.747,248.825,76600
2014-09-14,256.7,559.787,327.975,1905.27,372.516,6.3454e+06,280.54,309.48,76600
2014-09-21,295.432,644.237,377.473,2284.5,428.732,6.34485e+06,322.876,347.265,76600
2014-09-28,339.994,741.392,434.425,2720.96,493.411,6.34421e+06,371.586,540.465,76600
2014-07-13,95.4176,208.272,128.601,135.181,139.523,6.34788e+06,82.4929,51.0373,76650
2014-07-20,109.779,238.783,142.632,280.585,159.436,6.34768e+06,94.2665,78.4543,76650
2014-07-27,125.439,272.093,161.79,444.176,182.749,6.34745e+06,108.051,81.421,76650
2014-08-03,142.977,309.942,184.233,630.221,208.487,6.34718e+06,123.268,149.006,76650
2014-08-10,162.888,353.069,209.88,842.135,237.561,6.34688e+06,140.458,129.768,76650
2014-08-17,185.557,402.197,239.096,1083.55,270.631,6.34654e+06,160.011,142.74,76650
2014-08-24,211.375,458.15,272.37,1358.57,308.29,6.34615e+06,182.277,173.982,76650
2014-08-31,240.779,521.872,310.265,1671.85,351.18,6.34571e+06,207.636,147.44,76650
2014-09-07,274.263,594.434,353.422,2028.72,400.024,6.3452e+06,236.515,211.778,76650
2014-09-14,312.391,677.057,402.568,2435.22,455.645,6.34462e+06,269.401,316.155,76650
2014-09-21,355.805,771.127,458.53,2898.23,518.978,6.34397e+06,306.847,352.008,76650
2014-09-28,405.232,878.22,522.248,3425.6,591.087,6.34322e+06,349.481,191.8,76650
2014-07-13,133.921,290.921,181.218,190.766,196.523,6.34765e+06,94.6984,89.0017,76700
2014-07-20,152.871,331.021,199.776,395.072,222.863,6.34737e+06,107.391,133.782,76700
2014-07-27,173.381,374.442,224.988,623.372,253.513,6.34705e+06,122.16,98.4489,76700
2014-08-03,196.174,423.41,254.327,881.124,287.09,6.34669e+06,138.34,135.208,76700
2014-08-10,221.858,478.792,287.612,1172.57,324.731,6.34629e+06,156.478,164.456,76700
2014-08-17,250.882,541.415,325.249,1502.16,367.225,6.34583e+06,176.955,179.217,76700
2014-08-24,283.692,612.208,367.797,1874.87,415.258,6.34531e+06,200.1,206.989,76700
2014-08-31,320.781,692.229,415.895,2296.33,469.557,6.34472e+06,226.265,202.652,76700
2014-09-07,362.703,782.672,470.264,2772.89,530.933,6.34406e+06,255.84,165.346,76700
2014-09-14,410.082,884.884,531.715,3311.74,600.304,6.34331e+06,289.268,270.317,76700
2014-09-21,463.625,1000.38,601.167,3920.99,678.702,6.34246e+06,327.046,303.532,76700
2014-09-28,524.125,1130.88,679.65,4609.8,767.293,6.34151e+06,369.735,307.38,76700
2014-07-13,98.5709,216.201,132.309,138.872,143.61,6.34786e+06,81.0239,89.4254,76750
2014-07-20,114.318,249.788,147.656,288.913,165.389,6.34765e+06,93.3116,76.9326,76750
2014-07-27,131.617,286.761,168.719,458.896,191.046,6.3474e+06,107.787,112.885,76750
2014-08-03,151.143,329.093,193.56,653.648,219.593,6.34712e+06,123.893,138.217,76750
2014-08-10,173.48,377.689,222.155,877.141,252.088,6.3468e+06,142.227,145.339,76750
2014-08-17,199.101,433.46,254.973,1133.65,289.328,6.34643e+06,163.238,169.652,76750
2014-08-24,228.499,497.454,292.629,1428.05,332.054,6.346e+06,187.343,234.524,76750
2014-08-31,262.23,570.875,335.835,1765.92,381.077,6.34552e+06,215.002,248.561,76750
2014-09-07,300.928,655.106,385.408,2153.67,437.323,6.34495e+06,246.736,277.392,76750
2014-09-14,345.323,751.731,442.28,2598.65,501.85,6.34431e+06,283.142,291.671,76750
2014-09-21,396.247,862.56,507.522,3109.28,575.871,6.34357e+06,324.904,453.602,76750
2014-09-28,454.655,989.668,582.359,3695.21,660.775,6.34273e+06,372.807,380.69,76750
2014-07-13,86.9788,187.4,118.504,125.054,128.417,6.34793e+06,93.1554,86.6747,76800
2014-07-20,97.9587,210.481,129.299,258.001,143.742,6.34775e+06,104.273,116.487,76800
2014-07-27,109.695,235.129,143.843,404.849,161.392,6.34756e+06,117.077,105.452,76800
2014-08-03,122.569,262.573,160.579,568.592,180.478,6.34734e+06,130.922,144.857,76800
2014-08-10,136.894,293.23,179.336,751.437,201.602,6.34709e+06,146.245,149.055,76800
2014-08-17,152.88,327.468,200.284,955.64,225.151,6.34681e+06,163.328,200.547,76800
2014-08-24,170.73,365.697,223.672,1183.69,251.442,6.34651e+06,182.4,120.536,76800
2014-08-31,190.659,408.379,249.787,1438.37,280.795,6.34616e+06,203.693,216.942,76800
2014-09-07,212.909,456.03,278.943,1722.79,313.569,6.34578e+06,227.468,268.255,76800
2014-09-14,237.75,509.226,311.495,2040.39,350.158,6.34535e+06,254.01,266.081,76800
2014-09-21,265.479,568.608,347.835,2395.06,391.005,6.34487e+06,283.641,287.628,76800
2014-09-28,296.433,634.891,388.402,2791.09,436.602,6.34434e+06,316.718,351.702,76800
2014-07-13,80.2457,173.818,108.848,114.682,118.009,6.34797e+06,90.4611,81.3185,76850
2014-07-20,91.1686,196.88,119.559,237.184,133.214,6.34781e+06,102.116,90.6778,76850
2014-07-27,102.94,221.731,134.07,373.517,150.843,6.34762e+06,115.63,89.6705,76850
2014-08-03,115.963,249.634,150.889,526.767,170.07,6.34741e+06,130.368,141.336,76850
2014-08-10,130.573,281.057,169.891,699.293,191.527,6.34717e+06,146.817,130.582,76850
2014-08-17,147.013,316.438,191.286,893.546,215.648,6.3469e+06,165.307,138.833,76850
2014-08-24,165.519,356.267,215.369,1112.26,242.796,6.3466e+06,186.117,192.982,76850
2014-08-31,186.35,401.099,242.479,1358.5,273.356,6.34626e+06,209.543,229.171,76850
2014-09-07,209.798,451.561,272.995,1635.74,307.755,6.34588e+06,235.913,218.445,76850
2014-09-14,236.189,508.355,307.344,1947.87,346.474,6.34545e+06,265.593,329.083,76850
2014-09-21,265.892,572.274,346.004,2299.26,390.053,6.34497e+06,298.998,215.384,76850
2014-09-28,299.319,644.203,389.514,2694.85,439.097,6.34442e+06,336.593,228.313,76850
2014-07-13,114.862,249.194,155.596,163.858,168.717,6.34777e+06,92.5503,81.9601,76900
2014-07-20,130.836,282.963,171.249,339.14,190.936,6.34753e+06,104.738,117.153,76900
2014-07-27,148.092,319.449,192.488,534.649,216.748,6.34726e+06,118.898,70.9407,76900
2014-08-03,167.229,360.514,217.159,754.946,244.968,6.34695e+06,134.378,128.229,76900
2014-08-10,188.752,406.868,245.096,1003.55,276.54,6.34661e+06,151.697,188.931,76900
2014-08-17,213.026,459.182,276.625,1284.13,312.114,6.34622e+06,171.211,165.936,76900
2014-08-24,240.413,518.208,312.198,1600.81,352.246,6.34578e+06,193.226,219.252,76900
2014-08-31,271.314,584.801,352.334,1958.2,397.527,6.34528e+06,218.065,226.642,76900
2014-09-07,306.174,659.925,397.617,2361.53,448.613,6.34472e+06,246.088,246.249,76900
2014-09-14,345.5,744.666,448.703,2816.69,506.244,6.34409e+06,277.702,271.905,76900
2014-09-21,389.857,840.246,506.33,3330.31,571.252,6.34338e+06,313.363,278.994,76900
2014-09-28,439.886,948.04,571.33,3909.89,644.576,6.34258e+06,353.585,423.087,76900
2014-07-13,91.4842,201.906,122.152,127.963,132.661,6.34791e+06,74.6284,96.2864,76950
2014-07-20,107.195,235.589,137.416,267.018,154.319,6.3477e+06,86.8126,77.8951,76950
2014-07-27,124.622,273.064,158.504,425.971,180.041,6.34747e+06,101.282,120.328,76950
2014-08-03,144.491,316.392,183.592,609.831,208.948,6.3472e+06,117.544,123.929,76950
2014-08-10,167.443,366.611,212.745,822.858,242.18,6.34688e+06,136.239,140.901,76950
2014-08-17,194.025,424.801,246.526,1069.71,280.635,6.34651e+06,157.872,206.955,76950
2014-08-24,224.819,492.215,285.661,1355.76,325.181,6.34609e+06,182.931,262.684,76950
2014-08-31,260.493,570.306,330.998,1687.21,376.785,6.3456e+06,211.961,227.027,76950
2014-09-07,301.816,660.76,383.516,2071.25,436.564,6.34503e+06,245.59,258.606,76950
2014-09-14,349.678,765.523,444.35,2516.22,505.806,6.34437e+06,284.542,215.434,76950
2014-09-21,405.11,886.846,514.81,3031.77,586.003,6.34361e+06,329.657,252.895,76950
2014-09-28,469.3,1027.33,596.411,3629.04,678.877,6.34273e+06,381.903,440.184,76950
2014-07-13,103.283,224.205,139.843,147.243,151.644,6.34784e+06,91.2552,77.6653,77000
2014-07-20,117.76,254.823,154.025,304.834,171.774,6.34762e+06,103.369,139.088,77000
2014-07-27,133.412,287.939,173.279,480.757,195.177,6.34737e+06,117.452,108.225,77000
2014-08-03,150.789,325.244,195.663,679.16,220.787,6.3471e+06,132.864,147.307,77000
2014-08-10,170.348,367.395,221.033,903.257,249.467,6.34679e+06,150.122,168.022,77000
2014-08-17,192.429,415.008,249.691,1156.41,281.812,6.34644e+06,169.587,176.481,77000
2014-08-24,217.365,468.78,282.055,1442.38,318.335,6.34604e+06,191.566,212.992,77000
2014-08-31,245.525,529.503,318.604,1765.41,359.582,6.34559e+06,216.387,209.641,77000
2014-09-07,277.325,598.069,359.878,2130.3,406.161,6.34508e+06,244.417,198.627,77000
2014-09-14,313.231,675.487,406.486,2542.45,458.757,6.34451e+06,276.068,326.061,77000
2014-09-21,353.771,762.89,459.111,3007.97,518.142,6.34387e+06,311.804,288.027,77000
2014-09-28,399.538,861.558,518.526,3533.74,585.188,6.34314e+06,352.151,431.257,77000
2014-07-13,103.021,220.685,141.029,149.078,152.748,6.34784e+06,93.2852,133.048,77050
2014-07-20,114.938,245.618,152.779,306.759,169.43,6.34763e+06,103.473,86.9388,77050
2014-07-27,127.564,271.985,168.515,479.527,188.504,6.3474e+06,115.122,195.122,77050
2014-08-03,141.288,301.079,186.481,670.502,208.941,6.34715e+06,127.603,218.923,77050
2014-08-10,156.421,333.293,206.443,881.894,231.355,6.34687e+06,141.291,153.94,77050
2014-08-17,173.161,368.955,228.543,1115.92,256.122,6.34656e+06,156.416,142.802,77050
2014-08-24,191.688,408.424,253.001,1374.99,283.528,6.34622e+06,173.154,149.661,77050
2014-08-31,212.192,452.104,280.069,1661.78,313.859,6.34584e+06,191.677,157.263,77050
2014-09-07,234.882,500.441,310.025,1979.25,347.426,6.34543e+06,212.177,292.167,77050
2014-09-14,259.991,553.927,343.175,2330.67,384.572,6.34496e+06,234.863,356.25,77050
2014-09-21,287.774,613.108,379.858,2719.66,425.676,6.34445e+06,259.965,112.504,77050
2014-09-28,318.515,678.584,420.448,3150.23,471.155,6.34388e+06,287.74,207.83,77050
2014-07-13,92.0328,201.442,123.75,129.971,134.293,6.3479e+06,81.354,110.374,77100
2014-07-20,106.37,231.971,137.738,270.127,154.144,6.3477e+06,93.3795,81.4836,77100
2014-07-27,122.07,265.459,156.893,428.44,177.468,6.34748e+06,107.509,132.504,77100
2014-08-03,139.733,303.677,179.419,609.247,203.333,6.34722e+06,123.177,128.332,77100
2014-08-10,159.873,347.41,205.27,816.074,232.678,6.34692e+06,140.955,130.547,77100
2014-08-17,182.901,397.442,234.843,1052.7,266.201,6.34658e+06,161.262,166.629,77100
2014-08-24,209.239,454.668,268.668,1323.42,304.539,6.34619e+06,184.488,206.718,77100
2014-08-31,239.364,520.118,307.357,1633.12,348.39,6.34575e+06,211.052,213.055,77100
2014-09-07,273.817,594.968,351.605,1987.41,398.541,6.34524e+06,241.433,168.516,77100
2014-09-14,313.216,680.56,402.21,2392.7,455.896,6.34466e+06,276.178,276.124,77100
2014-09-21,358.268,778.429,460.079,2856.31,521.483,6.344e+06,315.91,358.413,77100
2014-09-28,409.78,890.322,526.251,3386.62,596.477,6.34324e+06,361.341,411.876,77100
2014-07-13,108.472,236.234,146.471,154.071,158.878,6.3478e+06,79.1039,48.2233,77150
2014-07-20,124.337,269.876,161.988,319.455,180.901,6.34757e+06,90.0689,90.8939,77150
2014-07-27,141.575,306.463,183.126,504.928,206.611,6.34731e+06,102.869,105.173,77150
2014-08-03,160.812,347.889,207.809,715.136,234.891,6.34702e+06,116.95,100.536,77150
2014-08-10,182.574,394.927,235.921,953.748,266.723,6.34668e+06,132.799,107.018,77150
2014-08-17,207.264,448.324,267.833,1224.64,302.803,6.3463e+06,150.763,216.819,77150
2014-08-24,235.286,508.927,304.052,1532.16,343.746,6.34587e+06,171.148,157.357,77150
2014-08-31,267.087,577.703,345.158,1881.27,390.213,6.34538e+06,194.283,150.135,77150
2014-09-07,303.176,655.746,391.807,2277.57,442.947,6.34482e+06,220.539,142.938,77150
2014-09-14,344.126,744.298,444.744,2727.42,502.787,6.34419e+06,250.333,293.542,77150
2014-09-21,390.589,844.765,504.811,3238.04,570.685,6.34347e+06,284.139,389.061,77150
2014-09-28,443.301,958.737,572.962,3817.61,647.719,6.34266e+06,322.493,379.905,77150
2014-07-13,121.477,263.284,164.694,173.491,178.566,6.34773e+06,92.9892,90.3527,77200
2014-07-20,138.145,298.491,181.036,358.911,201.762,6.34747e+06,105.069,96.9283,77200
2014-07-27,156.123,336.466,203.185,565.437,228.675,6.34719e+06,119.084,102.452,77200
2014-08-03,176.03,379.14,228.879,797.796,258.052,6.34687e+06,134.382,119.946,77200
2014-08-10,198.382,427.237,257.929,1059.61,290.866,6.34651e+06,151.47,126.415,77200
2014-08-17,223.553,481.434,290.665,1354.66,327.783,6.3461e+06,170.694,194.303,77200
2014-08-24,251.909,542.49,327.543,1687.15,369.365,6.34564e+06,192.349,193.161,77200
2014-08-31,283.852,611.267,369.088,2061.81,416.21,6.34512e+06,216.743,250.117,77200
2014-09-07,319.833,688.736,415.887,2483.99,468.978,6.34454e+06,244.223,291.586,77200
2014-09-14,360.36,775.985,468.602,2959.69,528.415,6.34389e+06,275.175,223.874,77200
2014-09-21,406.002,874.241,527.974,3495.67,595.357,6.34315e+06,310.035,361.299,77200
2014-09-28,457.399,984.88,594.839,4099.55,670.744,6.34231e+06,349.293,339.608,77200
2014-07-13,97.2216,210.184,132.086,139.246,143.179,6.34787e+06,80.2486,89.5343,77250
2014-07-20,110.107,237.344,144.734,287.731,161.132,6.34767e+06,90.3112,58.7944,77250
2014-07-27,123.951,266.516,161.832,452.53,181.898,6.34745e+06,101.95,95.6438,77250
2014-08-03,139.219,299.17,181.599,637.237,204.474,6.34719e+06,114.603,154.361,77250
2014-08-10,156.298,335.835,203.865,844.563,229.593,6.34691e+06,128.682,125.164,77250
2014-08-17,175.456,376.994,228.862,1077.31,257.744,6.34659e+06,144.46,146.75,77250
2014-08-24,196.959,423.189,256.915,1338.59,289.335,6.34623e+06,162.166,129.442,77250
2014-08-31,221.09,475.031,288.399,1631.9,324.789,6.34583e+06,182.037,175.069,77250
2014-09-07,248.171,533.206,323.732,1961.14,364.577,6.34538e+06,204.337,253.632,77250
2014-09-14,278.56,598.485,363.383,2330.72,409.226,6.34488e+06,229.362,180.828,77250
2014-09-21,312.658,671.728,407.877,2745.55,459.328,6.34431e+06,257.443,279.945,77250
2014-09-28,350.915,753.901,457.8,3211.17,515.542,6.34368e+06,288.95,254.371,77250
2014-07-13,122.599,268.604,164.716,172.945,178.766,6.34772e+06,83.342,69.9905,77300
2014-07-20,141.923,309.784,183.561,359.61,205.509,6.34746e+06,95.8096,85.2238,77300
2014-07-27,163.115,355.026,209.392,570.745,236.967,6.34715e+06,110.476,127.611,77300
2014-08-03,186.991,406.734,239.809,812.234,271.905,6.3468e+06,126.764,125.042,77300
2014-08-10,214.256,465.987,274.762,1088.88,311.604,6.34641e+06,145.272,177.38,77300
2014-08-17,245.473,533.868,314.807,1405.86,357.018,6.34595e+06,166.444,149.131,77300
2014-08-24,281.228,611.618,360.673,1769.02,409.028,6.34543e+06,190.692,167.694,77300
2014-08-31,322.179,700.66,413.206,2185.08,468.597,6.34483e+06,218.463,198.87,77300
2014-09-07,369.076,802.626,473.37,2661.74,536.819,6.34414e+06,250.269,263.447,77300
2014-09-14,422.777,919.379,542.269,3207.78,614.943,6.34336e+06,286.691,283.762,77300
2014-09-21,484.262,1053.05,621.162,3833.29,704.397,6.34246e+06,328.395,337.338,77300
2014-09-28,554.651,1206.05,711.488,4549.77,806.811,6.34143e+06,376.141,426.699,77300
2014-07-13,109.04,243.231,144.268,150.623,156.836,6.3478e+06,71.2739,75.977,77350
2014-07-20,130.053,288.679,164.573,315.959,185.64,6.34755e+06,84.3638,63.709,77350
2014-07-27,153.753,340.175,192.948,507.911,220.327,6.34726e+06,100.127,112.797,77350
2014-08-03,181.244,400.727,227.217,733.633,259.991,6.34691e+06,118.152,106.193,77350
2014-08-10,213.538,472.076,267.693,999.528,306.371,6.3465e+06,139.23,103.252,77350
2014-08-17,251.564,556.125,315.374,1312.79,360.94,6.34601e+06,164.028,167.865,77350
2014-08-24,296.348,655.114,371.53,1681.83,425.204,6.34545e+06,193.233,115.885,77350
2014-08-31,349.09,771.684,437.668,2116.59,500.89,6.34477e+06,227.628,145.886,77350
2014-09-07,411.196,908.943,515.555,2628.72,590.018,6.34399e+06,268.132,144.033,77350
2014-09-14,484.321,1070.54,607.268,3231.97,694.966,6.34306e+06,315.826,197.035,77350
2014-09-21,570.408,1260.77,715.25,3942.51,818.525,6.34196e+06,371.977,333.92,77350
2014-09-28,671.737,1484.66,842.366,4779.37,963.974,6.34067e+06,438.075,380.153,77350
2014-07-13,146.034,319.925,196.212,206.019,212.947,6.34758e+06,80.5075,85.1945,77400
2014-07-20,169.032,368.932,218.641,428.367,244.777,6.34727e+06,92.541,115.401,77400
2014-07-27,194.251,422.765,249.383,679.84,282.215,6.3469e+06,106.695,127.949,77400
2014-08-03,222.658,484.282,285.577,967.434,323.788,6.34649e+06,122.412,100.001,77400
2014-08-10,255.093,554.764,327.164,1296.86,371.018,6.34602e+06,140.268,156.334,77400
2014-08-17,292.224,635.495,374.801,1674.27,425.038,6.34547e+06,160.691,167.728,77400
2014-08-24,334.744,727.946,429.353,2106.61,486.895,6.34485e+06,184.077,151.351,77400
2014-08-31,383.434,833.804,491.823,2601.87,557.729,6.34414e+06,210.857,278.196,77400
2014-09-07,439.182,954.999,563.355,3169.17,638.835,6.34332e+06,241.52,243.568,77400
2014-09-14,503.004,1093.74,645.254,3818.97,731.694,6.34239e+06,276.626,257.944,77400
2014-09-21,576.059,1252.53,739.011,4563.2,837.993,6.34132e+06,316.814,323.245,77400
2014-09-28,659.67,1434.25,846.328,5415.55,959.661,6.34009e+06,362.812,321.624,77400
2014-07-13,187.849,408.298,254.073,267.415,275.545,6.34733e+06,88.1482,84.7214,77450
2014-07-20,214.626,464.985,280.289,553.954,312.755,6.34694e+06,100.052,121.21,77450
2014-07-27,243.629,526.418,315.925,874.398,356.08,6.34649e+06,113.912,131.163,77450
2014-08-03,275.887,595.75,357.421,1236.48,403.581,6.34598e+06,129.108,136.9,77450
2014-08-10,312.263,674.223,404.533,1646.24,456.873,6.34541e+06,146.156,150.063,77450
2014-08-17,353.4,763.016,457.846,2110.01,517.08,6.34477e+06,165.417,132.248,77450
2014-08-24,399.934,863.462,518.156,2634.88,585.183,6.34403e+06,187.203,200.493,77450
2014-08-31,452.572,977.073,586.38,3228.88,662.22,6.34321e+06,211.848,238.73,77450
2014-09-07,512.105,1105.56,663.549,3901.07,749.355,6.34227e+06,239.722,176.652,77450
2014-09-14,579.429,1250.84,750.825,4661.69,847.899,6.34121e+06,271.247,254.146,77450
2014-09-21,655.55,1415.1,849.518,5522.32,959.329,6.34001e+06,306.894,319.988,77450
2014-09-28,741.605,1600.77,961.105,6496.05,1085.31,6.33865e+06,347.196,339.666,77450
2014-07-13,191.927,418.988,258.64,271.86,280.609,6.34731e+06,86.8502,104.57,77500
2014-07-20,220.866,480.473,286.912,564.322,320.734,6.3469e+06,99.2692,116.623,77500
2014-07-27,252.424,547.603,325.519,893.43,367.714,6.34643e+06,113.81,109.705,77500
2014-08-03,287.769,623.886,370.747,1267.79,419.585,6.3459e+06,129.864,121.051,77500
2014-08-10,327.9,710.805,422.435,1694.28,478.181,6.34529e+06,148,147.058,77500
2014-08-17,373.586,809.813,481.316,2180.23,544.83,6.34461e+06,168.628,214.404,77500
2014-08-24,425.615,922.564,548.374,2733.9,620.724,6.34382e+06,192.118,176.279,77500
2014-08-31,484.861,1050.95,624.739,3364.68,707.151,6.34292e+06,218.867,258.066,77500
2014-09-07,552.316,1197.11,711.694,4083.29,805.559,6.34191e+06,249.325,267.953,77500
2014-09-14,629.107,1363.48,810.694,4901.88,917.596,6.34074e+06,284.001,241.637,77500
2014-09-21,716.511,1552.82,923.392,5834.31,1045.13,6.33942e+06,323.473,285.668,77500
2014-09-28,815.976,1768.27,1051.66,6896.31,1190.27,6.33792e+06,368.396,321.854,77500
2014-07-13,201.471,441.22,270.778,284.343,293.864,6.34725e+06,83.891,55.148,77550
2014-07-20,233.064,508.517,301.595,591.123,337.596,6.34682e+06,96.3757,87.1807,77550
2014-07-27,267.684,582.391,343.815,937.91,389.009,6.34632e+06,111.053,96.459,77550
2014-08-03,306.657,666.753,393.495,1334.29,446.062,6.34575e+06,127.34,137.935,77550
2014-08-10,351.125,763.345,450.541,1788.08,510.835,6.3451e+06,145.831,176.488,77550
2014-08-17,401.996,873.905,515.842,2307.65,584.871,6.34435e+06,166.967,200.537,77550
2014-08-24,460.209,1000.42,590.572,2902.51,669.587,6.3435e+06,191.151,264.996,77550
2014-08-31,526.819,1145.17,676.086,3583.52,766.526,6.34252e+06,218.825,275.482,77550
2014-09-07,603.024,1310.76,773.929,4363.12,877.439,6.3414e+06,250.488,171.09,77550
2014-09-14,690.194,1500.16,885.864,5255.5,1004.32,6.34012e+06,286.709,298.038,77550
2014-09-21,789.885,1716.73,1013.9,6276.91,1149.44,6.33865e+06,328.138,278.84,77550
2014-09-28,903.875,1964.34,1160.32,7445.88,1315.39,6.33698e+06,375.513,241.895,77550
2014-07-13,146.258,317.021,198.276,208.862,214.979,6.34758e+06,88.088,92.8379,77600
2014-07-20,166.35,359.462,217.974,432.102,242.939,6.34727e+06,99.5446,106.573,77600
2014-07-27,188.023,405.246,244.675,680.784,275.382,6.34693e+06,112.838,115.11,77600
2014-08-03,212.024,456.698,275.65,960.608,310.798,6.34655e+06,127.35,159.816,77600
2014-08-10,238.974,514.693,310.675,1275.95,350.363,6.34611e+06,143.562,117.532,77600
2014-08-17,269.326,580.047,350.146,1631.35,394.876,6.34562e+06,161.801,164.734,77600
2014-08-24,303.52,653.677,394.615,2031.9,445.019,6.34507e+06,182.347,207.475,77600
2014-08-31,342.042,736.621,444.714,2483.31,501.51,6.34444e+06,205.495,206.048,77600
2014-09-07,385.436,830.048,501.152,2992.02,565.147,6.34374e+06,231.57,245.461,77600
2014-09-14,434.311,935.271,564.725,3565.27,636.827,6.34295e+06,260.941,216.381,77600
2014-09-21,489.355,1053.77,636.327,4211.23,717.559,6.34206e+06,294.021,275.077,77600
2014-09-28,551.337,1187.19,716.965,4939.07,808.474,6.34106e+06,331.274,337.54,77600
2014-07-13,81.4274,178.674,109.259,114.664,118.596,6.34797e+06,74.0698,95.0877,77650
2014-07-20,94.501,206.569,121.998,238.598,136.673,6.34779e+06,85.3604,95.8067,77650
2014-07-27,108.873,237.299,139.49,379.088,157.982,6.34759e+06,98.6687,140.151,77650
2014-08-03,125.107,272.508,160.131,540.155,181.707,6.34735e+06,113.487,127.781,77650
2014-08-10,143.69,312.954,183.908,725.111,208.733,6.34708e+06,130.366,138.636,77650
2014-08-17,165.021,359.405,211.214,937.53,239.726,6.34678e+06,149.723,158.383,77650
2014-08-24,189.513,412.741,242.568,1181.49,275.309,6.34642e+06,171.947,184.469,77650
2014-08-31,217.634,473.979,278.568,1461.65,316.166,6.34602e+06,197.464,144.709,77650
2014-09-07,249.921,544.284,319.903,1783.39,363.076,6.34555e+06,226.762,178.297,77650
2014-09-14,286.987,624.993,367.358,2152.87,416.931,6.34502e+06,260.398,281.765,77650
2014-09-21,329.536,717.638,421.838,2577.15,478.757,6.3444e+06,299.012,363.26,77650
2014-09-28,378.377,823.974,484.377,3064.33,549.726,6.3437e+06,343.336,220.246,77650
2014-07-13,107.454,230.343,147.011,155.37,159.237,6.34781e+06,88.8526,73.2104,77700
2014-07-20,120.022,256.653,159.399,319.807,176.824,6.34759e+06,98.6659,87.2711,77700
2014-07-27,133.352,284.509,176.001,500.155,196.951,6.34736e+06,109.896,146.538,77700
2014-08-03,147.857,315.281,194.973,699.723,218.54,6.34709e+06,121.943,140.764,77700
2014-08-10,163.869,349.389,216.077,920.863,242.243,6.3468e+06,135.169,146.766,77700
2014-08-17,181.6,387.186,239.464,1165.94,268.463,6.34648e+06,149.799,35.118,77700
2014-08-24,201.245,429.064,265.374,1437.54,297.508,6.34612e+06,166.006,183.753,77700
2014-08-31,223.009,475.458,294.08,1738.52,329.687,6.34572e+06,183.961,242.961,77700
2014-09-07,247.12,526.853,325.882,2072.05,365.336,6.34528e+06,203.853,342.909,77700
2014-09-14,273.828,583.782,361.113,2441.65,404.828,6.34479e+06,225.889,318.597,77700
2014-09-21,303.412,646.839,400.139,2851.19,448.573,6.34425e+06,250.298,309.082,77700
2014-09-28,336.18,716.676,443.367,3304.99,497.027,6.34365e+06,277.335,134.306,77700
2014-07-13,121.431,263.747,164.338,173.005,178.215,6.34773e+06,87.6919,52.1733,77750
2014-07-20,138.578,300.028,181.132,358.263,202.051,6.34747e+06,99.4207,114.013,77750
2014-07-27,157.132,339.305,203.944,565.232,229.782,6.34718e+06,113.066,108.335,77750
2014-08-03,177.748,383.588,230.484,798.847,260.154,6.34686e+06,128.011,92.8571,77750
2014-08-10,200.974,433.663,260.588,1062.94,294.196,6.34649e+06,144.761,150.934,77750
2014-08-17,227.214,490.272,294.621,1361.52,332.618,6.34608e+06,163.667,149.717,77750
2014-08-24,256.871,554.254,333.087,1699.1,376.04,6.34561e+06,185.033,132.137,77750
2014-08-31,290.389,626.564,376.562,2080.74,425.116,6.34508e+06,209.181,230.669,77750
2014-09-07,328.269,708.276,425.695,2512.18,480.578,6.34448e+06,236.472,292.213,77750
2014-09-14,371.072,800.606,481.219,2999.91,543.254,6.3438e+06,267.312,235.651,77750
2014-09-21,419.435,904.922,543.96,3551.24,614.073,6.34303e+06,302.159,303.042,77750
2014-09-28,474.073,1022.77,614.849,4174.44,694.087,6.34216e+06,341.531,166.584,77750
2014-07-13,102.284,225.438,136.729,143.295,148.473,6.34784e+06,80.9214,66.4997,77800
2014-07-20,119.582,262.482,153.547,298.814,172.337,6.34762e+06,93.9276,73.5448,77800
2014-07-27,138.729,303.599,176.747,476.24,200.627,6.34735e+06,109.346,102.057,77800
2014-08-03,160.511,351.038,204.295,681.043,232.351,6.34705e+06,126.636,110.223,77800
2014-08-10,185.619,405.906,236.242,917.839,268.742,6.3467e+06,146.471,153.065,77800
2014-08-17,214.635,469.347,273.181,1191.66,310.763,6.3463e+06,169.373,145.93,77800
2014-08-24,248.179,542.689,315.884,1508.3,359.337,6.34583e+06,195.846,168.642,77800
2014-08-31,286.956,627.466,365.25,1874.42,415.488,6.3453e+06,226.45,199.417,77800
2014-09-07,331.777,725.455,422.314,2297.75,480.396,6.34467e+06,261.826,270.7,77800
2014-09-14,383.581,838.701,488.273,2787.21,555.418,6.34395e+06,302.715,362.092,77800
2014-09-21,443.448,969.567,564.505,3353.1,642.122,6.34312e+06,349.971,399.378,77800
2014-09-28,512.625,1120.77,652.601,4007.32,742.317,6.34216e+06,404.58,367.224,77800
2014-07-13,105.43,231.871,141.192,148.071,153.289,6.34782e+06,83.4722,76.0238,77850
2014-07-20,122.821,269.048,158.118,308.453,177.308,6.34759e+06,96.5516,116.05,77850
2014-07-27,142.006,310.161,181.415,490.858,205.702,6.34733e+06,112.013,108.548,77850
2014-08-03,163.755,357.433,208.994,700.713,237.433,6.34702e+06,129.292,92.4917,77850
2014-08-10,188.741,411.926,240.872,942.542,273.708,6.34667e+06,149.045,118.29,77850
2014-08-17,217.521,474.725,277.609,1221.26,315.453,6.34626e+06,171.777,190.41,77850
2014-08-24,250.679,547.082,319.938,1542.48,363.547,6.34579e+06,197.966,161.036,77850
2014-08-31,288.883,630.444,368.707,1912.67,418.959,6.34525e+06,228.14,231.888,77850
2014-09-07,332.895,726.474,424.895,2339.28,482.798,6.34463e+06,262.903,265.144,77850
2014-09-14,383.594,837.087,489.623,2830.89,556.34,6.34391e+06,302.95,276.908,77850
2014-09-21,441.989,964.485,564.185,3397.38,641.051,6.34308e+06,349.078,421.726,77850
2014-09-28,509.241,1111.19,650.063,4050.11,738.615,6.34213e+06,402.206,500.931,77850
2014-07-13,74.2265,162.422,99.8306,104.858,108.334,6.34801e+06,81.2466,94.897,77900
2014-07-20,85.7504,186.955,111.075,217.905,124.291,6.34785e+06,93.2144,103.649,77900
2014-07-27,98.3647,213.853,126.469,345.545,143.034,6.34767e+06,107.271,115.844,77900
2014-08-03,112.549,244.539,144.566,491.259,163.81,6.34746e+06,122.852,100.752,77900
2014-08-10,128.718,279.639,165.325,657.873,187.373,6.34722e+06,140.524,139.636,77900
2014-08-17,147.197,319.779,189.064,848.413,214.279,6.34695e+06,160.703,159.53,77900
2014-08-24,168.325,365.675,216.207,1066.31,245.039,6.34663e+06,183.771,229.747,77900
2014-08-31,192.481,418.147,247.24,1315.48,280.208,6.34628e+06,210.147,222.048,77900
2014-09-07,220.099,478.135,282.72,1600.42,320.417,6.34587e+06,240.302,196.851,77900
2014-09-14,251.671,546.71,323.282,1926.24,366.384,6.3454e+06,274.776,286.369,77900
2014-09-21,287.761,625.095,369.653,2298.8,418.932,6.34487e+06,314.186,313.166,77900
2014-09-28,329.013,714.688,422.658,2724.8,478.999,6.34426e+06,359.234,290.954,77900
2014-07-13,86.9176,188.215,117.926,124.258,127.849,6.34793e+06,97.1679,90.967,77950
2014-07-20,98.7011,213.087,129.484,256.955,144.254,6.34775e+06,109.636,168.566,77950
2014-07-27,111.394,239.876,145.135,404.572,163.268,6.34755e+06,124.087,101.714,77950
2014-08-03,125.429,269.94,163.269,570.432,183.994,6.34732e+06,139.839,153.038,77950
2014-08-10,141.168,303.781,183.746,757.069,207.115,6.34706e+06,157.412,176.339,77950
2014-08-17,158.87,341.867,206.792,967.116,233.093,6.34678e+06,177.155,271.093,77950
2014-08-24,178.787,384.72,232.722,1203.5,262.317,6.34645e+06,199.367,215.66,77950
2014-08-31,201.196,432.935,261.897,1469.53,295.2,6.34608e+06,224.358,218.478,77950
2014-09-07,226.408,487.177,294.722,1768.9,332.195,6.34567e+06,252.475,209.155,77950
2014-09-14,254.771,548.197,331.651,2105.79,373.817,6.34521e+06,284.109,211.38,77950
2014-09-21,286.677,616.837,373.196,2484.88,420.639,6.34469e+06,319.694,330.599,77950
2014-09-28,322.566,694.042,419.93,2911.46,473.309,6.3441e+06,359.724,410.102,77950
2014-07-13,91.0855,200.439,121.922,127.84,132.376,6.34791e+06,83.0458,31.3248,78000
2014-07-20,106.211,232.789,136.64,266.382,153.26,6.34771e+06,96.1476,102.381,78000
2014-07-27,122.913,268.601,156.91,424.08,177.968,6.34748e+06,111.648,145.851,78000
2014-08-03,141.866,309.817,180.924,605.67,205.605,6.34721e+06,128.986,89.6359,78000
2014-08-10,163.658,357.372,208.708,815.116,237.229,6.34691e+06,148.825,124.155,78000
2014-08-17,188.783,412.226,240.755,1056.72,273.657,6.34655e+06,171.678,233.039,78000
2014-08-24,217.758,475.489,277.715,1335.43,315.663,6.34614e+06,198.031,233.213,78000
2014-08-31,251.173,548.442,320.338,1656.91,364.107,6.34567e+06,228.422,267.765,78000
2014-09-07,289.705,632.562,369.491,2027.73,419.971,6.34513e+06,263.469,219.005,78000
2014-09-14,334.133,729.552,426.17,2455.44,484.388,6.3445e+06,303.88,436.487,78000
2014-09-21,385.357,841.368,491.522,2948.75,558.659,6.34378e+06,350.475,305.364,78000
2014-09-28,444.408,970.263,566.867,3517.69,644.285,6.34295e+06,404.192,484.834,78000
2014-07-13,96.1221,211.745,128.549,134.744,139.584,6.34788e+06,75.7985,43.3871,78050
2014-07-20,112.28,246.333,144.263,280.912,161.881,6.34767e+06,87.9066,70.25,78050
2014-07-27,130.151,284.691,165.928,447.542,188.296,6.34742e+06,102.251,120.726,78050
2014-08-03,150.464,328.909,191.634,639.729,217.893,6.34714e+06,118.323,129.531,78050
2014-08-10,173.86,380.011,221.422,861.758,251.816,6.34681e+06,136.744,156.879,78050
2014-08-17,200.876,439.052,255.837,1118.3,290.956,6.34644e+06,157.998,81.2341,78050
2014-08-24,232.083,507.252,295.591,1414.71,336.163,6.346e+06,182.547,254.323,78050
2014-08-31,268.13,586.025,341.511,1757.17,388.381,6.3455e+06,210.903,225.241,78050
2014-09-07,309.763,677.002,394.551,2152.82,448.695,6.34492e+06,243.656,290.938,78050
2014-09-14,357.845,782.065,455.81,2609.92,518.354,6.34424e+06,281.482,294.396,78050
2014-09-21,413.368,903.38,526.555,3137.97,598.797,6.34347e+06,325.166,252.323,78050
2014-09-28,477.477,1043.45,608.247,3747.97,691.686,6.34257e+06,375.607,437.728,78050
2014-07-13,110.685,239.265,150.391,158.548,163.02,6.34779e+06,88.1485,89.8725,78100
2014-07-20,125.332,270.137,164.769,327.6,183.43,6.34756e+06,99.1847,107.143,78100
2014-07-27,141.067,303.288,184.205,515.197,207.033,6.34731e+06,111.947,91.4385,78100
2014-08-03,158.417,340.39,206.67,725.421,232.689,6.34702e+06,125.821,132.378,78100
2014-08-10,177.82,382.04,231.971,961.35,261.23,6.3467e+06,141.253,179.278,78100
2014-08-17,199.582,428.787,260.369,1226.16,293.21,6.34634e+06,158.546,152.722,78100
2014-08-24,224.001,481.241,292.233,1523.39,329.089,6.34593e+06,177.946,145.611,78100
2014-08-31,251.401,540.096,327.986,1856.98,369.348,6.34547e+06,199.715,224.672,78100
2014-09-07,282.142,606.125,368.103,2231.39,414.519,6.34496e+06,224.14,216.674,78100
2014-09-14,316.63,680.2,413.111,2651.57,465.198,6.34439e+06,251.543,225.344,78100
2014-09-21,355.319,763.292,463.605,3123.13,522.051,6.34374e+06,282.285,250.85,78100
2014-09-28,398.715,856.49,520.248,3652.32,585.825,6.34302e+06,316.769,296.386,78100
2014-07-13,130.041,281.423,176.524,186.036,191.367,6.34768e+06,94.8781,94.3267,78150
2014-07-20,147.522,318.302,193.675,384.597,215.712,6.34741e+06,106.948,125.898,78150
2014-07-27,166.333,357.978,216.885,605.293,243.906,6.3471e+06,120.927,140.343,78150
2014-08-03,187.112,402.458,243.754,853.03,274.606,6.34676e+06,136.147,116.056,78150
2014-08-10,210.389,452.476,274.065,1131.54,308.817,6.34638e+06,153.109,155.489,78150
2014-08-17,236.54,508.707,308.142,1444.67,347.215,6.34595e+06,172.147,159.052,78150
2014-08-24,265.933,571.909,346.443,1796.74,390.368,6.34547e+06,193.541,226.167,78150
2014-08-31,298.968,642.938,389.49,2192.56,438.868,6.34493e+06,217.588,164.726,78150
2014-09-07,336.094,722.758,437.871,2637.56,493.376,6.34432e+06,244.612,222.93,78150
2014-09-14,377.811,812.447,492.24,3137.82,554.629,6.34363e+06,274.981,255.22,78150
2014-09-21,424.686,913.216,553.334,3700.18,623.457,6.34286e+06,309.105,294.091,78150
2014-09-28,477.348,1026.42,621.978,4332.32,700.787,6.34199e+06,347.445,359.028,78150
2014-07-13,116.244,255.554,155.727,163.334,169.063,6.34776e+06,73.4286,68.1009,78200
2014-07-20,135.33,296.34,174.307,340.183,195.429,6.3475e+06,84.8798,77.5495,78200
2014-07-27,156.372,341.414,199.869,541.203,226.581,6.34721e+06,98.4099,95.6603,78200
2014-08-03,180.21,393.207,230.111,772.331,261.371,6.34687e+06,113.52,116.99,78200
2014-08-10,207.578,452.873,265.047,1038.51,301.116,6.34649e+06,130.782,122.407,78200
2014-08-17,239.081,521.589,305.282,1345.1,346.826,6.34604e+06,150.636,206.543,78200
2014-08-24,275.355,600.712,351.611,1698.23,399.454,6.34552e+06,173.493,218.108,78200
2014-08-31,317.119,691.808,404.955,2104.93,460.051,6.34493e+06,199.812,261.051,78200
2014-09-07,365.202,796.68,466.372,2573.33,529.817,6.34425e+06,230.113,261.893,78200
2014-09-14,420.553,917.396,537.079,3112.76,610.134,6.34346e+06,264.997,205.259,78200
2014-09-21,484.264,1056.33,618.472,3733.95,702.586,6.34256e+06,305.151,353.566,78200
2014-09-28,557.587,1216.22,712.155,4449.26,808.994,6.34151e+06,351.367,303.383,78200
2014-07-13,90.7403,198.876,121.876,127.951,132.276,6.34791e+06,79.5042,85.9171,78250
2014-07-20,105.106,229.498,135.882,266.097,152.152,6.34771e+06,91.4507,110.456,78250
2014-07-27,120.869,263.163,155.089,422.434,175.545,6.34749e+06,105.511,114.528,78250
2014-08-03,138.64,301.664,177.717,601.348,201.541,6.34723e+06,121.136,103.798,78250
2014-08-10,158.946,345.811,203.737,806.427,231.099,6.34694e+06,138.901,131.221,78250
2014-08-17,182.211,396.419,233.564,1041.53,264.933,6.3466e+06,159.237,165.968,78250
2014-08-24,208.875,454.423,267.751,1311.05,303.707,6.34621e+06,182.542,181.638,78250
2014-08-31,239.434,520.898,306.931,1620.02,348.145,6.34576e+06,209.252,191.375,78250
2014-09-07,274.455,597.074,351.834,1974.19,399.074,6.34525e+06,239.863,260.93,78250
2014-09-14,314.586,684.362,403.292,2380.17,457.435,6.34467e+06,274.941,218.103,78250
2014-09-21,360.569,784.372,462.257,2845.51,524.31,6.344e+06,315.136,263.38,78250
2014-09-28,413.252,898.947,529.819,3378.88,600.932,6.34323e+06,361.189,300.249,78250
2014-07-13,106.103,231.249,143.182,150.577,155.321,6.34782e+06,90.1879,97.8153,78300
2014-07-20,121.772,264.496,158.502,312.321,177.064,6.34759e+06,102.813,116.334,78300
2014-07-27,138.817,300.7,179.387,493.906,202.47,6.34734e+06,117.565,114.012,78300
2014-08-03,157.861,341.741,203.801,699.944,230.452,6.34705e+06,133.813,128.558,78300
2014-08-10,179.432,388.396,231.638,934.091,261.984,6.34672e+06,152.122,127.921,78300
2014-08-17,203.932,441.42,263.275,1200.22,297.767,6.34634e+06,172.899,177.21,78300
2014-08-24,231.771,501.669,299.223,1502.69,338.42,6.34591e+06,196.505,184.147,78300
2014-08-31,263.402,570.122,340.068,1846.46,384.611,6.34543e+06,223.326,247.468,78300
2014-09-07,299.338,647.89,386.476,2237.14,437.092,6.34488e+06,253.8,217.666,78300
2014-09-14,340.163,736.233,439.2,2681.13,496.715,6.34425e+06,288.42,280.754,78300
2014-09-21,386.538,836.578,499.095,3185.69,564.446,6.34354e+06,327.748,376.486,78300
2014-09-28,439.211,950.545,567.131,3759.03,641.38,6.34273e+06,372.42,342.212,78300
2014-07-13,107.006,236.112,142.902,149.711,155.193,6.34781e+06,72.865,94.8562,78350
2014-07-20,125.337,275.406,160.715,312.367,180.468,6.34758e+06,84.7318,112.907,78350
2014-07-27,145.664,319.106,185.318,498.239,210.475,6.3473e+06,98.8201,113.647,78350
2014-08-03,168.83,369.614,214.577,713.165,244.185,6.34698e+06,114.648,132.202,78350
2014-08-10,195.582,428.132,248.566,962.101,282.925,6.34662e+06,132.837,173.528,78350
2014-08-17,226.551,495.914,287.935,1250.47,327.737,6.34619e+06,153.876,123.16,78350
2014-08-24,262.416,574.408,333.527,1584.5,379.626,6.3457e+06,178.238,100.406,78350
2014-08-31,303.946,665.299,386.324,1971.42,439.715,6.34512e+06,206.451,219.847,78350
2014-09-07,352.034,770.535,447.461,2419.58,509.294,6.34446e+06,239.119,148.523,78350
2014-09-14,407.708,892.367,518.248,2938.64,589.854,6.34369e+06,276.943,264.244,78350
2014-09-21,472.159,1033.39,600.202,3539.81,683.12,6.3428e+06,320.732,312.931,78350
2014-09-28,546.761,1196.62,695.072,4236.02,791.081,6.34178e+06,371.421,351.895,78350
2014-07-13,106.988,228.864,146.626,155.057,158.79,6.34781e+06,101.408,81.638,78400
2014-07-20,119.094,254.166,158.57,318.862,175.749,6.3476e+06,112.238,131.781,78400
2014-07-27,131.895,280.858,174.545,497.994,195.107,6.34736e+06,124.601,93.8061,78400
2014-08-03,145.777,310.25,192.749,695.592,215.802,6.34711e+06,137.817,133.462,78400
2014-08-10,161.051,342.724,212.934,913.856,238.449,6.34682e+06,152.281,107.881,78400
2014-08-17,177.912,378.597,235.233,1154.98,263.421,6.3465e+06,168.228,142.449,78400
2014-08-24,196.534,418.217,259.86,1421.35,290.996,6.34615e+06,185.838,137.598,78400
2014-08-31,217.099,461.971,287.058,1715.6,321.449,6.34577e+06,205.287,205.299,78400
2014-09-07,239.809,510.288,317.093,2040.64,355.08,6.34534e+06,226.764,251.084,78400
2014-09-14,264.886,563.639,350.262,2399.69,392.218,6.34487e+06,250.482,218.446,78400
2014-09-21,292.576,622.545,386.887,2796.29,433.226,6.34435e+06,276.67,318.479,78400
2014-09-28,323.148,687.579,427.327,3234.36,478.504,6.34378e+06,305.586,245.781,78400
2014-07-13,112.281,242.646,152.595,160.886,165.405,6.34778e+06,87.8305,109.266,78450
2014-07-20,127.08,273.831,167.125,332.386,186.03,6.34755e+06,98.7826,120.04,78450
2014-07-27,142.971,307.303,186.76,522.624,209.873,6.34729e+06,111.443,107.867,78450
2014-08-03,160.487,344.747,209.446,735.717,235.779,6.347e+06,125.199,99.7681,78450
2014-08-10,180.065,386.763,234.985,974.763,264.584,6.34667e+06,140.495,96.066,78450
2014-08-17,202.014,433.899,263.637,1242.96,296.846,6.34631e+06,157.626,163.385,78450
2014-08-24,226.633,486.768,295.773,1543.85,333.026,6.3459e+06,176.838,166.417,78450
2014-08-31,254.243,546.061,331.816,1881.41,373.604,6.34544e+06,198.385,197.567,78450
2014-09-07,285.208,612.554,372.239,2260.1,419.114,6.34492e+06,222.551,198.535,78450
2014-09-14,319.932,687.115,417.572,2684.92,470.15,6.34434e+06,249.651,205.145,78450
2014-09-21,358.868,770.716,468.407,3161.46,527.379,6.34369e+06,280.04,218.883,78450
2014-09-28,402.523,864.444,525.408,3696,591.547,6.34296e+06,314.113,292.781,78450
2014-07-13,93.49,204.3,125.881,132.275,136.586,6.34789e+06,79.9025,108.256,78500
2014-07-20,107.766,234.657,139.82,274.704,156.368,6.34769e+06,91.4751,95.2333,78500
2014-07-27,123.359,267.865,158.876,435.211,179.563,6.34746e+06,105.044,128.865,78500
2014-08-03,140.856,305.666,181.235,618.07,205.217,6.3472e+06,120.052,105.262,78500
2014-08-10,160.757,348.815,206.83,826.725,234.25,6.34691e+06,137.036,225.429,78500
2014-08-17,183.454,398.056,236.039,1064.85,267.332,6.34657e+06,156.388,117.972,78500
2014-08-24,209.35,454.236,269.364,1336.59,305.071,6.34618e+06,178.466,171.146,78500
2014-08-31,238.894,518.33,307.386,1646.7,348.129,6.34574e+06,203.655,213.58,78500
2014-09-07,272.598,591.447,350.763,2000.58,397.252,6.34523e+06,232.391,220.988,78500
2014-09-14,311.046,674.848,400.247,2404.38,453.289,6.34466e+06,265.173,275.725,78500
2014-09-21,354.9,769.974,456.694,2865.14,517.21,6.344e+06,302.567,332.872,78500
2014-09-28,404.918,878.462,521.078,3390.88,590.118,6.34325e+06,345.217,456.707,78500
2014-07-13,164.789,355.552,224.25,236.545,243.04,6.34747e+06,90.7743,88.6966,78550
2014-07-20,186.024,400.24,245.115,488.339,272.66,6.34713e+06,101.837,94.8734,78550
2014-07-27,208.769,448.072,273.264,767.02,306.83,6.34675e+06,114.6,107.331,78550
2014-08-03,233.773,501.44,305.714,1078.43,343.859,6.34633e+06,128.43,129.733,78550
2014-08-10,261.649,561.173,342.155,1426.91,384.926,6.34586e+06,143.768,122.569,78550
2014-08-17,292.822,628.013,382.935,1816.94,430.802,6.34533e+06,160.903,169.951,78550
2014-08-24,327.695,702.789,428.555,2253.43,482.118,6.34474e+06,180.069,206.822,78550
2014-08-31,366.706,786.431,479.59,2741.92,539.523,6.34408e+06,201.509,209.552,78550
2014-09-07,410.34,879.98,536.679,3288.57,603.736,6.34333e+06,225.493,241.552,78550
2014-09-14,459.141,984.601,600.532,3900.27,675.556,6.34251e+06,252.317,265.553,78550
2014-09-21,513.714,1101.59,671.944,4584.74,755.875,6.34158e+06,282.316,313.674,78550
2014-09-28,574.734,1232.38,751.801,5350.57,845.689,6.34054e+06,315.861,341.399,78550
2014-07-13,84.3133,184.457,113.416,119.135,123.074,6.34795e+06,81.9049,93.0934,78600
2014-07-20,97.371,212.25,126.158,247.55,141.157,6.34777e+06,93.9393,85.9181,78600
2014-07-27,111.659,242.712,143.599,392.5,162.391,6.34756e+06,108.07,119.735,78600
2014-08-03,127.721,277.451,164.096,557.924,185.921,6.34732e+06,123.729,89.4661,78600
2014-08-10,146.023,317.175,187.6,747.017,212.597,6.34705e+06,141.482,148.137,78600
2014-08-17,166.933,362.588,214.471,963.195,243.048,6.34674e+06,161.747,115.083,78600
2014-08-24,190.833,414.494,245.183,1210.33,277.849,6.34639e+06,184.907,190.418,78600
2014-08-31,218.15,473.817,280.285,1492.86,317.625,6.34598e+06,211.378,224.161,78600
2014-09-07,249.368,541.613,320.403,1815.82,363.085,6.34552e+06,241.631,228.764,78600
2014-09-14,285.044,619.085,366.252,2185.01,415.037,6.34499e+06,276.205,331.941,78600
2014-09-21,325.811,707.607,418.646,2607.02,474.405,6.34439e+06,315.713,163.452,78600
2014-09-28,372.39,808.747,478.516,3089.39,542.241,6.3437e+06,360.858,282.553,78600
2014-07-13,83.9327,181.393,114.063,120.258,123.639,6.34795e+06,88.6678,64.4085,78650
2014-07-20,95.0044,204.726,124.933,248.457,139.068,6.34778e+06,99.7331,139.35,78650
2014-07-27,106.894,229.772,139.623,390.674,156.907,6.34758e+06,112.526,102.321,78650
2014-08-03,120.001,257.795,156.597,549.991,176.292,6.34737e+06,126.428,102.913,78650
2014-08-10,134.655,289.244,175.71,728.728,197.849,6.34712e+06,141.888,75.3774,78650
2014-08-17,151.085,324.532,197.155,929.28,221.997,6.34685e+06,159.206,34.8147,78650
2014-08-24,169.517,364.119,221.211,1154.31,249.082,6.34654e+06,178.63,91.8493,78650
2014-08-31,190.192,408.524,248.197,1406.79,279.466,6.3462e+06,200.42,205.244,78650
2014-09-07,213.385,458.332,278.468,1690.06,313.548,6.34581e+06,224.862,317.916,78650
2014-09-14,239.398,514.198,312.423,2007.89,351.777,6.34538e+06,252.278,288.663,78650
2014-09-21,268.574,576.852,350.508,2364.46,394.656,6.34489e+06,283.028,415.645,78650
2014-09-28,301.295,647.116,393.222,2764.49,442.745,6.34434e+06,317.516,366.978,78650
2014-07-13,108.007,233.945,146.506,154.36,158.838,6.34781e+06,103.62,105.655,78700
2014-07-20,122.703,264.972,160.919,319.244,179.296,6.34758e+06,116.966,129.75,78700
2014-07-27,138.54,298.404,180.442,502.735,203.015,6.34733e+06,132.439,182.479,78700
2014-08-03,156.058,335.938,203.07,708.987,228.88,6.34705e+06,149.312,148.229,78700
2014-08-10,175.711,378.203,228.631,941.169,257.744,6.34673e+06,168.142,135.971,78700
2014-08-17,197.822,425.786,257.409,1202.58,290.187,6.34637e+06,189.306,181.274,78700
2014-08-24,222.708,479.343,289.8,1496.89,326.698,6.34596e+06,213.125,190.052,78700
2014-08-31,250.718,539.62,326.256,1828.22,367.792,6.34551e+06,239.933,225.34,78700
2014-09-07,282.242,607.454,367.287,2201.23,414.042,6.34499e+06,270.105,199.275,78700
2014-09-14,317.716,683.787,413.463,2621.15,466.091,6.34441e+06,304.06,291.192,78700
2014-09-21,357.634,769.676,465.427,3093.84,524.662,6.34376e+06,342.269,360.857,78700
2014-09-28,402.547,866.308,523.898,3625.94,590.565,6.34303e+06,385.262,373.648,78700
2014-07-13,107.27,233.31,145.007,152.591,157.271,6.34781e+06,83.6778,77.4025,78750
2014-07-20,122.694,265.983,160.103,316.192,178.697,6.34759e+06,95.0777,93.0084,78750
2014-07-27,139.42,301.437,180.639,499.324,203.668,6.34733e+06,108.364,97.5012,78750
2014-08-03,158.046,341.498,204.576,706.465,231.078,6.34704e+06,122.948,72.9939,78750
2014-08-10,179.074,386.894,231.785,941.123,261.867,6.34671e+06,139.329,141.864,78750
2014-08-17,202.884,438.325,262.61,1206.99,296.694,6.34634e+06,157.86,133.94,78750
2014-08-24,229.852,496.581,297.525,1508.21,336.136,6.34592e+06,178.845,145.819,78750
2014-08-31,260.396,562.559,337.072,1849.48,380.811,6.34544e+06,202.615,196.303,78750
2014-09-07,294.989,637.279,381.862,2236.1,431.409,6.3449e+06,229.536,201.231,78750
2014-09-14,334.164,721.892,432.588,2674.08,488.71,6.34429e+06,260.024,327.977,78750
2014-09-21,378.524,817.698,490.032,3170.23,553.598,6.34359e+06,294.549,272.705,78750
2014-09-28,428.75,926.166,555.077,3732.26,627.071,6.34281e+06,333.641,332.408,78750
2014-07-13,125.563,273.507,169.523,178.308,183.885,6.3477e+06,83.7089,73.8167,78800
2014-07-20,143.972,312.551,187.527,369.741,209.438,6.34744e+06,95.3412,80.9589,78800
2014-07-27,163.98,355.024,212.056,584.486,239.274,6.34713e+06,108.924,116.084,78800
2014-08-03,186.314,403.127,240.708,827.939,272.104,6.34679e+06,123.868,107.676,78800
2014-08-10,211.587,457.761,273.347,1104.37,309.066,6.3464e+06,140.694,208.139,78800
2014-08-17,240.267,519.795,310.409,1418.27,350.971,6.34596e+06,159.77,172.711,78800
2014-08-24,272.824,590.218,352.482,1774.74,398.536,6.34546e+06,181.423,198.166,78800
2014-08-31,309.782,670.155,400.243,2179.51,452.531,6.34489e+06,206.003,129.001,78800
2014-09-07,351.731,760.882,454.458,2639.11,513.821,6.34424e+06,233.904,307.581,78800
2014-09-14,399.34,863.847,515.992,3160.97,583.386,6.34351e+06,265.571,280.557,78800
2014-09-21,453.369,980.686,585.83,3753.46,662.333,6.34268e+06,301.51,249.204,78800
2014-09-28,514.675,1113.25,665.081,4426.13,751.919,6.34173e+06,342.292,287.335,78800
2014-07-13,155.767,339.229,210.337,221.251,228.153,6.34752e+06,90.8332,81.782,78850
2014-07-20,178.544,387.526,232.615,458.745,259.772,6.34719e+06,103.422,93.3446,78850
2014-07-27,203.29,440.045,262.96,725.08,296.681,6.34682e+06,118.116,139.785,78850
2014-08-03,230.902,499.503,298.394,1026.92,337.277,6.34639e+06,134.278,142.103,78850
2014-08-10,262.136,567.006,338.744,1369.54,382.965,6.34591e+06,152.468,179.963,78850
2014-08-17,297.565,643.623,384.543,1758.48,434.743,6.34537e+06,173.082,150.182,78850
2014-08-24,337.769,730.564,436.515,2200,493.491,6.34475e+06,196.471,200.119,78850
2014-08-31,383.387,829.207,495.488,2701.18,560.153,6.34404e+06,223.011,224.435,78850
2014-09-07,435.143,941.115,562.402,3270.05,635.788,6.34324e+06,253.123,202.359,78850
2014-09-14,493.855,1068.06,638.316,3915.74,721.595,6.34233e+06,287.285,350.629,78850
2014-09-21,560.451,1212.03,724.432,4648.55,818.929,6.3413e+06,326.036,330.071,78850
2014-09-28,635.977,1375.29,822.108,5480.2,929.324,6.34014e+06,369.987,443.375,78850
2014-07-13,116.648,257.669,155.635,162.995,169.038,6.34776e+06,80.9446,107.712,78900
2014-07-20,136.879,301.073,175.282,340.263,196.915,6.3475e+06,94.2938,73.7599,78900
2014-07-27,159.35,349.432,202.45,543.153,230.058,6.3472e+06,110.164,156.639,78900
2014-08-03,185.004,405.421,234.809,778.152,267.358,6.34685e+06,128.025,106.945,78900
2014-08-10,214.678,470.398,272.461,1050.8,310.296,6.34644e+06,148.586,133.63,78900
2014-08-17,249.089,545.785,316.146,1367.16,360.046,6.34597e+06,172.41,142.761,78900
2014-08-24,289.005,633.231,366.82,1734.23,417.75,6.34543e+06,200.041,132.031,78900
2014-08-31,335.303,734.654,425.599,2160.14,484.683,6.34479e+06,232.093,196.439,78900
2014-09-07,388.999,852.276,493.774,2654.28,562.315,6.34406e+06,269.267,242.135,78900
2014-09-14,451.268,988.668,572.84,3227.56,652.346,6.34321e+06,312.379,246.894,78900
2014-09-21,523.469,1146.8,664.528,3892.61,756.745,6.34222e+06,362.37,305.215,78900
2014-09-28,607.176,1330.12,770.837,4664.09,877.788,6.34108e+06,420.332,519.324,78900
2014-07-13,87.3071,192.771,116.531,122.059,126.562,6.34793e+06,72.968,71.3844,78950
2014-07-20,102.375,225.087,131.167,254.751,147.329,6.34774e+06,84.9411,103.703,78950
2014-07-27,119.1,261.066,151.396,406.527,172.005,6.34751e+06,99.1679,108.744,78950
2014-08-03,138.181,302.696,175.477,582.203,199.757,6.34725e+06,115.168,141.583,78950
2014-08-10,160.239,350.978,203.48,785.885,231.684,6.34695e+06,133.576,131.476,78950
2014-08-17,185.803,406.963,235.949,1022.07,268.655,6.3466e+06,154.891,180.339,78950
2014-08-24,215.439,471.866,273.59,1295.94,311.51,6.34619e+06,179.598,150.439,78950
2014-08-31,249.794,547.101,317.227,1613.49,361.19,6.34572e+06,208.241,220.028,78950
2014-09-07,289.617,634.307,367.81,1981.69,418.779,6.34518e+06,241.444,149.038,78950
2014-09-14,335.774,735.378,426.444,2408.59,485.532,6.34454e+06,279.929,208.467,78950
2014-09-21,389.268,852.509,494.402,2903.53,562.899,6.34381e+06,324.535,313.689,78950
2014-09-28,451.258,988.234,573.161,3477.33,652.559,6.34296e+06,376.227,339.223,78950
2014-07-13,71.5973,157.195,96.0218,100.753,104.232,6.34802e+06,78.1435,72.3259,79000
2014-07-20,83.1729,181.907,107.298,209.711,120.234,6.34787e+06,90.1398,65.3045,79000
2014-07-27,95.9099,209.156,122.79,333.328,139.109,6.34769e+06,104.291,130.206,79000
2014-08-03,110.31,240.407,141.087,475.177,160.146,6.34748e+06,120.062,121.168,79000
2014-08-10,126.811,276.34,162.183,638.213,184.132,6.34725e+06,138.044,93.8504,79000
2014-08-17,145.768,317.645,186.433,825.627,211.664,6.34697e+06,158.685,193.708,79000
2014-08-24,167.555,365.117,214.303,1041.06,243.303,6.34666e+06,182.405,214.186,79000
2014-08-31,192.595,419.674,246.333,1288.7,279.665,6.3463e+06,209.666,140.146,79000
2014-09-07,221.37,482.367,283.144,1573.34,321.454,6.34589e+06,240.995,242.036,79000
2014-09-14,254.436,554.408,325.445,1900.51,369.476,6.34542e+06,276.998,297.986,79000
2014-09-21,292.431,637.182,374.054,2276.56,424.657,6.34487e+06,318.367,260.828,79000
2014-09-28,336.085,732.281,429.908,2708.77,488.06,6.34424e+06,365.901,233.844,79000
2014-07-13,85.5433,187.259,115.013,120.79,124.813,6.34794e+06,78.9714,102.352,79050
2014-07-20,98.8883,215.678,128.032,251.061,143.289,6.34776e+06,90.6614,94.6814,79050
2014-07-27,113.505,246.857,145.863,398.23,165,6.34755e+06,104.398,83.0502,79050
2014-08-03,129.951,282.447,166.834,566.34,189.082,6.3473e+06,119.635,116.148,79050
2014-08-10,148.708,323.182,190.906,758.678,216.409,6.34703e+06,136.926,164.744,79050
2014-08-17,170.158,369.791,218.449,978.768,247.633,6.34671e+06,156.681,112.246,79050
2014-08-24,194.697,423.115,249.958,1230.61,283.348,6.34635e+06,179.279,151.494,79050
2014-08-31,222.769,484.112,286.005,1518.77,324.207,6.34594e+06,205.131,236.918,79050
2014-09-07,254.881,553.885,327.24,1848.48,370.947,6.34547e+06,234.704,219.646,79050
2014-09-14,291.611,633.689,374.408,2225.72,424.41,6.34492e+06,268.531,216.118,79050
2014-09-21,333.62,724.958,428.359,2657.33,485.56,6.34431e+06,307.222,309.103,79050
2014-09-28,381.663,829.33,490.063,3151.12,555.496,6.3436e+06,351.471,309.864,79050
2014-07-13,101.789,221.64,137.468,144.608,149.109,6.34784e+06,80.3549,64.1981,79100
2014-07-20,116.642,253.132,151.996,299.809,169.73,6.34763e+06,91.4673,121.246,79100
2014-07-27,132.777,287.371,171.784,473.817,193.797,6.34738e+06,104.437,119.471,79100
2014-08-03,150.777,326.129,194.886,670.979,220.263,6.34711e+06,118.7,114.463,79100
2014-08-10,171.136,370.125,221.189,894.721,250.045,6.34679e+06,134.75,137.414,79100
2014-08-17,194.227,420.057,251.042,1148.66,283.793,6.34644e+06,152.936,124.463,79100
2014-08-24,220.427,476.713,284.914,1436.87,322.08,6.34603e+06,173.569,126.635,79100
2014-08-31,250.155,540.994,323.347,1763.96,365.522,6.34557e+06,196.98,236.515,79100
2014-09-07,283.881,613.919,366.951,2135.16,414.81,6.34505e+06,223.541,175.488,79100
2014-09-14,322.142,696.644,416.422,2556.42,470.727,6.34446e+06,253.675,217.696,79100
2014-09-21,365.544,790.478,472.542,3034.46,534.158,6.34379e+06,287.858,340.177,79100
2014-09-28,414.771,896.902,536.201,3576.91,606.108,6.34303e+06,326.632,349.742,79100
2014-07-13,83.4686,182.694,112.236,117.878,121.798,6.34795e+06,81.2962,82.4087,79150
2014-07-20,96.4698,210.378,124.92,244.993,139.799,6.34777e+06,93.3112,63.4856,79150
2014-07-27,110.707,240.744,142.29,388.571,160.949,6.34757e+06,107.428,136.012,79150
2014-08-03,126.723,275.399,162.716,552.547,184.402,6.34733e+06,123.082,113.078,79150
2014-08-10,144.985,315.056,186.157,740.119,211.012,6.34706e+06,140.844,155.537,79150
2014-08-17,165.867,360.424,212.974,954.713,241.41,6.34676e+06,161.133,132.998,79150
2014-08-24,189.75,412.317,243.646,1200.22,276.175,6.3464e+06,184.338,198.524,79150
2014-08-31,217.067,471.667,278.729,1481.07,315.938,6.346e+06,210.878,237.178,79150
2014-09-07,248.309,539.543,318.853,1802.36,361.416,6.34554e+06,241.233,265.976,79150
2014-09-14,284.038,617.163,364.743,2169.9,413.427,6.34501e+06,275.949,264.763,79150
2014-09-21,324.895,705.919,417.221,2590.33,472.905,6.34441e+06,315.648,290.498,79150
2014-09-28,371.611,807.398,477.231,3071.23,540.915,6.34372e+06,361.043,303.048,79150
2014-07-13,82.1239,177.38,111.66,117.745,121.027,6.34796e+06,82.7283,77.2487,79200
2014-07-20,92.8673,200.009,122.21,243.198,136.004,6.34779e+06,92.9655,95.7909,79200
2014-07-27,104.394,224.277,136.46,382.254,153.306,6.3476e+06,104.792,100.191,79200
2014-08-03,117.089,251.404,152.913,537.891,172.09,6.34739e+06,117.632,132.756,79200
2014-08-10,131.269,281.82,171.421,712.342,192.96,6.34715e+06,131.898,119.131,79200
2014-08-17,147.154,315.919,192.17,907.91,216.317,6.34689e+06,147.864,121.281,79200
2014-08-24,164.958,354.137,215.425,1127.15,242.491,6.34659e+06,165.755,188.952,79200
2014-08-31,184.912,396.969,241.488,1372.91,271.826,6.34625e+06,185.808,216.362,79200
2014-09-07,207.275,444.97,270.698,1648.4,304.704,6.34588e+06,208.281,214.089,79200
2014-09-14,232.335,498.76,303.434,1957.22,341.549,6.34546e+06,233.467,181.381,79200
2014-09-21,260.418,559.034,340.118,2303.37,382.838,6.34499e+06,261.69,250.265,79200
2014-09-28,291.884,626.569,381.226,2691.37,429.104,6.34446e+06,293.315,430.415,79200
2014-07-13,96.1713,212.654,128.202,134.222,139.256,6.34788e+06,67.679,62.9564,79250
2014-07-20,113.043,248.882,144.578,280.337,162.492,6.34766e+06,78.9716,69.2277,79250
2014-07-27,131.813,289.319,167.248,447.821,190.154,6.34741e+06,92.4153,116.078,79250
2014-08-03,153.278,336.212,194.29,642.117,221.337,6.34712e+06,107.571,145.754,79250
2014-08-10,178.149,390.723,225.805,867.897,257.295,6.34679e+06,125.046,117.222,79250
2014-08-17,207.036,454.07,262.429,1130.3,299.027,6.3464e+06,145.328,215.771,79250
2014-08-24,240.601,527.673,304.982,1435.26,347.509,6.34594e+06,168.891,166.783,79250
2014-08-31,279.596,613.183,354.423,1789.65,403.84,6.34541e+06,196.268,272.215,79250
2014-09-07,324.899,712.518,411.863,2201.5,469.284,6.3448e+06,228.073,141.496,79250
2014-09-14,377.524,827.902,478.592,2680.08,545.308,6.34409e+06,265.022,268.125,79250
2014-09-21,438.649,961.913,556.105,3236.18,633.616,6.34326e+06,307.94,297.318,79250
2014-09-28,509.636,1117.54,646.134,3882.33,736.18,6.34229e+06,357.786,431.768,79250
2014-07-13,149.672,326.56,201.794,212.145,218.923,6.34756e+06,88.2264,93.2099,79300
2014-07-20,172.081,374.15,223.692,440.249,250.002,6.34724e+06,100.751,102.799,79300
2014-07-27,196.498,426.064,253.578,696.729,286.366,6.34688e+06,115.406,75.7457,79300
2014-08-03,223.823,485.008,288.565,988.225,326.483,6.34646e+06,131.573,160.122,79300
2014-08-10,254.822,552.119,328.518,1320.04,371.764,6.34599e+06,149.821,175.951,79300
2014-08-17,290.087,628.508,373.996,1697.79,423.228,6.34546e+06,170.561,136.352,79300
2014-08-24,330.218,715.439,425.751,2127.82,481.787,6.34485e+06,194.161,232.059,79300
2014-08-31,375.883,814.352,484.646,2617.35,548.426,6.34416e+06,221.017,197.694,79300
2014-09-07,427.841,926.888,551.661,3174.58,624.251,6.34337e+06,251.574,216.436,79300
2014-09-14,486.952,1054.91,627.909,3808.85,710.519,6.34247e+06,286.34,271.911,79300
2014-09-21,554.192,1200.52,714.651,4530.77,808.656,6.34145e+06,325.89,309.369,79300
2014-09-28,630.666,1366.12,813.319,5352.38,920.282,6.34029e+06,370.875,294.066,79300
2014-07-13,90.0137,196.811,121.144,127.276,131.453,6.34791e+06,88.1768,89.6337,79350
2014-07-20,103.853,226.254,134.653,264.392,150.625,6.34772e+06,101.037,83.6529,79350
2014-07-27,118.982,258.49,153.132,419.033,173.119,6.3475e+06,116.126,176.177,79350
2014-08-03,135.974,295.219,174.83,595.356,198.022,6.34725e+06,132.83,153.493,79350
2014-08-10,155.316,337.179,199.69,796.725,226.228,6.34696e+06,151.75,164.11,79350
2014-08-17,177.395,385.103,228.084,1026.73,258.396,6.34663e+06,173.328,173.998,79350
2014-08-24,202.608,439.83,260.507,1289.43,295.124,6.34626e+06,197.965,116.888,79350
2014-08-31,231.397,502.318,297.53,1589.47,337.064,6.34583e+06,226.098,193.346,79350
2014-09-07,264.268,573.663,339.806,1932.15,384.953,6.34534e+06,258.221,269.942,79350
2014-09-14,301.798,655.116,388.074,2323.51,439.63,6.34478e+06,294.897,282.3,79350
2014-09-21,344.643,748.099,443.182,2770.45,502.053,6.34414e+06,336.769,352.5,79350
2014-09-28,393.551,854.234,506.093,3280.85,573.312,6.34342e+06,384.569,460.343,79350
2014-07-13,102.638,223.391,138.665,145.887,150.402,6.34784e+06,86.9046,37.1555,79400
2014-07-20,117.53,254.955,153.235,302.399,171.082,6.34762e+06,98.8535,117.116,79400
2014-07-27,133.697,289.246,173.07,477.768,195.204,6.34738e+06,112.792,148.554,79400
2014-08-03,151.719,328.036,196.213,676.338,221.713,6.3471e+06,128.109,104.273,79400
2014-08-10,172.089,372.039,222.546,901.526,251.522,6.34678e+06,145.333,134.11,79400
2014-08-17,195.178,421.945,252.412,1156.94,285.276,6.34642e+06,164.837,67.1896,79400
2014-08-24,221.358,478.533,286.276,1446.62,323.546,6.34602e+06,186.949,142.351,79400
2014-08-31,251.041,542.694,324.674,1775.16,366.938,6.34556e+06,212.022,310.397,79400
2014-09-07,284.696,615.433,368.21,2147.76,416.137,6.34503e+06,240.45,297.056,79400
2014-09-14,322.849,697.892,417.569,2570.32,471.914,6.34444e+06,272.679,326.167,79400
2014-09-21,366.099,791.362,473.525,3049.51,535.146,6.34377e+06,309.215,317.569,79400
2014-09-28,415.121,897.3,536.954,3592.9,606.82,6.34301e+06,350.629,421.021,79400
2014-07-13,81.463,177.053,110.188,115.976,119.499,6.34797e+06,82.3086,94.9742,79450
2014-07-20,93.0668,201.619,121.548,240.239,135.623,6.34779e+06,93.4149,55.5361,79450
2014-07-27,105.636,228.245,136.991,379.195,154.399,6.3476e+06,106.347,60.2089,79450
2014-08-03,119.618,258.298,154.976,536.197,174.987,6.34738e+06,120.528,140.931,79450
2014-08-10,135.387,292.319,175.397,713.863,198.087,6.34713e+06,136.438,140.961,79450
2014-08-17,153.223,330.822,198.508,914.94,224.189,6.34685e+06,154.417,145.47,79450
2014-08-24,173.404,374.391,224.659,1142.51,253.72,6.34654e+06,174.757,189.558,79450
2014-08-31,196.239,423.686,254.248,1400.05,287.134,6.34618e+06,197.773,216.313,79450
2014-09-07,222.074,479.458,287.727,1691.52,324.941,6.34577e+06,223.813,165.963,79450
2014-09-14,251.304,542.554,325.606,2021.35,367.715,6.34531e+06,253.276,207.618,79450
2014-09-21,284.37,613.93,368.46,2394.61,416.107,6.34479e+06,286.607,230.497,79450
2014-09-28,321.775,694.666,416.938,2816.98,470.849,6.3442e+06,324.312,359.865,79450
2014-07-13,99.1419,215.278,134.204,141.293,145.532,6.34786e+06,78.1601,88.6374,79500
2014-07-20,113.092,244.789,147.868,292.556,164.927,6.34765e+06,88.5761,48.2637,79500
2014-07-27,128.182,276.723,166.424,461.482,187.483,6.34742e+06,100.69,133.959,79500
2014-08-03,144.941,312.714,188.006,652.079,212.179,6.34715e+06,113.953,55.8803,79500
2014-08-10,163.815,353.398,212.477,867.455,239.847,6.34685e+06,128.813,151.13,79500
2014-08-17,185.131,399.374,240.132,1110.86,271.065,6.34651e+06,145.579,150.968,79500
2014-08-24,209.215,451.323,271.378,1385.95,306.332,6.34613e+06,164.52,230.142,79500
2014-08-31,236.425,510.012,306.68,1696.83,346.178,6.3457e+06,185.92,119.854,79500
2014-09-07,267.166,576.314,346.565,2048.14,391.196,6.34521e+06,210.097,243.463,79500
2014-09-14,301.892,651.209,391.624,2445.13,442.052,6.34466e+06,237.41,419.311,79500
2014-09-21,341.118,735.804,442.524,2893.73,499.5,6.34404e+06,268.263,374.451,79500
2014-09-28,385.423,831.346,500.018,3400.63,564.389,6.34333e+06,303.113,325.819,79500
2014-07-13,102.444,224.516,137.601,144.462,149.343,6.34784e+06,79.3021,90.4012,79550
2014-07-20,118.652,259.064,153.405,300.428,171.769,6.34762e+06,91.2108,91.2042,79550
2014-07-27,136.436,297.043,175.075,476.92,198.162,6.34736e+06,105.225,103.356,79550
2014-08-03,156.483,340.472,200.603,678.881,227.489,6.34707e+06,120.799,122.411,79550
2014-08-10,179.387,390.265,229.954,910.36,260.83,6.34674e+06,138.503,146.763,79550
2014-08-17,205.626,447.339,263.598,1175.71,298.992,6.34636e+06,158.767,165.955,79550
2014-08-24,235.696,512.745,302.153,1479.87,342.719,6.34592e+06,181.987,223.398,79550
2014-08-31,270.153,587.694,346.336,1828.52,392.83,6.34542e+06,208.596,213.908,79550
2014-09-07,309.636,673.57,396.966,2228.14,450.251,6.34484e+06,239.087,247.685,79550
2014-09-14,354.875,771.957,454.979,2686.17,516.045,6.34418e+06,274.024,333.498,79550
2014-09-21,406.701,884.667,521.447,3211.13,591.424,6.34343e+06,314.051,344.23,79550
2014-09-28,466.07,1013.77,597.593,3812.76,677.777,6.34256e+06,359.905,419.569,79550
2014-07-13,124.822,273.29,167.799,176.219,182.1,6.34771e+06,86.1797,94.1961,79600
2014-07-20,144.336,314.849,186.834,366.297,209.114,6.34744e+06,98.9641,119.674,79600
2014-07-27,165.712,360.456,212.909,581.087,240.864,6.34713e+06,113.99,82.1095,79600
2014-08-03,189.77,412.524,243.582,826.501,276.087,6.34678e+06,130.659,146.437,79600
2014-08-10,217.214,472.129,278.795,1107.35,316.067,6.34637e+06,149.58,114.042,79600
2014-08-17,248.603,540.341,319.095,1428.81,361.753,6.34591e+06,171.201,156.435,79600
2014-08-24,284.517,618.388,365.205,1796.72,414.022,6.34539e+06,195.937,187.869,79600
2014-08-31,325.606,707.677,417.961,2217.79,473.824,6.34478e+06,224.239,169.691,79600
2014-09-07,372.613,809.818,478.318,2699.67,542.24,6.34409e+06,256.617,349.906,79600
2014-09-14,426.383,926.648,547.365,3251.13,620.505,6.3433e+06,293.657,293.466,79600
2014-09-21,487.883,1060.26,626.345,3882.17,710.026,6.34239e+06,336.023,375.662,79600
2014-09-28,558.214,1213.05,716.677,4604.25,812.409,6.34136e+06,384.476,372.649,79600
2014-07-13,84.7287,186.797,113.235,118.662,122.964,6.34795e+06,76.8261,81.219,79650
2014-07-20,99.1037,217.589,127.209,247.48,142.792,6.34776e+06,89.2144,89.8714,79650
2014-07-27,115.023,251.784,146.492,394.504,166.307,6.34754e+06,103.906,110.22,79650
2014-08-03,133.141,291.256,169.398,564.287,192.689,6.34729e+06,120.389,145.955,79650
2014-08-10,154.036,336.93,195.974,760.679,222.968,6.347e+06,139.307,140.285,79650
2014-08-17,178.195,389.767,226.718,987.881,257.946,6.34667e+06,161.161,120.019,79650
2014-08-24,206.138,450.879,262.277,1250.72,298.399,6.34628e+06,186.435,201.952,79650
2014-08-31,238.456,521.557,303.403,1554.78,345.186,6.34583e+06,215.667,229.194,79650
2014-09-07,275.83,603.29,350.967,1906.51,399.296,6.34531e+06,249.474,211.962,79650
2014-09-14,319.05,697.802,405.973,2313.38,461.871,6.34471e+06,288.57,358.845,79650
2014-09-21,369.025,807.079,469.58,2784,534.229,6.34402e+06,333.778,355.637,79650
2014-09-28,426.804,933.413,543.126,3328.35,617.892,6.34322e+06,386.049,361.718,79650
2014-07-13,108.713,235.246,147.585,155.542,159.993,6.3478e+06,95.3391,127.947,79700
2014-07-20,123.309,266.034,161.905,321.542,180.32,6.34758e+06,107.452,106.997,79700
2014-07-27,139.012,299.154,181.283,506.022,203.858,6.34732e+06,121.478,117.638,79700
2014-08-03,156.357,336.281,203.712,713.077,229.485,6.34704e+06,136.749,157.569,79700
2014-08-10,175.785,378.025,229.013,945.817,258.041,6.34672e+06,153.765,179.502,79700
2014-08-17,197.61,424.951,257.455,1207.46,290.088,6.34636e+06,172.862,165.72,79700
2014-08-24,222.138,477.69,289.419,1501.6,326.1,6.34596e+06,194.321,176.995,79700
2014-08-31,249.704,536.958,325.342,1832.25,366.572,6.34551e+06,218.439,235.233,79700
2014-09-07,280.681,603.557,365.712,2203.93,412.054,6.345e+06,245.541,287.306,79700
2014-09-14,315.489,678.389,411.078,2621.73,463.162,6.34442e+06,275.996,363.257,79700
2014-09-21,354.598,762.464,462.052,3091.34,520.588,6.34378e+06,310.216,246.242,79700
2014-09-28,398.536,856.914,519.325,3619.18,585.108,6.34306e+06,348.663,444.422,79700
2014-07-13,78.8299,172.155,106.198,111.614,115.223,6.34798e+06,78.6484,110.606,79750
2014-07-20,90.7728,197.539,117.863,231.726,131.777,6.34781e+06,89.9483,128.378,79750
2014-07-27,103.806,225.276,133.799,366.962,151.172,6.34762e+06,103.187,113.285,79750
2014-08-03,118.415,256.821,152.482,520.883,172.603,6.3474e+06,117.815,123.405,79750
2014-08-10,135.015,292.794,173.849,696.348,196.833,6.34715e+06,134.354,138.542,79750
2014-08-17,153.931,333.808,198.21,896.402,224.415,6.34687e+06,153.181,146.065,79750
2014-08-24,175.492,380.56,225.979,1124.49,255.852,6.34654e+06,174.639,143.01,79750
2014-08-31,200.069,433.848,257.631,1384.52,291.686,6.34617e+06,199.098,199.687,79750
2014-09-07,228.081,494.583,293.709,1680.97,332.53,6.34575e+06,226.978,264.672,79750
2014-09-14,260.006,563.801,334.83,2018.93,379.082,6.34527e+06,258.753,267.368,79750
2014-09-21,296.39,642.681,381.695,2404.2,432.136,6.34473e+06,294.967,258.602,79750
2014-09-28,337.85,732.563,435.103,2843.39,492.596,6.3441e+06,336.235,303.527,79750
2014-07-13,122.813,269.337,164.868,173.052,178.946,6.34772e+06,83.2636,73.7715,79800
2014-07-20,142.401,311.112,183.96,360,206.04,6.34745e+06,95.8704,65.058,79800
2014-07-27,163.915,357.086,210.159,571.754,237.952,6.34715e+06,110.719,99.1031,79800
2014-08-03,188.192,409.711,241.049,814.314,273.45,6.3468e+06,127.236,135.758,79800
2014-08-10,215.957,470.105,276.6,1092.61,313.847,6.34639e+06,146.033,115.071,79800
2014-08-17,247.795,539.398,317.391,1411.95,360.13,6.34593e+06,167.568,194.65,79800
2014-08-24,284.317,618.885,364.182,1778.37,413.215,6.3454e+06,192.269,190.969,79800
2014-08-31,326.208,710.053,417.854,2198.81,474.108,6.3448e+06,220.602,236.724,79800
2014-09-07,374.254,814.611,479.417,2681.2,543.951,6.3441e+06,253.1,208.148,79800
2014-09-14,429.354,934.51,550.022,3234.64,624.051,6.3433e+06,290.37,281.472,79800
2014-09-21,492.535,1071.99,630.991,3869.58,715.905,6.34238e+06,333.11,342.492,79800
2014-09-28,564.974,1229.59,723.834,4597.96,821.224,6.34133e+06,382.115,342.204,79800
2014-07-13,75.6202,164.344,102.29,107.665,110.933,6.348e+06,81.0501,50.4472,79850
2014-07-20,86.3831,187.129,112.827,223.017,125.89,6.34784e+06,91.9775,106.007,79850
2014-07-27,98.0407,211.822,127.151,351.998,143.304,6.34766e+06,104.701,101.782,79850
2014-08-03,111.007,239.691,143.83,497.716,162.397,6.34746e+06,118.651,121.579,79850
2014-08-10,125.629,271.236,162.768,662.596,183.818,6.34723e+06,134.301,126.492,79850
2014-08-17,142.167,306.936,184.198,849.187,208.021,6.34697e+06,151.985,140.338,79850
2014-08-24,160.878,347.328,208.445,1060.34,235.402,6.34667e+06,171.99,182.403,79850
2014-08-31,182.047,393.027,235.879,1299.29,266.381,6.34634e+06,194.623,152.36,79850
2014-09-07,205.997,444.727,266.916,1569.68,301.43,6.34596e+06,220.231,234.18,79850
2014-09-14,233.092,503.211,302.03,1875.65,341.081,6.34554e+06,249.201,232.264,79850
2014-09-21,263.741,569.367,341.753,2221.86,385.936,6.34505e+06,281.973,294.302,79850
2014-09-28,298.41,644.195,386.688,2613.6,436.675,6.34451e+06,319.044,437.945,79850
2014-07-13,102.192,218.862,139.917,147.912,151.541,6.34784e+06,101.164,108.193,79900
2014-07-20,113.974,243.51,151.536,304.33,168.036,6.34764e+06,112.176,115.331,79900
2014-07-27,126.454,269.566,167.093,475.665,186.892,6.34741e+06,124.763,107.287,79900
2014-08-03,140.014,298.308,184.848,664.998,207.089,6.34716e+06,138.246,111.847,79900
2014-08-10,154.962,330.123,204.572,874.507,229.232,6.34689e+06,153.028,163.421,79900
2014-08-17,171.493,365.331,226.401,1106.37,253.693,6.34658e+06,169.357,185.744,79900
2014-08-24,189.782,404.286,250.551,1362.97,280.751,6.34624e+06,187.421,180.188,79900
2014-08-31,210.016,447.384,277.27,1646.94,310.688,6.34587e+06,207.406,169.039,79900
2014-09-07,232.401,495.061,306.831,1961.19,343.809,6.34545e+06,229.516,247.659,79900
2014-09-14,257.165,547.802,339.534,2308.94,380.45,6.345e+06,253.976,182.403,79900
2014-09-21,284.557,606.14,375.711,2693.74,420.981,6.34449e+06,281.034,304.576,79900
2014-09-28,314.856,670.664,415.728,3119.54,465.815,6.34393e+06,310.963,270.705,79900
2014-07-13,98.137,215.996,131.341,137.708,142.604,6.34787e+06,72.6329,62.8263,79950
2014-07-20,114.469,250.93,147.23,286.969,165.151,6.34765e+06,84.1169,75.3332,79950
2014-07-27,132.507,289.614,169.118,456.914,191.832,6.3474e+06,97.7063,74.7779,79950
2014-08-03,152.981,334.148,195.056,652.66,221.685,6.34712e+06,112.911,123.354,79950
2014-08-10,176.531,385.545,225.072,878.497,255.854,6.34678e+06,130.315,107.261,79950
2014-08-17,203.688,444.846,259.705,1139.09,295.223,6.3464e+06,150.367,185.916,79950
2014-08-24,235.016,513.255,299.657,1439.77,340.634,6.34596e+06,173.496,255.318,79950
2014-08-31,271.153,592.162,345.743,1786.7,393.018,6.34545e+06,200.177,233.538,79950
2014-09-07,312.834,683.171,398.902,2186.98,453.441,6.34487e+06,230.952,294.808,79950
2014-09-14,360.905,788.129,460.216,2648.8,523.131,6.34419e+06,266.448,264.953,79950
2014-09-21,416.342,909.159,530.929,3181.59,603.502,6.34341e+06,307.384,419.641,79950
2014-09-28,480.265,1048.71,612.475,3796.23,696.182,6.34251e+06,354.589,320.451,79950
2014-07-13,88.1332,191.176,119.405,125.751,129.472,6.34793e+06,88.8877,73.0626,80000
2014-07-20,100.364,217.029,131.391,260.25,146.485,6.34774e+06,100.568,86.3247,80000
2014-07-27,113.574,244.956,147.652,410.236,166.247,6.34753e+06,114.135,109.368,80000
2014-08-03,128.221,276.382,166.537,579.198,187.848,6.3473e+06,128.965,130.459,80000
2014-08-10,144.691,311.85,187.918,769.827,212.009,6.34704e+06,145.553,162.568,80000
2014-08-17,163.262,351.87,212.043,984.93,239.229,6.34674e+06,164.24,171.055,80000
2014-08-24,184.213,397.018,239.26,1227.64,269.931,6.3464e+06,185.319,163.711,80000
2014-08-31,207.847,447.948,269.962,1501.51,304.566,6.34602e+06,209.097,240.448,80000
2014-09-07,234.507,505.396,304.596,1810.51,343.637,6.34559e+06,235.921,242.357,80000
2014-09-14,264.578,570.191,343.663,2159.15,387.708,6.34511e+06,266.177,220.84,80000
2014-09-21,298.493,643.268,387.728,2552.5,437.415,6.34457e+06,300.304,311.633,80000
2014-09-28,336.743,725.679,437.427,2996.28,493.477,6.34395e+06,338.792,405.11,80000
2014-07-13,107.433,229.629,147.334,155.842,159.545,6.34781e+06,91.6226,84.0508,80050
2014-07-20,119.431,254.689,159.176,320.359,176.36,6.3476e+06,101.279,113.407,80050
2014-07-27,132.102,281.09,175.002,500.067,195.534,6.34736e+06,112.29,90.6233,80050
2014-08-03,145.826,310.124,193.016,698.06,216.006,6.3471e+06,124.046,112.512,80050
2014-08-10,160.908,342.164,212.967,916.49,238.381,6.34682e+06,136.896,146.95,80050
2014-08-17,177.535,377.513,234.98,1157.5,263.022,6.3465e+06,151.047,165.852,80050
2014-08-24,195.876,416.507,259.261,1423.41,290.198,6.34615e+06,166.653,205.002,80050
2014-08-31,216.106,459.517,286.044,1716.81,320.173,6.34577e+06,183.867,221.858,80050
2014-09-07,238.418,506.952,315.585,2040.5,353.235,6.34535e+06,202.854,254.167,80050
2014-09-14,263.027,559.267,348.167,2397.62,389.701,6.34488e+06,223.795,217.284,80050
2014-09-21,290.165,616.957,384.101,2791.6,429.916,6.34437e+06,246.889,236.139,80050
2014-09-28,320.091,680.571,423.728,3226.24,474.265,6.3438e+06,272.358,238.24,80050
2014-07-13,66.8947,146.3,90.0103,94.5589,97.672,6.34805e+06,70.2654,66.0798,80100
2014-07-20,77.2123,168.256,100.08,196.452,111.963,6.34791e+06,80.5465,77.3892,80100
2014-07-27,88.4969,192.306,113.859,311.41,128.737,6.34774e+06,92.6139,140.206,80100
2014-08-03,101.176,219.721,130.045,442.54,147.315,6.34756e+06,105.979,129.667,80100
2014-08-10,115.616,251.054,148.597,592.356,168.368,6.34734e+06,121.124,143.482,80100
2014-08-17,132.106,286.857,169.796,763.545,192.388,6.3471e+06,138.404,57.5829,80100
2014-08-24,150.946,327.762,194.014,959.153,219.826,6.34682e+06,158.143,58.7962,80100
2014-08-31,172.468,374.491,221.681,1182.66,251.173,6.3465e+06,180.694,170.746,80100
2014-09-07,197.055,427.871,253.289,1438.03,286.983,6.34613e+06,206.456,184.338,80100
2014-09-14,225.14,488.845,289.395,1729.82,327.89,6.34572e+06,235.885,187.517,80100
2014-09-21,257.22,558.489,330.639,2063.19,374.617,6.34524e+06,269.5,322.439,80100
2014-09-28,293.861,638.029,377.749,2444.07,427.988,6.3447e+06,307.895,312.346,80100
2014-07-13,161.911,348.567,220.738,232.994,239.186,6.34749e+06,90.5777,90.5142,80150
2014-07-20,182.113,391.005,240.61,480.519,267.397,6.34716e+06,101.261,88.0252,80150
2014-07-27,203.679,436.258,267.357,753.622,299.851,6.34679e+06,113.551,127.238,80150
2014-08-03,227.302,486.575,298.099,1057.78,334.897,6.34638e+06,126.823,133.376,80150
2014-08-10,253.55,542.703,332.508,1397,373.629,6.34592e+06,141.49,130.995,80150
2014-08-17,282.803,605.298,370.884,1775.37,416.751,6.34542e+06,157.82,175.833,80150
2014-08-24,315.417,675.089,413.671,2197.41,464.822,6.34485e+06,176.024,148.209,80150
2014-08-31,351.778,752.894,461.375,2668.12,518.418,6.34422e+06,196.32,108.165,80150
2014-09-07,392.313,839.624,514.559,3193.11,578.168,6.34351e+06,218.947,223.296,80150
2014-09-14,437.496,936.292,573.845,3778.59,644.772,6.34272e+06,244.17,164.377,80150
2014-09-21,487.854,1044.02,639.927,4431.52,719.009,6.34185e+06,272.283,275.754,80150
2014-09-28,543.972,1164.07,713.577,5159.61,801.744,6.34087e+06,303.614,285.548,80150
2014-07-13,77.8199,167.247,106.244,112.2,115.106,6.34799e+06,73.6795,47.9463,80200
2014-07-20,87.2861,187.106,115.563,231.217,128.336,6.34783e+06,82.1476,68.4131,80200
2014-07-27,97.3661,208.224,128.085,362.219,143.524,6.34765e+06,91.8699,107.568,80200
2014-08-03,108.38,231.646,142.445,507.743,159.884,6.34746e+06,102.341,152.649,80200
2014-08-10,120.587,257.712,158.48,669.626,177.918,6.34724e+06,113.886,93.6653,80200
2014-08-17,134.159,286.712,176.321,849.733,197.948,6.347e+06,126.707,83.4404,80200
2014-08-24,149.255,318.971,196.165,1050.11,220.224,6.34674e+06,140.966,58.7775,80200
2014-08-31,166.047,354.852,218.239,1273.04,245.003,6.34644e+06,156.826,150.436,80200
2014-09-07,184.724,394.76,242.791,1521.06,272.564,6.34611e+06,174.468,103.526,80200
2014-09-14,205.496,439.145,270.098,1796.97,303.218,6.34574e+06,194.09,222.555,80200
2014-09-21,228.599,488.507,300.47,2103.91,337.311,6.34533e+06,215.913,234.022,80200
2014-09-28,254.291,543.399,334.248,2445.35,375.227,6.34487e+06,240.183,306.111,80200
2014-07-13,69.2993,151.255,93.4035,98.1838,101.335,6.34804e+06,69.0327,49.3874,80250
2014-07-20,79.7234,173.4,103.588,203.789,115.789,6.34789e+06,78.879,96.4942,80250
2014-07-27,91.089,197.576,117.493,322.594,132.71,6.34772e+06,90.4062,77.322,80250
2014-08-03,103.818,225.046,133.782,457.696,151.391,6.34753e+06,103.132,148.178,80250
2014-08-10,118.269,256.346,152.396,611.574,172.492,6.34731e+06,117.507,142.305,80250
2014-08-17,134.721,292.001,173.6,786.863,196.493,6.34706e+06,133.857,141.459,80250
2014-08-24,153.459,332.61,197.749,986.538,223.824,6.34678e+06,152.476,179.299,80250
2014-08-31,174.799,378.859,225.252,1213.99,254.952,6.34646e+06,173.681,118.208,80250
2014-09-07,199.102,431.526,256.575,1473.07,290.403,6.34609e+06,197.831,181.886,80250
2014-09-14,226.778,491.501,292.246,1768.17,330.774,6.34567e+06,225.333,111.329,80250
2014-09-21,258.293,559.791,332.867,2104.3,376.747,6.34519e+06,256.651,339.987,80250
2014-09-28,294.176,637.545,379.121,2487.14,429.094,6.34465e+06,292.312,330.503,80250
2014-07-13,80.4607,177.956,107.238,112.265,116.487,6.34797e+06,65.9484,60.372,80300
2014-07-20,94.6126,208.35,120.973,234.504,135.974,6.34779e+06,76.9812,38.8063,80300
2014-07-27,110.363,242.29,139.991,374.668,159.182,6.34758e+06,90.1199,81.9387,80300
2014-08-03,128.383,281.665,162.684,537.328,185.354,6.34734e+06,104.937,135.654,80300
2014-08-10,149.269,327.453,189.142,726.416,215.546,6.34706e+06,122.03,138.463,80300
2014-08-17,173.538,380.687,219.902,946.255,250.599,6.34673e+06,141.875,193.554,80300
2014-08-24,201.748,442.564,255.655,1201.84,291.34,6.34635e+06,164.941,154.037,80300
2014-08-31,234.538,514.482,297.213,1498.98,338.695,6.3459e+06,191.75,170.372,80300
2014-09-07,272.646,598.064,345.515,1844.41,393.734,6.34539e+06,222.911,230.671,80300
2014-09-14,316.935,695.195,401.652,2245.97,457.701,6.34479e+06,259.125,194.296,80300
2014-09-21,368.399,808.059,466.891,2712.77,532.036,6.34409e+06,301.21,292.329,80300
2014-09-28,428.198,939.19,542.699,3255.38,618.413,6.34328e+06,350.112,435.922,80300
2014-07-13,73.7194,160.626,99.5047,104.652,107.938,6.34801e+06,75.7898,59.4699,80350
2014-07-20,84.5682,183.641,110.113,217.038,122.994,6.34785e+06,86.3615,104.828,80350
2014-07-27,96.3655,208.692,124.571,343.161,140.581,6.34768e+06,98.7109,90.7547,80350
2014-08-03,109.541,237.08,141.467,486.209,159.944,6.34748e+06,112.306,84.0979,80350
2014-08-10,124.459,269.34,160.725,648.707,181.756,6.34725e+06,127.622,182.143,80350
2014-08-17,141.398,305.992,182.604,833.326,206.499,6.34699e+06,144.995,87.13,80350
2014-08-24,160.639,347.626,207.456,1043.07,234.6,6.34669e+06,164.727,182.642,80350
2014-08-31,182.494,394.915,235.685,1281.37,266.521,6.34636e+06,187.141,164.577,80350
2014-09-07,207.317,448.625,267.749,1552.08,302.777,6.34597e+06,212.599,210.295,80350
2014-09-14,235.51,509.624,304.167,1859.62,343.957,6.34554e+06,241.513,318.213,80350
2014-09-21,267.528,578.896,345.528,2208.98,390.724,6.34505e+06,274.352,279.408,80350
2014-09-28,303.888,657.557,392.5,2605.84,443.836,6.34449e+06,311.645,401.449,80350
2014-07-13,130.349,286.039,174.894,183.542,189.84,6.34768e+06,76.2176,109,80400
2014-07-20,151.292,330.724,195.3,381.933,218.798,6.34739e+06,87.8439,76.7359,80400
2014-07-27,174.315,379.952,223.32,606.846,252.932,6.34707e+06,101.548,128.425,80400
2014-08-03,200.32,436.354,256.385,864.719,290.938,6.34669e+06,116.807,162.29,80400
2014-08-10,230.088,501.144,294.473,1160.86,334.232,6.34626e+06,134.189,149.419,80400
2014-08-17,264.257,575.548,338.216,1501,383.879,6.34577e+06,154.121,117.758,80400
2014-08-24,303.486,660.975,388.438,1891.65,440.876,6.34521e+06,177.005,119.965,80400
2014-08-31,348.525,759.046,446.1,2340.3,506.315,6.34456e+06,203.277,127.728,80400
2014-09-07,400.228,871.621,512.299,2855.55,581.439,6.34381e+06,233.439,208.255,80400
2014-09-14,459.574,1000.83,588.29,3447.23,667.675,6.34295e+06,268.061,300.97,80400
2014-09-21,527.686,1149.11,675.513,4126.66,766.654,6.34197e+06,307.799,371.906,80400
2014-09-28,605.845,1319.25,775.615,4906.8,880.242,6.34084e+06,353.403,335.977,80400
2014-07-13,97.1605,213.488,130.219,136.603,141.364,6.34787e+06,89.5459,78.185,80450
2014-07-20,113.015,247.355,145.658,284.436,163.272,6.34766e+06,103.423,125.097,80450
2014-07-27,130.481,284.749,166.886,452.348,189.14,6.34742e+06,119.809,105.724,80450
2014-08-03,150.252,327.685,191.983,645.255,218.005,6.34713e+06,138.093,192.931,80450
2014-08-10,172.932,377.109,220.953,867.24,250.955,6.34681e+06,158.965,128.225,80450
2014-08-17,199.02,433.988,254.293,1122.72,288.822,6.34644e+06,182.952,168.527,80450
2014-08-24,229.035,499.432,292.653,1416.75,332.386,6.34601e+06,210.547,156.85,80450
2014-08-31,263.569,574.725,336.788,1755.12,382.51,6.34552e+06,242.297,257.438,80450
2014-09-07,303.299,661.341,387.566,2144.52,440.176,6.34495e+06,278.826,351.124,80450
2014-09-14,349.002,760.975,445.983,2592.62,506.516,6.3443e+06,320.848,326.065,80450
2014-09-21,401.572,875.571,513.181,3108.25,582.826,6.34355e+06,369.186,541.001,80450
2014-09-28,462.033,1007.36,590.473,3701.55,670.597,6.34269e+06,424.784,420.957,80450
2014-07-13,126.76,276.822,170.771,179.481,185.282,6.3477e+06,84.5492,80.7896,80500
2014-07-20,145.959,317.626,189.523,372.624,211.896,6.34742e+06,96.6938,91.2299,80500
2014-07-27,166.908,362.209,215.142,590.079,243.073,6.34712e+06,110.921,128.323,80500
2014-08-03,190.388,412.904,245.171,837.57,277.519,6.34676e+06,126.64,138.365,80500
2014-08-10,217.065,470.708,279.512,1119.69,316.458,6.34636e+06,144.408,140.639,80500
2014-08-17,247.457,536.6,318.659,1441.32,360.78,6.34591e+06,164.633,149.649,80500
2014-08-24,282.094,611.696,363.274,1807.99,411.286,6.34538e+06,187.681,173.022,80500
2014-08-31,321.567,697.272,414.12,2225.99,468.846,6.34479e+06,213.947,187.9,80500
2014-09-07,366.547,794.781,472.062,2702.49,534.438,6.34411e+06,243.878,241.359,80500
2014-09-14,417.796,905.875,538.087,3245.64,609.178,6.34334e+06,277.984,275.761,80500
2014-09-21,476.183,1032.43,613.313,3864.75,694.331,6.34246e+06,316.842,297.167,80500
2014-09-28,542.693,1176.59,699.014,4570.38,791.337,6.34146e+06,361.108,322.574,80500
2014-07-13,127.54,272.507,174.962,185.086,189.457,6.34769e+06,118.561,108.927,80550
2014-07-20,141.7,302.07,188.94,380.411,209.304,6.34744e+06,130.981,106.786,80550
2014-07-27,156.643,333.196,207.612,593.663,231.924,6.34716e+06,145.137,156.988,80550
2014-08-03,172.819,367.403,228.854,828.482,256.061,6.34685e+06,160.242,164.287,80550
2014-08-10,190.584,405.13,252.367,1087.39,282.425,6.34651e+06,176.74,184.284,80550
2014-08-17,210.158,446.728,278.294,1372.91,311.441,6.34614e+06,194.898,243.596,80550
2014-08-24,231.735,492.587,306.875,1687.75,343.422,6.34573e+06,214.912,196.901,80550
2014-08-31,255.521,543.135,338.381,2034.92,378.677,6.34528e+06,236.974,268.038,80550
2014-09-07,281.738,598.85,373.111,2417.73,417.537,6.34478e+06,261.292,258.427,80550
2014-09-14,310.634,660.255,411.391,2839.82,460.369,6.34423e+06,288.097,342.143,80550
2014-09-21,342.479,727.925,453.581,3305.2,507.576,6.34362e+06,317.638,425.523,80550
2014-09-28,377.573,802.492,500.077,3818.31,559.6,6.34295e+06,350.194,299.091,80550
2014-07-13,79.9895,176.211,106.972,112.127,116.155,6.34797e+06,78.4572,74.1011,80600
2014-07-20,93.4388,205.001,120.052,233.762,134.714,6.3478e+06,90.9929,78.6595,80600
2014-07-27,108.315,236.931,138.085,372.43,156.702,6.34759e+06,105.844,158.515,80600
2014-08-03,125.224,273.742,159.484,532.37,181.339,6.34736e+06,122.485,131.01,80600
2014-08-10,144.701,316.287,184.281,717.153,209.58,6.34709e+06,141.561,174.399,80600
2014-08-17,167.194,365.445,212.932,930.666,242.165,6.34677e+06,163.57,141.281,80600
2014-08-24,193.179,422.234,246.031,1177.37,279.804,6.34641e+06,188.994,128.731,80600
2014-08-31,223.195,487.833,284.266,1462.42,323.285,6.34599e+06,218.363,322.753,80600
2014-09-07,257.868,563.604,328.434,1791.77,373.512,6.34551e+06,252.289,205.602,80600
2014-09-14,297.915,651.118,379.452,2172.28,431.528,6.34495e+06,291.476,262.285,80600
2014-09-21,344.167,752.184,438.378,2611.88,498.534,6.3443e+06,336.735,282.344,80600
2014-09-28,397.579,868.89,506.431,3119.75,575.918,6.34356e+06,389.004,410.504,80600
2014-07-13,81.9393,178.565,110.585,116.299,119.959,6.34796e+06,81.016,70.2543,80650
2014-07-20,94.0228,204.202,122.399,241.212,136.727,6.34779e+06,92.3406,71.0906,80650
2014-07-27,107.166,232.116,138.504,381.425,156.318,6.34759e+06,105.572,110.603,80650
2014-08-03,121.848,263.754,157.329,540.492,177.892,6.34737e+06,120.142,100.638,80650
2014-08-10,138.476,299.717,178.789,721.233,202.201,6.34711e+06,136.56,147.145,80650
2014-08-17,157.361,340.584,203.177,926.628,229.783,6.34682e+06,155.188,195.789,80650
2014-08-24,178.816,387.017,230.885,1160.04,261.116,6.34649e+06,176.349,185.471,80650
2014-08-31,203.193,439.768,262.365,1425.27,296.715,6.34612e+06,200.391,194.101,80650
2014-09-07,230.885,499.693,298.128,1726.67,337.158,6.34569e+06,227.705,288.357,80650
2014-09-14,262.343,567.765,338.757,2069.14,383.103,6.34521e+06,258.735,236.836,80650
2014-09-21,298.077,645.085,384.91,2458.28,435.293,6.34466e+06,293.982,269.85,80650
2014-09-28,338.663,732.901,437.335,2900.43,494.573,6.34404e+06,334.018,385.775,80650
2014-07-13,110.907,240.236,150.437,158.501,163.1,6.34779e+06,86.355,41.2677,80700
2014-07-20,126.005,272.11,165.243,327.811,184.116,6.34756e+06,97.4821,86.3077,80700
2014-07-27,142.274,306.456,185.299,516.238,208.482,6.3473e+06,110.383,129.386,80700
2014-08-03,160.272,345.018,208.545,728.046,235.055,6.34701e+06,124.452,146.462,80700
2014-08-10,180.464,388.443,234.806,966.494,264.71,6.34668e+06,140.153,175.385,80700
2014-08-17,203.181,437.333,264.373,1234.97,298.042,6.34631e+06,157.801,152.149,80700
2014-08-24,228.752,492.364,297.653,1537.25,335.556,6.34589e+06,177.664,135.32,80700
2014-08-31,257.533,554.301,335.112,1877.57,377.781,6.34543e+06,200.02,293.294,80700
2014-09-07,289.925,624.006,377.272,2260.71,425.305,6.3449e+06,225.182,260.018,80700
2014-09-14,326.378,702.446,424.722,2692.05,478.789,6.3443e+06,253.5,229.077,80700
2014-09-21,367.399,790.71,478.119,3177.63,538.977,6.34364e+06,285.367,332.956,80700
2014-09-28,413.553,890.015,538.205,3724.25,606.702,6.34288e+06,321.224,351.963,80700
2014-07-13,98.8962,214.734,133.877,140.95,145.177,6.34786e+06,85.5463,96.3065,80750
2014-07-20,112.803,244.152,147.498,291.84,164.511,6.34765e+06,96.9392,126.107,80750
2014-07-27,127.844,275.982,165.996,460.338,186.996,6.34742e+06,110.189,91.5278,80750
2014-08-03,144.549,311.854,187.509,650.438,211.612,6.34716e+06,124.694,100.041,80750
2014-08-10,163.359,352.4,211.899,865.237,239.189,6.34686e+06,140.943,145.431,80750
2014-08-17,184.603,398.218,239.462,1107.98,270.301,6.34652e+06,159.277,201.142,80750
2014-08-24,208.603,449.983,270.6,1382.28,305.447,6.34614e+06,179.986,187.716,80750
2014-08-31,235.716,508.461,305.78,1692.26,345.153,6.34571e+06,203.383,188.315,80750
2014-09-07,266.345,574.519,345.522,2042.52,390.008,6.34522e+06,229.815,166.826,80750
2014-09-14,300.943,649.133,390.416,2438.31,440.678,6.34467e+06,259.672,245.44,80750
2014-09-21,340.021,733.405,441.127,2885.51,497.911,6.34405e+06,293.397,188.198,80750
2014-09-28,384.155,828.575,498.404,3390.78,562.552,6.34335e+06,331.487,130.138,80750
2014-07-13,119.691,259.679,162.135,170.742,175.807,6.34774e+06,89.3834,87.5289,80800
2014-07-20,136.343,294.881,178.452,353.393,198.968,6.34749e+06,101.159,83.4238,80800
2014-07-27,154.331,332.916,200.592,557.129,225.876,6.34721e+06,114.839,105.393,80800
2014-08-03,174.282,375.727,226.311,786.705,255.294,6.34689e+06,129.796,157.308,80800
2014-08-10,196.72,424.053,255.434,1045.79,288.208,6.34653e+06,146.53,174.99,80800
2014-08-17,222.026,478.593,288.304,1338.22,325.295,6.34612e+06,165.386,188.486,80800
2014-08-24,250.58,540.134,325.391,1668.26,367.136,6.34567e+06,186.658,173.366,80800
2014-08-31,282.797,609.565,367.236,2040.76,414.345,6.34515e+06,210.66,268.677,80800
2014-09-07,319.144,687.892,414.448,2461.16,467.608,6.34457e+06,237.74,274.616,80800
2014-09-14,360.146,776.247,467.711,2935.59,527.696,6.34391e+06,268.29,196.908,80800
2014-09-21,406.395,875.905,527.796,3470.99,595.477,6.34317e+06,302.751,276.074,80800
2014-09-28,458.558,988.297,595.568,4075.14,671.929,6.34233e+06,341.62,323.472,80800
2014-07-13,107.465,236.638,143.766,150.713,156.102,6.34781e+06,79.2009,68.6199,80850
2014-07-20,125.447,275.12,161.258,314.143,180.922,6.34757e+06,91.7941,64.7014,80850
2014-07-27,145.324,317.765,185.364,500.347,210.311,6.3473e+06,106.705,116.143,80850
2014-08-03,167.902,366.896,213.951,714.979,243.219,6.34699e+06,123.401,99.8896,80850
2014-08-10,193.89,423.638,247.056,962.787,280.913,6.34662e+06,142.526,169.341,80850
2014-08-17,223.88,489.154,285.28,1248.94,324.374,6.3462e+06,164.577,196.167,80850
2014-08-24,258.501,564.785,329.405,1579.35,374.541,6.34572e+06,190.03,180.276,80850
2014-08-31,298.464,652.083,380.342,1960.87,432.452,6.34516e+06,219.412,269.009,80850
2014-09-07,344.59,752.839,439.137,2401.37,499.296,6.34451e+06,253.327,287.959,80850
2014-09-14,397.825,869.116,506.998,2909.96,576.446,6.34377e+06,292.47,299.318,80850
2014-09-21,459.258,1003.29,585.316,3497.12,665.481,6.34291e+06,337.644,241.499,80850
2014-09-28,530.141,1158.09,675.692,4174.96,768.219,6.34191e+06,389.77,435.098,80850
2014-07-13,86.8401,189.777,116.923,122.86,126.866,6.34793e+06,78.474,83.0176,80900
2014-07-20,100.108,217.992,129.877,255.157,145.252,6.34775e+06,89.8463,67.6165,80900
2014-07-27,114.602,248.859,147.589,404.255,166.81,6.34753e+06,103.181,143.52,80900
2014-08-03,130.866,284,168.371,574.129,190.656,6.34729e+06,117.931,126.071,80900
2014-08-10,149.367,324.115,192.164,767.981,217.645,6.34702e+06,134.625,134.771,80900
2014-08-17,170.469,369.897,219.318,989.227,248.4,6.3467e+06,153.649,81.6657,80900
2014-08-24,194.547,422.137,250.302,1241.73,283.489,6.34634e+06,175.354,155.01,80900
2014-08-31,222.019,481.741,285.654,1529.91,323.526,6.34593e+06,200.119,245.329,80900
2014-09-07,253.364,549.742,325.991,1858.78,369.207,6.34546e+06,228.375,269.526,80900
2014-09-14,289.123,627.318,372.012,2234.08,421.324,6.34493e+06,260.613,297.175,80900
2014-09-21,329.916,715.809,424.514,2662.36,480.779,6.34432e+06,297.389,291.325,80900
2014-09-28,376.447,816.741,484.404,3151.07,548.601,6.34362e+06,339.34,245.704,80900
2014-07-13,90.88,199.612,121.841,127.829,132.264,6.34791e+06,76.742,75.1964,80950
2014-07-20,105.643,231.138,136.22,266.119,152.668,6.34771e+06,88.5806,79.8458,80950
2014-07-27,121.898,265.926,155.982,423.105,176.749,6.34748e+06,102.553,119.263,80950
2014-08-03,140.286,305.845,179.336,603.355,203.603,6.34722e+06,118.134,145.401,80950
2014-08-10,161.368,351.771,206.277,810.654,234.24,6.34692e+06,135.91,102.501,80950
2014-08-17,185.603,404.593,237.264,1049.09,269.428,6.34657e+06,156.327,150.58,80950
2014-08-24,213.472,465.336,272.896,1323.35,309.888,6.34617e+06,179.802,160.535,80950
2014-08-31,245.518,535.181,313.871,1638.79,356.413,6.34572e+06,206.796,248.93,80950
2014-09-07,282.365,615.486,360.986,2001.58,409.909,6.34519e+06,237.836,216.162,80950
2014-09-14,324.728,707.809,415.158,2418.83,471.418,6.34458e+06,273.524,237.5,80950
2014-09-21,373.429,813.94,477.44,2898.68,542.132,6.34389e+06,314.554,331.093,80950
2014-09-28,429.412,935.929,549.038,3450.5,623.422,6.34309e+06,361.719,360.298,80950
2014-07-13,84.1955,183.268,113.74,119.66,123.368,6.34795e+06,86.4315,88.4111,81000
2014-07-20,96.4272,209.196,125.707,248.046,140.352,6.34777e+06,98.3305,94.5636,81000
2014-07-27,109.708,237.369,141.999,391.921,160.167,6.34757e+06,112.212,76.7214,81000
2014-08-03,124.516,269.244,161.012,554.854,181.946,6.34734e+06,127.471,137.429,81000
2014-08-10,141.256,305.41,182.649,739.657,206.44,6.34708e+06,144.631,159.946,81000
2014-08-17,160.234,346.436,207.193,949.295,234.183,6.34679e+06,164.068,155.596,81000
2014-08-24,181.757,392.965,235.03,1187.1,265.642,6.34645e+06,186.108,231.191,81000
2014-08-31,206.166,445.731,266.599,1456.85,301.32,6.34607e+06,211.104,216.587,81000
2014-09-07,233.847,505.567,302.4,1762.83,341.781,6.34565e+06,239.451,163.673,81000
2014-09-14,265.235,573.416,342.999,2109.9,387.664,6.34516e+06,271.596,271.291,81000
2014-09-21,300.826,650.344,389.036,2503.55,439.69,6.34461e+06,308.046,286.208,81000
2014-09-28,341.177,737.56,441.235,2950.03,498.679,6.34398e+06,349.373,293.895,81000
2014-07-13,90.4156,197.581,121.742,127.926,132.095,6.34791e+06,81.2022,108.809,81050
2014-07-20,104.221,226.938,135.222,265.672,151.226,6.34772e+06,92.9624,63.1521,81050
2014-07-27,119.301,259.052,153.651,420.899,173.656,6.3475e+06,106.751,101.948,81050
2014-08-03,136.222,295.609,175.273,597.743,198.466,6.34725e+06,122.002,166.721,81050
2014-08-10,155.467,337.337,200.025,799.533,226.542,6.34696e+06,139.262,86.3715,81050
2014-08-17,177.417,384.955,228.272,1029.82,258.535,6.34663e+06,158.928,194.622,81050
2014-08-24,202.46,439.286,260.5,1292.62,295.031,6.34626e+06,181.364,230.596,81050
2014-08-31,231.031,501.27,297.269,1592.53,336.671,6.34583e+06,206.961,130.086,81050
2014-09-07,263.626,571.98,339.218,1934.75,384.177,6.34534e+06,236.164,275.18,81050
2014-09-14,300.808,652.638,387.074,2325.27,438.37,6.34478e+06,269.478,272.143,81050
2014-09-21,343.22,744.635,441.663,2770.87,500.188,6.34415e+06,307.479,213.144,81050
2014-09-28,391.593,849.556,503.93,3279.3,570.697,6.34343e+06,350.823,264.499,81050
2014-07-13,121.605,264.514,164.372,172.964,178.275,6.34773e+06,91.055,74.6745,81100
2014-07-20,139.113,301.603,181.506,358.423,202.594,6.34747e+06,103.476,104.529,81100
2014-07-27,158.1,341.854,204.817,566.052,230.939,6.34718e+06,117.954,99.4719,81100
2014-08-03,179.247,387.342,231.992,800.936,262.059,6.34685e+06,133.848,122.634,81100
2014-08-10,203.125,438.893,262.884,1067.06,297.017,6.34648e+06,151.703,164.616,81100
2014-08-17,230.164,497.303,297.887,1368.62,336.566,6.34606e+06,171.903,170.348,81100
2014-08-24,260.792,563.47,337.538,1710.33,381.36,6.34558e+06,194.782,158.159,81100
2014-08-31,295.487,638.417,382.454,2097.52,432.101,6.34504e+06,220.698,198.18,81100
2014-09-07,334.783,723.299,433.33,2536.22,489.575,6.34442e+06,250.053,328.546,81100
2014-09-14,379.287,819.427,490.953,3033.26,554.67,6.34373e+06,283.301,298.348,81100
2014-09-21,429.685,928.277,556.212,3596.39,628.388,6.34294e+06,320.953,336.157,81100
2014-09-28,486.75,1051.52,630.111,4234.36,711.864,6.34205e+06,363.588,442.801,81100
2014-07-13,97.1614,211.128,131.445,138.358,142.549,6.34787e+06,85.2557,87.546,81150
2014-07-20,110.963,240.341,144.958,286.575,161.73,6.34767e+06,96.7272,127.07,81150
2014-07-27,125.908,271.992,163.324,452.267,184.058,6.34744e+06,110.081,120.156,81150
2014-08-03,142.526,307.703,184.705,639.417,208.531,6.34718e+06,124.718,139.301,81150
2014-08-10,161.261,348.115,208.974,851.129,235.981,6.34688e+06,141.135,162.232,81150
2014-08-17,182.444,393.835,236.431,1090.66,266.988,6.34655e+06,159.68,249.233,81150
2014-08-24,206.404,445.549,267.488,1361.66,302.055,6.34617e+06,180.652,212.138,81150
2014-08-31,233.504,504.039,302.615,1668.25,341.718,6.34574e+06,204.374,243.199,81150
2014-09-07,264.153,570.187,342.345,2015.1,386.578,6.34526e+06,231.204,207.53,81150
2014-09-14,298.815,644.991,387.279,2407.47,437.312,6.34471e+06,261.547,264.071,81150
2014-09-21,338.011,729.576,438.093,2851.34,494.685,6.34409e+06,295.86,337.359,81150
2014-09-28,382.33,825.213,495.554,3353.44,559.56,6.34339e+06,334.661,458.655,81150
2014-07-13,177.729,384.445,241.352,254.393,261.634,6.34739e+06,89.5892,86.9997,81200
2014-07-20,201.465,434.499,264.646,525.799,294.7,6.34702e+06,100.912,113.962,81200
2014-07-27,226.986,488.302,296.153,827.259,332.967,6.34661e+06,114.015,87.1659,81200
2014-08-03,255.155,548.57,332.599,1165.41,374.602,6.34615e+06,128.272,131.93,81200
2014-08-10,286.683,616.284,373.682,1545.29,420.959,6.34563e+06,144.145,158.064,81200
2014-08-17,322.075,692.345,419.832,1972.09,472.947,6.34504e+06,161.947,156.007,81200
2014-08-24,361.82,777.76,471.659,2451.58,531.321,6.34439e+06,181.936,215.162,81200
2014-08-31,406.45,873.668,529.859,2990.25,596.873,6.34365e+06,204.382,235.7,81200
2014-09-07,456.559,981.344,595.209,3595.38,670.477,6.34282e+06,229.586,235.724,81200
2014-09-14,512.814,1102.22,668.582,4275.12,753.114,6.34189e+06,257.882,258.994,81200
2014-09-21,575.961,1237.89,750.952,5038.63,845.88,6.34085e+06,289.647,231.549,81200
2014-09-28,646.832,1390.14,843.41,5896.18,950.002,6.33967e+06,325.301,295.239,81200
2014-07-13,86.4838,190.578,115.626,121.185,125.555,6.34794e+06,79.9851,86.9608,81250
2014-07-20,101.079,221.829,129.817,252.686,145.692,6.34774e+06,92.8132,112.207,81250
2014-07-27,117.23,256.507,149.39,402.67,169.558,6.34752e+06,108.017,97.4876,81250
2014-08-03,135.598,296.506,172.626,575.749,196.314,6.34727e+06,125.062,116.353,81250
2014-08-10,156.766,342.757,199.565,775.809,226.999,6.34698e+06,144.61,159.543,81250
2014-08-17,181.223,396.223,230.706,1007.09,262.422,6.34663e+06,167.176,172.298,81250
2014-08-24,209.49,458.018,266.698,1274.46,303.358,6.34624e+06,193.254,172.229,81250
2014-08-31,242.159,529.433,308.296,1583.53,350.67,6.34579e+06,223.395,199.487,81250
2014-09-07,279.913,611.96,356.371,1940.8,405.348,6.34526e+06,258.227,286.717,81250
2014-09-14,323.539,707.319,411.927,2353.78,468.534,6.34465e+06,298.48,279.69,81250
2014-09-21,373.947,817.497,476.124,2831.13,541.545,6.34395e+06,344.992,418.451,81250
2014-09-28,432.185,944.78,550.298,3382.86,625.902,6.34314e+06,398.731,340.579,81250
2014-07-13,79.3198,172.005,107.492,113.215,116.551,6.34798e+06,76.6719,68.4778,81300
2014-07-20,90.2821,195.171,118.236,234.273,131.802,6.34781e+06,86.7045,70.1445,81300
2014-07-27,102.116,220.182,132.808,369.211,149.51,6.34763e+06,98.3532,125.582,81300
2014-08-03,115.231,248.313,149.724,521.15,168.856,6.34742e+06,111.08,126.61,81300
2014-08-10,129.972,280.048,168.867,692.493,190.486,6.34718e+06,125.309,132.785,81300
2014-08-17,146.586,315.841,190.458,885.743,214.842,6.34691e+06,141.331,145.19,81300
2014-08-24,165.32,356.202,214.804,1103.7,242.302,6.34661e+06,159.396,141.985,81300
2014-08-31,186.445,401.712,242.256,1349.51,273.266,6.34627e+06,179.765,207.666,81300
2014-09-07,210.263,453.024,273.211,1626.74,308.18,6.34589e+06,202.733,147.409,81300
2014-09-14,237.117,510.874,308.112,1939.38,347.545,6.34545e+06,228.629,235.697,81300
2014-09-21,267.393,576.091,347.461,2291.96,391.927,6.34497e+06,257.825,102.075,81300
2014-09-28,301.523,649.609,391.823,2689.56,441.961,6.34442e+06,290.739,264.747,81300
2014-07-13,99.4413,216.586,134.267,141.23,145.641,6.34786e+06,89.7792,129.543,81350
2014-07-20,114.002,247.465,148.508,292.842,165.853,6.34765e+06,102.238,169.441,81350
2014-07-27,129.826,281.053,167.909,462.892,189.451,6.34741e+06,116.785,78.4516,81350
2014-08-03,147.486,319.089,190.567,655.646,215.413,6.34714e+06,132.789,103.141,81350
2014-08-10,167.469,362.285,216.377,874.476,244.64,6.34683e+06,150.806,250.206,81350
2014-08-17,190.144,411.328,245.681,1122.94,277.771,6.34648e+06,171.23,166.507,81350
2014-08-24,215.883,466.999,278.945,1405.06,315.376,6.34608e+06,194.41,211.513,81350
2014-08-31,245.098,530.188,316.702,1725.36,358.061,6.34563e+06,220.723,255.639,81350
2014-09-07,278.258,601.905,359.559,2089.01,406.511,6.34512e+06,250.59,247.758,81350
2014-09-14,315.891,683.294,408.201,2501.87,461.499,6.34454e+06,284.487,347.727,81350
2014-09-21,358.599,775.652,463.405,2970.57,523.904,6.34388e+06,322.956,335.442,81350
2014-09-28,407.06,880.446,526.051,3502.64,594.719,6.34313e+06,366.609,556.925,81350
2014-07-13,137.873,300.776,185.908,195.452,201.686,6.34763e+06,85.425,100.228,81400
2014-07-20,158.48,344.534,206.046,405.581,230.267,6.34734e+06,97.5307,102.465,81400
2014-07-27,180.929,392.257,233.527,641.804,263.704,6.347e+06,111.693,100.924,81400
2014-08-03,206.047,446.434,265.692,910.222,300.583,6.34662e+06,127.313,135.479,81400
2014-08-10,234.537,508.105,302.416,1215.7,342.202,6.34619e+06,144.941,182.602,81400
2014-08-17,266.941,578.291,344.212,1563.4,389.496,6.3457e+06,164.973,139.903,81400
2014-08-24,303.81,658.147,391.767,1959.14,443.3,6.34514e+06,187.762,186.522,81400
2014-08-31,345.757,748.998,445.873,2409.56,504.517,6.3445e+06,213.691,166.11,81400
2014-09-07,393.476,852.344,507.43,2922.16,574.162,6.34377e+06,243.189,163.92,81400
2014-09-14,447.757,969.892,577.456,3505.52,653.386,6.34295e+06,276.745,269.591,81400
2014-09-21,509.493,1103.58,657.109,4169.37,743.499,6.34201e+06,314.912,248.13,81400
2014-09-28,579.701,1255.59,747.701,4924.76,845.982,6.34094e+06,358.32,325.381,81400
2014-07-13,101.374,219.464,137.569,144.966,149.141,6.34785e+06,77.4064,36.964,81450
2014-07-20,115.07,248.367,151.003,299.742,168.211,6.34764e+06,87.3042,143.761,81450
2014-07-27,129.816,279.483,169.192,471.86,190.306,6.3474e+06,98.772,72.6446,81450
2014-08-03,146.116,314.388,190.259,665.175,214.381,6.34713e+06,111.267,137.877,81450
2014-08-10,164.387,353.663,214.038,882.622,241.227,6.34684e+06,125.201,100.588,81450
2014-08-17,184.927,397.845,240.789,1127.25,271.376,6.3465e+06,140.849,69.3299,81450
2014-08-24,208.028,447.537,270.875,1402.44,305.281,6.34612e+06,158.446,198.792,81450
2014-08-31,234.009,503.42,304.712,1712.02,343.411,6.3457e+06,178.236,180.938,81450
2014-09-07,263.225,566.262,342.765,2060.26,386.293,6.34522e+06,200.492,216.284,81450
2014-09-14,296.079,636.924,385.557,2451.98,434.515,6.34468e+06,225.52,142.236,81450
2014-09-21,333.02,716.372,433.676,2892.6,488.738,6.34407e+06,253.663,284.199,81450
2014-09-28,374.552,805.691,487.78,3388.2,549.703,6.34339e+06,285.305,258.032,81450
2014-07-13,96.7028,210.967,130.391,137.084,141.457,6.34787e+06,78.2001,57.8183,81500
2014-07-20,111.162,241.671,144.52,284.465,161.511,6.34767e+06,89.2859,89.3672,81500
2014-07-27,126.914,275.162,163.803,450.155,184.973,6.34743e+06,102.256,115.333,81500
2014-08-03,144.542,313.186,186.374,638.437,210.853,6.34717e+06,116.563,121.251,81500
2014-08-10,164.539,356.477,212.149,852.726,240.064,6.34686e+06,132.711,147.519,81500
2014-08-17,187.287,405.753,241.486,1096.65,273.262,6.34652e+06,151.064,153.049,81500
2014-08-24,213.174,461.828,274.871,1374.3,311.036,6.34613e+06,171.946,222.17,81500
2014-08-31,242.632,525.637,312.862,1690.33,354.022,6.34568e+06,195.71,176.915,81500
2014-09-07,276.151,598.24,356.093,2050.04,402.937,6.34517e+06,222.751,243.522,81500
2014-09-14,314.288,680.842,405.284,2459.44,458.593,6.34459e+06,253.518,365.67,81500
2014-09-21,357.677,774.813,461.251,2925.39,521.915,6.34393e+06,288.524,368.896,81500
2014-09-28,407.035,881.707,524.923,3455.67,593.952,6.34318e+06,328.347,218.18,81500
2014-07-13,91.155,197.59,123.572,130.167,133.982,6.34791e+06,78.599,81.5753,81550
2014-07-20,103.684,224.058,135.854,269.301,151.416,6.34772e+06,88.8267,94.317,81550
2014-07-27,117.201,252.614,152.505,424.299,171.648,6.3475e+06,100.696,109.645,81550
2014-08-03,132.172,284.711,171.824,598.718,193.738,6.34726e+06,113.655,131.572,81550
2014-08-10,148.986,320.898,193.672,795.289,218.419,6.34699e+06,128.134,171.751,81550
2014-08-17,167.925,361.684,218.299,1016.86,246.193,6.34669e+06,144.427,158.527,81550
2014-08-24,189.268,407.647,246.049,1266.59,277.486,6.34634e+06,162.784,188.263,81550
2014-08-31,213.317,459.438,277.32,1548.07,312.749,6.34595e+06,183.471,220.487,81550
2014-09-07,240.416,517.792,312.556,1865.32,352.484,6.34551e+06,206.781,183.569,81550
2014-09-14,270.948,583.538,352.259,2222.87,397.255,6.34502e+06,233.046,286.615,81550
2014-09-21,305.346,657.605,396.992,2625.83,447.697,6.34446e+06,262.637,350.899,81550
2014-09-28,344.096,741.041,447.388,3079.96,504.524,6.34384e+06,295.974,328.585,81550
2014-07-13,99.3218,217.394,133.552,140.266,144.931,6.34786e+06,82.2952,70.4776,81600
2014-07-20,114.793,250.336,148.646,291.524,166.351,6.34764e+06,94.4584,113.987,81600
2014-07-27,131.734,286.47,169.316,462.372,191.518,6.3474e+06,108.749,116.668,81600
2014-08-03,150.792,327.706,193.622,657.493,219.427,6.34712e+06,124.596,117.526,81600
2014-08-10,172.522,374.892,221.514,880.691,251.09,6.3468e+06,142.575,164.809,81600
2014-08-17,197.367,428.871,253.423,1136.04,287.259,6.34643e+06,163.113,215.808,81600
2014-08-24,225.784,490.611,289.917,1428.17,328.623,6.34602e+06,186.6,206.835,81600
2014-08-31,258.283,561.219,331.657,1762.36,375.931,6.34554e+06,213.463,250.189,81600
2014-09-07,295.45,641.963,379.394,2144.66,430.036,6.34499e+06,244.185,235.831,81600
2014-09-14,337.951,734.291,433.985,2581.98,491.907,6.34436e+06,279.317,278.885,81600
2014-09-21,386.547,839.854,496.409,3082.21,562.655,6.34364e+06,319.49,267.742,81600
2014-09-28,442.107,960.536,567.785,3654.38,643.545,6.34283e+06,365.421,424.965,81600
2014-07-13,147.982,326.786,197.49,206.849,214.492,6.34757e+06,78.0849,114.007,81650
2014-07-20,173.561,381.65,222.336,431.749,249.746,6.34724e+06,90.9187,118.021,81650
2014-07-27,201.958,442.744,256.68,689.045,291.64,6.34686e+06,106.17,106.122,81650
2014-08-03,234.36,513.439,297.568,986.921,338.764,6.34642e+06,123.325,104.422,81650
2014-08-10,271.821,595.438,345.119,1332.35,392.982,6.34591e+06,143.063,149.085,81650
2014-08-17,315.237,690.523,400.261,1732.98,455.768,6.34531e+06,165.92,208.452,81650
2014-08-24,365.57,800.754,464.188,2197.6,528.553,6.34462e+06,192.417,230.981,81650
2014-08-31,423.917,928.528,538.299,2736.42,612.929,6.34382e+06,223.134,267.108,81650
2014-09-07,491.547,1076.62,624.207,3361.25,710.735,6.3429e+06,258.739,184.725,81650
2014-09-14,569.924,1248.23,723.778,4085.77,824.091,6.34182e+06,300.006,197.499,81650
2014-09-21,660.743,1447.06,839.169,4925.83,955.452,6.34058e+06,347.828,405.995,81650
2014-09-28,765.959,1677.38,972.873,5899.78,1107.65,6.33913e+06,403.235,273.615,81650
2014-07-13,103.647,223.816,140.95,148.642,152.772,6.34783e+06,86.2876,85.1678,81700
2014-07-20,117.162,252.277,154.223,306.982,171.614,6.34762e+06,96.93,85.5441,81700
2014-07-27,131.656,282.785,172.147,482.434,193.375,6.34738e+06,109.221,99.4291,81700
2014-08-03,147.614,316.874,192.834,678.737,216.99,6.34711e+06,122.559,130.068,81700
2014-08-10,165.429,355.082,216.096,898.693,243.218,6.34681e+06,137.373,58.5887,81700
2014-08-17,185.38,397.896,242.164,1145.18,272.558,6.34648e+06,153.945,189.885,81700
2014-08-24,207.732,445.864,271.369,1421.4,305.425,6.3461e+06,172.508,92.7728,81700
2014-08-31,232.772,499.599,304.087,1730.93,342.245,6.34568e+06,193.305,241.32,81700
2014-09-07,260.822,559.792,340.739,2077.77,383.493,6.34521e+06,216.603,227.218,81700
2014-09-14,292.241,627.214,381.797,2466.41,429.698,6.34468e+06,242.7,301.723,81700
2014-09-21,327.433,702.725,427.787,2901.87,481.452,6.34409e+06,271.931,258.946,81700
2014-09-28,366.847,787.291,479.298,3389.78,539.417,6.34343e+06,304.671,299.344,81700
2014-07-13,133.655,293.407,179.271,188.112,194.598,6.34766e+06,82.8962,79.3967,81750
2014-07-20,155.229,339.453,200.288,391.517,224.422,6.34736e+06,95.601,74.6654,81750
2014-07-27,178.959,390.212,229.157,622.242,259.594,6.34703e+06,110.584,140.379,81750
2014-08-03,205.779,448.405,263.243,886.937,298.781,6.34665e+06,127.277,150.686,81750
2014-08-10,236.501,515.29,302.531,1191.09,343.446,6.3462e+06,146.304,144.676,81750
2014-08-17,271.782,592.147,347.677,1540.65,394.697,6.3457e+06,168.136,192.134,81750
2014-08-24,312.315,680.441,399.543,1942.35,453.569,6.34512e+06,193.215,183.716,81750
2014-08-31,358.876,781.862,459.126,2403.97,521.201,6.34445e+06,222.025,174.635,81750
2014-09-07,412.358,898.351,527.569,2934.41,598.889,6.34368e+06,255.12,273.126,81750
2014-09-14,473.782,1032.13,606.183,3543.92,688.119,6.34279e+06,293.13,316.203,81750
2014-09-21,544.319,1185.74,696.469,4244.23,790.593,6.34178e+06,336.783,331.039,81750
2014-09-28,625.307,1362.1,800.145,5048.81,908.26,6.34061e+06,386.908,380.06,81750
2014-07-13,80.7045,176.97,108.35,113.733,117.601,6.34797e+06,77.1317,58.2406,81800
2014-07-20,93.5594,204.384,120.88,236.586,135.383,6.34779e+06,88.7941,94.6181,81800
2014-07-27,107.676,234.549,138.073,375.717,156.324,6.34759e+06,102.529,126.22,81800
2014-08-03,123.605,269.075,158.342,535.064,179.616,6.34736e+06,117.805,118.279,81800
2014-08-10,141.82,308.696,181.667,717.858,206.12,6.3471e+06,135.189,152.147,81800
2014-08-17,162.707,354.152,208.428,927.581,236.483,6.3468e+06,155.103,140.559,81800
2014-08-24,186.665,406.294,239.124,1168.19,271.308,6.34645e+06,177.944,235.014,81800
2014-08-31,214.145,466.1,274.333,1444.24,311.253,6.34605e+06,204.143,168.552,81800
2014-09-07,245.663,534.691,314.718,1760.92,357.069,6.34559e+06,234.192,178.05,81800
2014-09-14,281.81,613.352,361.036,2124.22,409.616,6.34507e+06,268.656,248.439,81800
2014-09-21,323.263,703.555,414.155,2540.98,469.877,6.34447e+06,308.18,345.758,81800
2014-09-28,370.796,806.983,475.071,3019.04,538.981,6.34378e+06,353.504,315.879,81800
2014-07-13,110.048,239.56,148.654,156.388,161.239,6.3478e+06,84.2394,90.3128,81850
2014-07-20,126.052,273.485,164.311,324.192,183.46,6.34756e+06,95.8487,109.546,81850
2014-07-27,143.429,310.352,185.628,512.261,209.386,6.3473e+06,109.394,81.7199,81850
2014-08-03,162.807,352.065,210.506,725.268,237.885,6.347e+06,124.283,133.379,81850
2014-08-10,184.715,399.397,238.821,966.893,269.94,6.34666e+06,141.03,140.369,81850
2014-08-17,209.553,453.092,270.943,1241.02,306.248,6.34628e+06,159.999,156.036,81850
2014-08-24,237.723,513.991,307.374,1552.01,347.421,6.34584e+06,181.51,186.978,81850
2014-08-31,269.671,583.056,348.693,1904.81,394.119,6.34534e+06,205.907,234.42,81850
2014-09-07,305.901,661.374,395.552,2305.03,447.077,6.34478e+06,233.575,247.092,81850
2014-09-14,346.984,750.177,448.69,2759.02,507.131,6.34415e+06,264.95,233.209,81850
2014-09-21,393.566,850.86,508.945,3273.99,575.225,6.34342e+06,300.526,218.597,81850
2014-09-28,446.376,964.999,577.263,3858.1,652.43,6.3426e+06,340.861,390.386,81850
2014-07-13,173.657,379.482,233.823,245.7,253.708,6.34742e+06,81.4601,79.7057,81900
2014-07-20,200.17,435.86,259.713,510.261,290.45,6.34704e+06,93.2573,91.4678,81900
2014-07-27,229.128,497.521,295.103,808.396,333.526,6.34662e+06,107.088,113.722,81900
2014-08-03,261.615,567.702,336.622,1148.04,381.163,6.34614e+06,122.383,130.442,81900
2014-08-10,298.558,647.793,384.143,1535.58,435.063,6.34558e+06,139.69,139.186,81900
2014-08-17,340.683,739.168,438.364,1977.83,496.469,6.34495e+06,159.406,156.017,81900
2014-08-24,388.732,843.394,500.211,2482.49,566.504,6.34424e+06,181.892,174.106,81900
2014-08-31,443.534,962.259,570.755,3058.33,646.385,6.34342e+06,207.54,262.212,81900
2014-09-07,506.03,1097.8,651.209,3715.36,737.486,6.34248e+06,236.791,228.792,81900
2014-09-14,577.29,1252.34,742.956,4464.98,841.371,6.34141e+06,270.146,266.166,81900
2014-09-21,658.532,1428.51,847.567,5320.19,959.816,6.3402e+06,308.176,336.316,81900
2014-09-28,751.136,1629.29,966.827,6295.77,1094.84,6.33881e+06,351.529,396.958,81900
2014-07-13,103.052,223.53,139.621,147.043,151.392,6.34784e+06,81.0352,64.4676,81950
2014-07-20,117.347,253.744,153.63,304.31,171.277,6.34762e+06,91.6788,81.5238,81950
2014-07-27,132.784,286.38,172.634,479.678,194.372,6.34738e+06,104.041,116.251,81950
2014-08-03,149.901,323.1,194.704,677.223,219.614,6.34711e+06,117.553,84.5989,81950
2014-08-10,169.144,364.54,219.688,900.086,247.848,6.3468e+06,132.665,122.196,81950
2014-08-17,190.842,411.295,247.877,1151.55,279.651,6.34645e+06,149.688,91.7257,81950
2014-08-24,215.317,464.036,279.674,1435.27,315.52,6.34606e+06,168.888,175.768,81950
2014-08-31,242.925,523.524,315.541,1755.38,355.98,6.34561e+06,190.545,244.522,81950
2014-09-07,274.063,590.616,355.997,2116.54,401.616,6.34511e+06,214.972,251.098,81950
2014-09-14,309.18,666.28,401.625,2524,453.086,6.34455e+06,242.523,348.771,81950
2014-09-21,348.783,751.603,453.084,2983.67,511.132,6.34391e+06,273.593,270.754,81950
2014-09-28,393.439,847.808,511.115,3502.23,576.589,6.3432e+06,308.63,308.55,81950
2014-07-13,100.845,218.867,136.567,143.802,148.088,6.34785e+06,76.5802,99.1389,82000
2014-07-20,114.941,248.673,150.377,297.682,167.689,6.34764e+06,86.7165,100.161,82000
2014-07-27,130.176,280.899,169.121,469.41,190.472,6.3474e+06,98.4979,80.8938,82000
2014-08-03,147.083,317.19,190.906,663.02,215.395,6.34713e+06,111.386,78.4254,82000
2014-08-10,166.108,358.181,215.589,881.632,243.296,6.34683e+06,125.815,197.61,82000
2014-08-17,187.579,404.47,243.463,1128.51,274.752,6.34649e+06,142.081,101.226,82000
2014-08-24,211.818,456.731,274.931,1407.3,310.261,6.3461e+06,160.444,98.4955,82000
2014-08-31,239.184,515.728,310.458,1722.13,350.349,6.34566e+06,181.175,169.168,82000
2014-09-07,270.076,582.325,350.565,2077.63,395.606,6.34517e+06,204.578,221.855,82000
2014-09-14,304.946,657.496,395.839,2479.04,446.692,6.34461e+06,230.996,279.91,82000
2014-09-21,344.305,742.336,446.944,2932.29,504.356,6.34398e+06,260.815,299.789,82000
2014-09-28,388.724,838.082,504.625,3444.05,569.438,6.34327e+06,294.471,361.491,82000
2014-07-13,82.6581,180.719,111.25,116.883,120.716,6.34796e+06,84.9255,73.5013,82050
2014-07-20,95.3582,207.737,123.647,242.795,138.31,6.34778e+06,97.3033,139.624,82050
2014-07-27,109.242,237.317,140.605,384.79,158.952,6.34758e+06,111.826,142.86,82050
2014-08-03,124.832,271.017,160.515,546.683,181.803,6.34735e+06,127.901,125.09,82050
2014-08-10,142.579,309.514,183.325,731.555,207.683,6.34708e+06,146.108,199.6,82050
2014-08-17,162.835,353.48,209.377,942.7,237.196,6.34678e+06,166.871,119.454,82050
2014-08-24,185.965,403.684,239.123,1183.85,270.892,6.34644e+06,190.577,220.345,82050
2014-08-31,212.375,461.006,273.088,1459.25,309.366,6.34604e+06,217.644,204.028,82050
2014-09-07,242.528,526.45,311.868,1773.76,353.296,6.3456e+06,248.549,276.329,82050
2014-09-14,276.953,601.162,356.145,2132.94,403.45,6.34508e+06,283.833,315.545,82050
2014-09-21,316.252,686.448,406.694,2543.09,460.707,6.3445e+06,324.115,429.548,82050
2014-09-28,361.11,783.795,464.398,3011.46,526.068,6.34383e+06,370.097,487.172,82050
2014-07-13,123.409,267.934,167.074,175.906,181.174,6.34772e+06,87.7413,116.182,82100
2014-07-20,140.741,304.594,184.051,364.201,205.272,6.34746e+06,99.4115,106.685,82100
2014-07-27,159.483,344.251,207.103,574.441,233.292,6.34716e+06,112.982,114.14,82100
2014-08-03,180.294,388.936,233.907,811.598,263.962,6.34684e+06,127.835,143.524,82100
2014-08-10,203.724,439.431,264.292,1079.53,298.313,6.34646e+06,144.471,163.518,82100
2014-08-17,230.178,496.481,298.621,1382.26,337.061,6.34604e+06,163.236,155.293,82100
2014-08-24,260.058,560.92,337.396,1724.31,380.823,6.34557e+06,184.429,170.885,82100
2014-08-31,293.807,633.699,381.193,2110.76,430.251,6.34503e+06,208.367,321.402,82100
2014-09-07,331.922,715.89,430.659,2547.37,486.077,6.34442e+06,235.403,300.011,82100
2014-09-14,374.965,808.701,486.524,3040.63,549.123,6.34374e+06,265.936,232.063,82100
2014-09-21,423.567,913.494,549.609,3597.86,620.316,6.34297e+06,300.414,223.86,82100
2014-09-28,478.441,1031.8,620.842,4227.33,700.7,6.34209e+06,339.343,334.336,82100
2014-07-13,89.6577,194.814,121.298,127.679,131.545,6.34792e+06,83.3309,86.924,82150
2014-07-20,102.386,221.755,133.761,264.45,149.234,6.34773e+06,94.5367,100.584,82150
2014-07-27,116.168,250.941,150.698,417.338,169.825,6.34751e+06,107.581,84.1213,82150
2014-08-03,131.492,283.871,170.415,590.015,192.393,6.34727e+06,121.877,106.343,82150
2014-08-10,148.767,321.132,192.794,785.341,217.705,6.347e+06,137.912,134.036,82150
2014-08-17,168.298,363.286,218.111,1006.32,246.295,6.34669e+06,156.023,112.385,82150
2014-08-24,190.389,410.965,246.746,1256.31,278.627,6.34635e+06,176.504,181.884,82150
2014-08-31,215.374,464.889,279.133,1539.12,315.195,6.34595e+06,199.67,171.917,82150
2014-09-07,243.631,525.871,315.762,1859.04,356.553,6.34551e+06,225.869,259.062,82150
2014-09-14,275.585,594.832,357.187,2220.94,403.325,6.345e+06,255.498,237.845,82150
2014-09-21,311.719,672.807,404.033,2630.31,456.216,6.34443e+06,289.004,315.465,82150
2014-09-28,352.575,760.97,457.004,3093.36,516.023,6.34379e+06,326.89,349.967,82150
2014-07-13,121.264,264.196,163.692,172.165,177.564,6.34773e+06,91.6883,115.987,82200
2014-07-20,139.089,302.004,181.122,357.037,202.302,6.34747e+06,104.462,130.193,82200
2014-07-27,158.467,343.149,204.875,564.479,231.195,6.34718e+06,119.382,110.314,82200
2014-08-03,180.104,389.761,232.627,799.723,262.996,6.34685e+06,135.803,129.641,82200
2014-08-10,204.597,442.718,264.25,1066.91,298.811,6.34647e+06,154.297,130.141,82200
2014-08-17,232.4,502.868,300.17,1370.42,339.429,6.34604e+06,175.27,116.173,82200
2014-08-24,263.973,571.173,340.96,1715.18,385.548,6.34556e+06,199.085,231.862,82200
2014-08-31,299.823,648.73,387.278,2106.78,437.918,6.34501e+06,226.127,295.365,82200
2014-09-07,340.529,736.785,439.871,2551.57,497.382,6.34438e+06,256.832,254.286,82200
2014-09-14,386.742,836.749,499.585,3056.75,564.895,6.34367e+06,291.694,270.169,82200
2014-09-21,439.203,950.221,567.378,3630.49,641.54,6.34286e+06,331.271,310.865,82200
2014-09-28,498.75,1079.01,644.335,4282.08,728.542,6.34195e+06,376.196,450.342,82200
2014-07-13,93.0626,202.003,126.013,132.684,136.645,6.3479e+06,97.9016,100.804,82250
2014-07-20,106.094,229.563,138.779,274.683,154.766,6.3477e+06,110.884,101.626,82250
2014-07-27,120.182,259.366,156.11,433.183,175.831,6.34748e+06,125.976,130.349,82250
2014-08-03,135.82,292.938,176.256,611.917,198.88,6.34723e+06,142.49,135.604,82250
2014-08-10,153.421,330.865,199.087,813.775,224.689,6.34695e+06,160.982,169.288,82250
2014-08-17,173.288,373.705,224.875,1041.78,253.794,6.34664e+06,181.834,177.515,82250
2014-08-24,195.724,422.082,253.995,1299.32,286.656,6.34628e+06,205.379,221.765,82250
2014-08-31,221.058,476.708,286.879,1590.2,323.765,6.34588e+06,231.966,250.213,82250
2014-09-07,249.665,538.387,324.011,1918.73,365.668,6.34542e+06,261.988,175.742,82250
2014-09-14,281.963,608.023,365.937,2289.79,412.98,6.3449e+06,295.885,371.268,82250
2014-09-21,318.427,686.637,413.274,2708.85,466.397,6.34432e+06,334.157,238.011,82250
2014-09-28,359.591,775.379,466.716,3182.11,526.701,6.34367e+06,377.363,394.645,82250
2014-07-13,75.2255,165.724,100.597,105.443,109.233,6.348e+06,69.8765,54.5136,82300
2014-07-20,87.8812,192.817,112.904,219.832,126.697,6.34784e+06,81.0478,69.6943,82300
2014-07-27,101.88,222.867,129.874,350.249,147.387,6.34765e+06,94.2836,100.366,82300
2014-08-03,117.795,257.514,150.012,500.685,170.574,6.34742e+06,109.116,144.444,82300
2014-08-10,136.128,297.561,173.35,674.501,197.154,6.34717e+06,126.119,130.35,82300
2014-08-17,157.301,343.837,200.319,875.358,227.826,6.34687e+06,145.74,128.164,82300
2014-08-24,181.763,397.302,231.476,1107.46,263.258,6.34653e+06,168.406,134.567,82300
2014-08-31,210.024,459.067,267.472,1375.66,304.194,6.34614e+06,194.593,150.814,82300
2014-09-07,242.671,530.418,309.057,1685.56,351.486,6.34568e+06,224.845,199.868,82300
2014-09-14,280.383,612.834,357.096,2043.63,406.116,6.34516e+06,259.792,329.988,82300
2014-09-21,323.943,708.024,412.587,2457.36,469.219,6.34455e+06,300.159,314.271,82300
2014-09-28,374.253,817.958,476.681,2935.37,542.103,6.34385e+06,346.783,340.931,82300
2014-07-13,73.9334,164.077,98.2511,102.747,106.759,6.34801e+06,68.6696,63.7202,82350
2014-07-20,87.431,193.149,111.328,214.982,125.312,6.34784e+06,80.6033,56.3329,82350
2014-07-27,102.534,225.802,129.503,344.313,147.506,6.34765e+06,94.8785,79.9183,82350
2014-08-03,119.908,263.889,151.294,495.195,172.674,6.34742e+06,111.067,104.791,82350
2014-08-10,140.156,308.415,176.833,671.522,201.865,6.34715e+06,129.844,141.362,82350
2014-08-17,163.808,360.457,206.681,877.612,235.939,6.34684e+06,151.76,144.448,82350
2014-08-24,191.447,421.27,241.56,1118.49,275.752,6.34648e+06,177.369,217.083,82350
2014-08-31,223.744,492.328,282.317,1400,322.275,6.34605e+06,207.294,284.933,82350
2014-09-07,261.48,575.351,329.941,1729.02,376.636,6.34555e+06,242.259,276.48,82350
2014-09-14,305.569,672.346,385.584,2113.52,440.15,6.34497e+06,283.113,309.408,82350
2014-09-21,357.075,785.652,450.594,2562.86,514.352,6.34429e+06,330.841,345.669,82350
2014-09-28,417.241,918,526.539,3087.95,601.035,6.3435e+06,386.597,440.194,82350
2014-07-13,76.8661,167.498,103.744,109.107,112.537,6.34799e+06,89.874,103.456,82400
2014-07-20,88.1921,191.527,114.818,226.287,128.254,6.34783e+06,102.426,99.4421,82400
2014-07-27,100.51,217.687,129.913,357.809,146.617,6.34764e+06,117.091,170.015,82400
2014-08-03,114.269,247.335,147.555,507.002,166.835,6.34743e+06,133.238,104.761,82400
2014-08-10,129.851,281.032,167.666,676.506,189.615,6.34719e+06,151.43,178.254,82400
2014-08-17,147.545,319.321,190.518,869.113,215.459,6.34692e+06,172.07,126.129,82400
2014-08-24,167.646,362.821,216.479,1087.97,244.816,6.34662e+06,195.515,150.84,82400
2014-08-31,190.482,412.237,245.972,1336.64,278.167,6.34626e+06,222.149,134.234,82400
2014-09-07,216.423,468.369,279.475,1619.19,316.053,6.34587e+06,252.406,0,82400
2014-09-14,245.889,532.127,317.534,1940.22,359.09,6.34541e+06,286.776,360.418,82400
2014-09-21,279.357,604.543,360.764,2304.97,407.973,6.3449e+06,325.815,323.477,82400
2014-09-28,317.369,686.784,409.864,2719.36,463.493,6.34432e+06,370.154,242.77,82400
2014-07-13,104.228,223.493,142.565,150.657,154.425,6.34783e+06,88.357,136.243,82450
2014-07-20,116.473,249.134,154.633,310.148,171.558,6.34762e+06,98.16,99.6103,82450
2014-07-27,129.467,276.295,170.811,485.142,191.172,6.34739e+06,109.383,138.092,82450
2014-08-03,143.613,306.312,189.307,678.868,212.221,6.34713e+06,121.426,129.995,82450
2014-08-10,159.235,339.598,209.888,893.628,235.342,6.34685e+06,134.655,157.566,82450
2014-08-17,176.543,376.502,232.708,1131.74,260.93,6.34653e+06,149.296,228.549,82450
2014-08-24,195.726,417.408,258,1395.73,289.287,6.34618e+06,165.52,221.369,82450
2014-08-31,216.989,462.746,286.035,1688.42,320.717,6.3458e+06,183.504,341.244,82450
2014-09-07,240.555,512.993,317.106,2012.9,355.553,6.34537e+06,203.436,184.871,82450
2014-09-14,266.672,568.676,351.543,2372.62,394.162,6.34489e+06,225.527,226.873,82450
2014-09-21,295.613,630.38,389.708,2771.4,436.948,6.34436e+06,250.007,191.311,82450
2014-09-28,327.684,698.751,432,3213.47,484.36,6.34378e+06,277.135,189.427,82450
2014-07-13,92.2396,200.164,124.926,131.55,135.464,6.3479e+06,85.8211,99.0753,82500
2014-07-20,105.11,227.376,137.536,272.303,153.362,6.34771e+06,97.1604,94.1192,82500
2014-07-27,119.017,256.791,154.65,429.351,174.162,6.34749e+06,110.338,96.8641,82500
2014-08-03,134.449,289.911,174.537,606.377,196.912,6.34724e+06,124.751,102.934,82500
2014-08-10,151.811,327.314,197.065,806.224,222.376,6.34697e+06,140.883,149.873,82500
2014-08-17,171.4,369.543,222.5,1031.87,251.079,6.34665e+06,159.067,201.605,82500
2014-08-24,193.513,417.212,251.211,1286.63,283.474,6.3463e+06,179.591,185.28,82500
2014-08-31,218.472,471.017,283.619,1574.26,320.041,6.3459e+06,202.757,196.165,82500
2014-09-07,246.644,531.743,320.198,1899,361.315,6.34545e+06,228.906,192.928,82500
2014-09-14,278.438,600.277,361.485,2265.61,407.899,6.34494e+06,258.418,201.552,82500
2014-09-21,314.319,677.616,408.081,2679.49,460.472,6.34437e+06,291.725,264.389,82500
2014-09-28,354.809,764.883,460.665,3146.7,519.8,6.34372e+06,329.311,239.624,82500
2014-07-13,75.9707,163.758,103.466,109.171,112.126,6.348e+06,79.0604,85.289,82550
2014-07-20,85.626,184.063,112.957,225.279,125.599,6.34784e+06,88.5605,30.7311,82550
2014-07-27,95.9539,205.763,125.75,353.612,141.126,6.34767e+06,99.5082,97.2519,82550
2014-08-03,107.292,229.944,140.48,496.81,157.928,6.34748e+06,111.355,89.6928,82550
2014-08-10,119.916,256.974,157,656.826,176.537,6.34726e+06,124.477,138.843,82550
2014-08-17,134.016,287.184,175.464,835.662,197.3,6.34702e+06,139.117,114.717,82550
2014-08-24,149.77,320.941,196.095,1035.53,220.496,6.34675e+06,155.472,178.842,82550
2014-08-31,167.373,358.658,219.147,1258.89,246.414,6.34645e+06,173.747,136.286,82550
2014-09-07,187.041,400.798,244.903,1508.51,275.373,6.34611e+06,194.167,21.8077,82550
2014-09-14,209.015,447.878,273.681,1787.46,307.729,6.34573e+06,216.98,246.689,82550
2014-09-21,233.564,500.472,305.832,2099.18,343.876,6.34531e+06,242.468,278.31,82550
2014-09-28,260.988,559.224,341.75,2447.52,384.259,6.34484e+06,270.942,294.141,82550
2014-07-13,88.5809,190.261,120.995,127.8,131.08,6.34792e+06,96.2545,92.3114,82600
2014-07-20,99.26,212.653,131.511,263.294,146.009,6.34774e+06,107.217,57.1213,82600
2014-07-27,110.621,236.441,145.633,412.308,163.136,6.34754e+06,119.794,120.867,82600
2014-08-03,123.023,262.8,161.814,577.692,181.566,6.34732e+06,133.327,154.681,82600
2014-08-10,136.755,292.105,179.867,761.502,201.863,6.34708e+06,148.231,140.783,82600
2014-08-17,152.008,324.68,199.933,965.82,224.385,6.34681e+06,164.77,182.975,82600
2014-08-24,168.959,360.882,222.233,1192.93,249.409,6.3465e+06,183.145,197.689,82600
2014-08-31,187.796,401.111,247.014,1445.37,277.218,6.34617e+06,203.566,240.698,82600
2014-09-07,208.728,445.812,274.553,1725.95,308.121,6.34579e+06,226.259,221.809,82600
2014-09-14,231.987,495.48,305.153,2037.81,342.46,6.34538e+06,251.474,238.401,82600
2014-09-21,257.829,550.664,339.155,2384.42,380.615,6.34492e+06,279.492,227.133,82600
2014-09-28,286.541,611.972,376.933,2769.65,423.007,6.3444e+06,310.621,263.38,82600
2014-07-13,133.066,287.651,180.796,190.601,195.978,6.34766e+06,90.5783,65.3395,82650
2014-07-20,150.68,324.777,198.087,393.834,220.523,6.34738e+06,101.923,111.937,82650
2014-07-27,169.602,364.644,221.46,619.368,248.908,6.34707e+06,115.042,139.27,82650
2014-08-03,190.467,409.262,248.476,872.115,279.762,6.34673e+06,129.302,163.071,82650
2014-08-10,213.8,459.348,278.903,1155.77,314.084,6.34634e+06,145.165,171.512,82650
2014-08-17,239.97,515.561,313.052,1474.16,352.542,6.34591e+06,162.94,153.474,82650
2014-08-24,269.334,578.636,351.37,1831.53,395.687,6.34542e+06,182.881,259.239,82650
2014-08-31,302.28,649.403,394.363,2232.64,444.097,6.34487e+06,205.255,128.149,82650
2014-09-07,339.242,728.792,442.6,2682.81,498.411,6.34426e+06,230.358,231.97,82650
2014-09-14,380.707,817.847,496.716,3188.04,559.343,6.34357e+06,258.52,226.166,82650
2014-09-21,427.218,917.732,557.423,3755.03,627.694,6.34279e+06,290.111,230.528,82650
2014-09-28,479.383,1029.75,625.516,4391.29,704.358,6.34192e+06,325.544,350.797,82650
2014-07-13,99.0684,214.929,134.203,141.329,145.52,6.34786e+06,84.9761,97.4608,82700
2014-07-20,112.845,244.052,147.703,292.511,164.681,6.34765e+06,96.1656,107.032,82700
2014-07-27,127.727,275.519,166.02,461.136,186.942,6.34742e+06,109.165,109.911,82700
2014-08-03,144.232,310.935,187.297,651.14,211.28,6.34716e+06,123.377,109.141,82700
2014-08-10,162.794,350.915,211.39,865.556,238.51,6.34686e+06,139.278,132.055,82700
2014-08-17,183.73,396.035,238.583,1107.55,269.191,6.34652e+06,157.194,138.159,82700
2014-08-24,207.353,446.948,269.265,1380.68,303.806,6.34615e+06,177.407,159.941,82700
2014-08-31,234.006,504.39,303.884,1688.92,342.862,6.34572e+06,200.214,195.406,82700
2014-09-07,264.077,569.195,342.943,2036.79,386.928,6.34524e+06,225.946,224.838,82700
2014-09-14,298.001,642.301,387.01,2429.37,436.642,6.34469e+06,254.977,192.137,82700
2014-09-21,336.27,724.765,436.724,2872.38,492.725,6.34408e+06,287.726,322.636,82700
2014-09-28,379.435,817.776,492.802,3372.28,555.986,6.34339e+06,324.668,263.179,82700
2014-07-13,125.414,271.329,170.285,179.477,184.598,6.3477e+06,81.0413,84.1983,82750
2014-07-20,142.204,306.741,186.76,370.986,207.984,6.34744e+06,91.3084,93.3389,82750
2014-07-27,160.263,344.821,209.049,583.754,235.057,6.34715e+06,103.194,97.1468,82750
2014-08-03,180.202,387.492,234.841,822.486,264.524,6.34682e+06,116.13,110.588,82750
2014-08-10,202.528,435.454,263.925,1090.75,297.345,6.34646e+06,130.539,148.736,82750
2014-08-17,227.601,489.351,296.608,1392.23,334.167,6.34604e+06,146.704,194.415,82750
2014-08-24,255.769,549.902,333.326,1731.04,375.529,6.34558e+06,164.863,204.14,82750
2014-08-31,287.413,617.924,374.576,2111.79,421.998,6.34506e+06,185.263,129.995,82750
2014-09-07,322.96,694.33,420.916,2539.65,474.199,6.34447e+06,208.181,211.076,82750
2014-09-14,362.887,780.147,472.971,3020.43,532.835,6.34381e+06,233.923,183.713,82750
2014-09-21,407.73,876.525,531.438,3560.66,598.694,6.34307e+06,262.836,264.334,82750
2014-09-28,458.089,984.751,597.104,4167.65,672.658,6.34224e+06,295.307,271.955,82750
2014-07-13,115.297,248.663,156.954,165.581,170.099,6.34776e+06,98.0944,80.9897,82800
2014-07-20,130.065,279.732,171.468,341.77,190.703,6.34753e+06,109.976,127.23,82800
2014-07-27,145.875,312.966,191.041,536.658,214.46,6.34726e+06,123.677,128.649,82800
2014-08-03,163.244,350.027,213.593,754.296,240.191,6.34697e+06,138.515,147.991,82800
2014-08-10,182.598,391.486,238.905,997.695,268.711,6.34664e+06,154.962,132.421,82800
2014-08-17,204.23,437.855,267.216,1269.94,300.554,6.34627e+06,173.326,183.223,82800
2014-08-24,228.418,489.704,298.871,1574.44,336.155,6.34586e+06,193.857,164.473,82800
2014-08-31,255.463,547.675,334.267,1915,375.961,6.3454e+06,216.813,195.951,82800
2014-09-07,285.701,612.487,373.842,2295.9,420.468,6.34488e+06,242.48,160.161,82800
2014-09-14,319.505,684.939,418.088,2721.88,470.227,6.34431e+06,271.175,368.744,82800
2014-09-21,357.293,765.928,467.553,3198.27,525.853,6.34366e+06,303.254,381.307,82800
2014-09-28,399.532,856.448,522.846,3731,588.033,6.34294e+06,339.112,393.032,82800
2014-07-13,115.626,252.391,155.831,163.802,169.066,6.34776e+06,69.2842,60.2932,82850
2014-07-20,133.037,289.383,172.842,339.999,193.208,6.34751e+06,79.1778,84.4677,82850
2014-07-27,152.023,329.77,196.07,538.245,221.474,6.34723e+06,90.7611,66.8347,82850
2014-08-03,173.288,375.662,223.28,763.715,252.68,6.34691e+06,103.55,111.664,82850
2014-08-10,197.431,427.954,254.376,1020.55,287.932,6.34655e+06,117.996,150.877,82850
2014-08-17,224.917,487.522,289.801,1313.16,328.029,6.34613e+06,134.428,137.945,82850
2014-08-24,256.222,555.366,330.146,1646.5,373.691,6.34566e+06,153.141,177.833,82850
2014-08-31,291.873,632.626,376.094,2026.25,425.695,6.34512e+06,174.452,167.015,82850
2014-09-07,332.471,720.603,428.421,2458.84,484.918,6.34451e+06,198.722,194.864,82850
2014-09-14,378.699,820.773,488.008,2951.61,552.355,6.34381e+06,226.358,191.038,82850
2014-09-21,431.331,934.814,555.856,3512.9,629.139,6.34302e+06,257.824,284.104,82850
2014-09-28,491.248,1064.63,633.102,4152.21,716.555,6.34211e+06,293.648,326.759,82850
2014-07-13,96.787,209.867,131.171,138.158,142.225,6.34787e+06,82.7791,86.6417,82900
2014-07-20,110.15,238.103,144.268,285.877,160.816,6.34767e+06,93.5996,47.0028,82900
2014-07-27,124.572,268.583,162.03,450.515,182.399,6.34744e+06,106.162,73.5518,82900
2014-08-03,140.555,302.86,182.646,635.875,205.976,6.34719e+06,119.884,154.116,82900
2014-08-10,158.514,341.523,205.973,844.88,232.332,6.3469e+06,135.224,140.908,82900
2014-08-17,178.754,385.121,232.279,1080.58,262.005,6.34657e+06,152.495,154.863,82900
2014-08-24,201.572,434.277,261.937,1346.38,295.455,6.34621e+06,171.963,50.7852,82900
2014-08-31,227.297,489.692,295.372,1646.11,333.166,6.34579e+06,193.912,233.774,82900
2014-09-07,256.298,552.159,333.067,1984.09,375.679,6.34532e+06,218.656,177.88,82900
2014-09-14,288.988,622.572,375.559,2365.2,423.604,6.3448e+06,246.55,251.754,82900
2014-09-21,325.835,701.934,423.458,2794.93,477.624,6.3442e+06,277.991,266.01,82900
2014-09-28,367.363,791.375,477.446,3279.45,538.51,6.34353e+06,313.428,239.969,82900
2014-07-13,87.141,190.315,117.39,123.374,127.366,6.34793e+06,85.7599,105.566,82950
2014-07-20,100.352,218.394,130.292,256.149,145.677,6.34774e+06,98.0897,92.7275,82950
2014-07-27,114.769,249.079,147.921,405.652,167.132,6.34753e+06,112.536,115.525,82950
2014-08-03,130.931,283.978,168.588,575.824,190.839,6.34729e+06,128.499,156.052,82950
2014-08-10,149.297,323.779,192.226,769.83,217.645,6.34701e+06,146.548,104.881,82950
2014-08-17,170.225,369.159,219.179,991.04,248.162,6.3467e+06,167.096,165.814,82950
2014-08-24,194.082,420.891,249.903,1243.26,282.946,6.34634e+06,190.518,223.901,82950
2014-08-31,221.277,479.858,284.926,1530.83,322.596,6.34593e+06,217.216,95.1371,82950
2014-09-07,252.275,547.068,324.848,1858.71,367.793,6.34547e+06,247.648,220.37,82950
2014-09-14,287.604,623.667,370.351,2232.51,419.307,6.34494e+06,282.335,295.104,82950
2014-09-21,327.869,710.961,422.213,2658.67,478.019,6.34433e+06,321.868,326.23,82950
2014-09-28,373.752,810.433,481.318,3144.49,544.928,6.34364e+06,366.92,405.845,82950
2014-07-13,71.2278,156.497,95.4678,100.15,103.638,6.34803e+06,75.2095,62.3542,83000
2014-07-20,82.8427,181.307,106.778,208.527,119.688,6.34787e+06,86.8565,92.0528,83000
2014-07-27,95.6372,208.699,122.329,331.614,138.638,6.34769e+06,100.608,104.783,83000
2014-08-03,110.12,240.149,140.714,473.011,159.782,6.34749e+06,115.953,102.195,83000
2014-08-10,126.733,276.351,161.935,635.708,183.918,6.34725e+06,133.468,105.635,83000
2014-08-17,145.841,318.012,186.355,822.942,211.654,6.34698e+06,153.596,99.7046,83000
2014-08-24,167.826,365.947,214.453,1038.41,243.563,6.34666e+06,176.752,181.101,83000
2014-08-31,193.121,421.097,246.78,1286.36,280.277,6.3463e+06,203.395,184.63,83000
2014-09-07,222.222,484.543,283.974,1571.68,322.516,6.34589e+06,234.048,229.205,83000
2014-09-14,255.701,557.53,326.763,1900,371.11,6.34541e+06,269.312,271.144,83000
2014-09-21,294.212,641.484,375.988,2277.79,427.011,6.34486e+06,309.879,288.616,83000
2014-09-28,338.508,738.047,432.612,2712.47,491.312,6.34423e+06,356.542,281.712,83000
2014-07-13,82.9237,178.696,112.961,119.199,122.413,6.34796e+06,85.4399,74.6961,83050
2014-07-20,93.4203,200.765,123.281,245.942,137.062,6.34779e+06,95.6647,104.853,83050
2014-07-27,104.643,224.339,137.186,385.975,153.938,6.3476e+06,107.443,121.995,83050
2014-08-03,116.958,250.596,153.191,542.162,172.192,6.34739e+06,120.184,92.2149,83050
2014-08-10,130.664,279.935,171.134,716.62,192.401,6.34715e+06,134.289,152.449,83050
2014-08-17,145.966,312.711,191.179,911.513,214.937,6.34689e+06,150.019,138.94,83050
2014-08-24,163.055,349.318,213.566,1129.23,240.104,6.34659e+06,167.584,189.562,83050
2014-08-31,182.141,390.202,238.569,1372.44,268.212,6.34627e+06,187.203,168.279,83050
2014-09-07,203.456,435.859,266.493,1644.12,299.604,6.3459e+06,209.113,221.547,83050
2014-09-14,227.26,486.845,297.679,1947.59,334.661,6.34549e+06,233.582,244.373,83050
2014-09-21,253.841,543.777,332.504,2286.58,373.81,6.34503e+06,260.906,331,83050
2014-09-28,283.521,607.345,371.392,2665.22,417.525,6.34452e+06,291.417,348.722,83050
2014-07-13,83.5053,184.509,111.389,116.647,120.985,6.34795e+06,80.607,96.3886,83100
2014-07-20,98.0328,215.684,125.495,243.54,141,6.34777e+06,93.9423,100.159,83100
2014-07-27,114.176,250.438,145.007,388.833,164.805,6.34755e+06,109.803,106.588,83100
2014-08-03,132.616,290.694,168.258,557.191,191.609,6.3473e+06,127.661,119.273,83100
2014-08-10,153.957,337.436,195.325,752.604,222.48,6.34701e+06,148.229,131.978,83100
2014-08-17,178.716,391.695,226.744,979.453,258.268,6.34667e+06,172.073,165.793,83100
2014-08-24,207.452,454.668,263.209,1242.79,299.798,6.34628e+06,199.743,216.594,83100
2014-08-31,240.8,527.748,305.528,1548.46,347.997,6.34583e+06,231.856,143.969,83100
2014-09-07,279.5,612.55,354.641,1903.28,403.932,6.3453e+06,269.123,294.844,83100
2014-09-14,324.406,710.947,411.632,2315.13,468.84,6.34469e+06,312.368,335.146,83100
2014-09-21,376.509,825.107,477.763,2793.16,544.153,6.34398e+06,362.546,264.873,83100
2014-09-28,436.955,957.54,554.489,3347.96,631.532,6.34315e+06,420.763,542.149,83100
2014-07-13,115.949,251.791,156.947,165.233,170.196,6.34776e+06,89.9695,102.868,83150
2014-07-20,132.279,286.337,172.941,342.137,192.898,6.34752e+06,101.97,83.7985,83150
2014-07-27,149.944,323.722,194.663,539.717,219.302,6.34724e+06,115.928,121.896,83150
2014-08-03,169.565,365.861,219.928,762.666,248.214,6.34693e+06,131.212,95.906,83150
2014-08-10,191.663,413.496,248.578,1014.62,280.607,6.34658e+06,148.335,138.275,83150
2014-08-17,216.621,467.332,280.957,1299.4,317.159,6.34619e+06,167.658,162.528,83150
2014-08-24,244.823,528.163,317.543,1621.27,358.455,6.34574e+06,189.487,162.176,83150
2014-08-31,276.686,596.891,358.881,1985.05,405.114,6.34523e+06,214.153,221.745,83150
2014-09-07,312.685,674.534,405.587,2396.17,457.831,6.34466e+06,242.02,261.503,83150
2014-09-14,353.352,762.241,458.352,2860.79,517.386,6.34402e+06,273.502,263.263,83150
2014-09-21,399.289,861.308,517.96,3385.85,584.662,6.34329e+06,309.066,303.087,83150
2014-09-28,451.172,973.192,585.289,3979.17,660.651,6.34246e+06,349.236,394.983,83150
2014-07-13,88.6992,191.508,120.638,127.227,130.754,6.34792e+06,89.5125,47.2476,83200
2014-07-20,100.24,215.809,131.973,262.737,146.845,6.34774e+06,100.528,47.0961,83200
2014-07-27,112.615,241.853,147.277,412.859,165.426,6.34754e+06,113.248,104.106,83200
2014-08-03,126.235,270.946,164.938,580.784,185.585,6.34731e+06,127.049,148.057,83200
2014-08-10,141.439,303.548,184.793,768.898,207.97,6.34705e+06,142.373,119.196,83200
2014-08-17,158.462,340.074,207.039,979.658,233.006,6.34676e+06,159.513,106.061,83200
2014-08-24,177.529,380.989,231.956,1215.79,261.046,6.34644e+06,178.708,185.03,83200
2014-08-31,198.886,426.816,259.866,1480.33,292.453,6.34608e+06,200.209,186.828,83200
2014-09-07,222.806,478.141,291.127,1776.7,327.631,6.34568e+06,224.292,246.692,83200
2014-09-14,249.595,535.621,326.139,2108.72,367.03,6.34523e+06,251.264,189.691,83200
2014-09-21,279.596,599.989,365.35,2480.66,411.153,6.34472e+06,281.47,159.685,83200
2014-09-28,313.192,672.066,409.262,2897.31,460.565,6.34416e+06,315.296,255.628,83200
2014-07-13,79.1783,173.013,106.617,112.035,115.683,6.34798e+06,79.9742,83.2345,83250
2014-07-20,91.2584,198.7,118.413,232.663,132.423,6.34781e+06,91.5471,72.5935,83250
2014-07-27,104.453,226.796,134.537,368.587,152.049,6.34762e+06,105.115,108.93,83250
2014-08-03,119.256,258.777,153.455,523.425,173.755,6.3474e+06,120.121,103.327,83250
2014-08-10,136.091,295.279,175.11,700.088,198.318,6.34714e+06,137.101,130.276,83250
2014-08-17,155.292,336.931,199.82,901.681,226.303,6.34686e+06,156.448,114.377,83250
2014-08-24,177.196,384.451,228.01,1131.72,258.227,6.34653e+06,178.518,181.189,83250
2014-08-31,202.185,438.663,260.171,1394.2,294.648,6.34615e+06,203.697,210.236,83250
2014-09-07,230.693,500.503,296.861,1693.71,336.196,6.34573e+06,232.42,239.353,83250
2014-09-14,263.21,571.041,338.715,2035.45,383.592,6.34524e+06,265.186,239.763,83250
2014-09-21,300.301,651.493,386.456,2425.36,437.654,6.34469e+06,302.56,341.223,83250
2014-09-28,342.603,743.247,440.909,2870.22,499.315,6.34405e+06,345.188,312.364,83250
2014-07-13,132.738,290.044,178.738,187.821,193.937,6.34766e+06,92.9816,53.6707,83300
2014-07-20,152.987,333.099,198.511,390.047,221.998,6.34738e+06,106.435,133.12,83300
2014-07-27,175.101,380.188,225.538,617.914,254.895,6.34705e+06,122.207,124.11,83300
2014-08-03,199.91,433.78,257.245,877.481,291.273,6.34668e+06,139.649,170.727,83300
2014-08-10,228.121,494.94,293.535,1173.62,332.434,6.34626e+06,159.383,194.42,83300
2014-08-17,260.289,564.718,334.94,1511.55,379.325,6.34578e+06,181.865,156.688,83300
2014-08-24,296.981,644.311,382.169,1897.12,432.807,6.34523e+06,207.506,245.874,83300
2014-08-31,338.833,735.089,436.04,2337.06,493.809,6.3446e+06,236.753,152.504,83300
2014-09-07,386.563,838.614,497.483,2839,563.384,6.34389e+06,270.11,263.198,83300
2014-09-14,440.993,956.662,567.556,3411.66,642.729,6.34307e+06,308.152,316.771,83300
2014-09-21,503.056,1091.25,647.462,4064.96,733.206,6.34214e+06,351.53,329.184,83300
2014-09-28,573.812,1244.68,738.571,4810.21,836.363,6.34108e+06,400.988,456.316,83300
2014-07-13,83.9145,184.561,112.374,117.848,122.003,6.34795e+06,78.4108,74.2482,83350
2014-07-20,97.7638,214.168,125.853,245.499,141.13,6.34777e+06,90.7036,100.657,83350
2014-07-27,113.044,246.914,144.407,390.688,163.743,6.34755e+06,105.237,90.6132,83350
2014-08-03,130.368,284.571,166.372,557.739,189.016,6.34731e+06,121.48,128.262,83350
2014-08-10,150.272,327.984,191.764,750.258,217.911,6.34703e+06,140.051,130.203,83350
2014-08-17,173.201,378.021,221.031,972.16,251.168,6.34671e+06,161.425,204.096,83350
2014-08-24,199.623,435.682,254.755,1227.92,289.488,6.34633e+06,186.053,169.431,83350
2014-08-31,230.069,502.123,293.618,1522.71,333.646,6.3459e+06,214.433,212.107,83350
2014-09-07,265.15,578.675,338.398,1862.45,384.527,6.34541e+06,247.134,225.728,83350
2014-09-14,305.569,666.87,389.994,2254.01,443.151,6.34483e+06,284.812,317.694,83350
2014-09-21,352.133,768.47,449.439,2705.26,510.693,6.34417e+06,328.22,305.095,83350
2014-09-28,405.773,885.5,517.922,3225.27,588.5,6.34342e+06,378.226,463.509,83350
2014-07-13,79.4246,174.892,106.255,111.39,115.372,6.34798e+06,73.2888,64.4843,83400
2014-07-20,92.7136,203.329,119.181,232.178,133.714,6.3478e+06,84.9402,98.0844,83400
2014-07-27,107.402,234.844,136.996,369.796,155.432,6.3476e+06,98.7362,53.3709,83400
2014-08-03,124.088,271.153,158.121,528.421,179.751,6.34737e+06,114.184,112.217,83400
2014-08-10,143.294,313.089,182.587,711.563,207.608,6.3471e+06,131.88,91.1578,83400
2014-08-17,165.459,361.513,210.836,923.043,239.729,6.34679e+06,152.285,176.574,83400
2014-08-24,191.048,417.417,243.449,1167.24,276.808,6.34643e+06,175.838,253.054,83400
2014-08-31,220.589,481.951,281.098,1449.2,319.613,6.34602e+06,203.03,186.295,83400
2014-09-07,254.69,556.443,324.561,1774.77,369.027,6.34554e+06,234.42,230.488,83400
2014-09-14,294.051,642.424,374.731,2150.66,426.066,6.34499e+06,270.653,308.486,83400
2014-09-21,339.48,741.655,432.64,2584.66,491.902,6.34435e+06,312.475,265.201,83400
2014-09-28,391.909,856.168,499.476,3085.7,567.885,6.34362e+06,360.742,519.556,83400
2014-07-13,113.203,243.664,154.356,162.935,167.254,6.34778e+06,89.234,84.8262,83450
2014-07-20,127.291,273.256,168.215,336.004,186.928,6.34755e+06,99.7307,103.605,83450
2014-07-27,142.328,304.803,186.866,526.911,209.558,6.34729e+06,111.805,75.7018,83450
2014-08-03,158.796,339.875,208.299,739.469,233.991,6.347e+06,124.84,120.298,83450
2014-08-10,177.09,378.992,232.285,976.472,260.988,6.34669e+06,139.244,136.027,83450
2014-08-17,197.475,422.609,259.031,1240.77,291.041,6.34633e+06,155.278,101.182,83450
2014-08-24,220.201,471.236,288.849,1535.49,324.539,6.34593e+06,173.149,139.568,83450
2014-08-31,245.535,525.442,322.088,1864.13,361.882,6.34549e+06,193.073,146.518,83450
2014-09-07,273.774,585.863,359.142,2230.58,403.509,6.345e+06,215.282,164.848,83450
2014-09-14,305.251,653.205,400.446,2639.19,449.91,6.34445e+06,240.038,220.088,83450
2014-09-21,340.332,728.257,446.483,3094.78,501.627,6.34384e+06,267.631,281.64,83450
2014-09-28,379.428,811.893,497.791,3602.74,559.265,6.34316e+06,298.382,276.948,83450
2014-07-13,99.5417,217.245,134.174,141.045,145.567,6.34786e+06,75.143,62.4397,83500
2014-07-20,114.499,249.018,148.788,292.738,166.308,6.34764e+06,85.8494,140.286,83500
2014-07-27,130.805,283.698,168.74,463.373,190.586,6.3474e+06,98.382,66.2199,83500
2014-08-03,149.063,323.096,192.107,657.389,217.383,6.34713e+06,112.215,144.787,83500
2014-08-10,169.787,367.978,218.806,878.338,247.647,6.34682e+06,127.838,143.85,83500
2014-08-17,193.376,419.094,249.213,1129.99,282.063,6.34646e+06,145.603,234.641,83500
2014-08-24,220.237,477.299,283.837,1416.62,321.247,6.34605e+06,165.83,89.8344,83500
2014-08-31,250.821,543.57,323.261,1743.06,365.864,6.34559e+06,188.862,175.603,83500
2014-09-07,285.641,619.018,368.149,2114.83,416.663,6.34506e+06,215.085,55.2579,83500
2014-09-14,325.283,704.909,419.255,2538.22,474.498,6.34446e+06,244.94,252.692,83500
2014-09-21,370.41,802.678,477.435,3020.38,540.337,6.34378e+06,278.926,266.656,83500
2014-09-28,421.774,913.955,543.664,3569.43,615.282,6.343e+06,317.613,230.103,83500
2014-07-13,130.33,281.674,177.112,186.73,191.981,6.34767e+06,84.5718,57.3751,83550
2014-07-20,147.528,317.917,193.996,385.794,215.949,6.3474e+06,95.1302,53.8717,83550
2014-07-27,165.997,356.821,216.815,606.634,243.658,6.3471e+06,107.337,109.59,83550
2014-08-03,186.356,400.346,243.182,854.035,273.768,6.34677e+06,120.601,154.981,83550
2014-08-10,209.114,449.19,272.867,1131.6,307.251,6.34639e+06,135.351,135.964,83550
2014-08-17,234.631,503.99,306.174,1443.05,344.756,6.34596e+06,151.873,140.654,83550
2014-08-24,263.253,565.459,343.534,1792.51,386.818,6.34549e+06,170.402,71.0757,83550
2014-08-31,295.356,634.401,385.439,2184.6,433.997,6.34495e+06,191.185,227.041,83550
2014-09-07,331.361,711.719,432.439,2624.51,486.912,6.34435e+06,214.496,186.437,83550
2014-09-14,371.739,798.421,485.151,3118.06,546.256,6.34368e+06,240.638,364.039,83550
2014-09-21,417.015,895.637,544.262,3671.75,612.803,6.34292e+06,269.954,270.578,83550
2014-09-28,467.779,1004.63,610.545,4292.89,687.421,6.34207e+06,302.824,272.519,83550
2014-07-13,87.404,192.006,117.166,122.918,127.191,6.34793e+06,79.3722,72.3747,83600
2014-07-20,101.628,222.385,131.018,255.914,146.848,6.34774e+06,91.6391,76.1999,83600
2014-07-27,117.293,255.916,150.061,406.923,170.052,6.34752e+06,106.119,137.129,83600
2014-08-03,135.019,294.403,172.568,580.351,195.936,6.34727e+06,122.272,155.3,83600
2014-08-10,155.346,338.691,198.54,779.852,225.472,6.34698e+06,140.704,153.1,83600
2014-08-17,178.719,389.642,228.419,1009.38,259.405,6.34664e+06,161.879,158.012,83600
2014-08-24,205.604,448.247,262.786,1273.44,298.43,6.34626e+06,186.232,210.578,83600
2014-08-31,236.525,515.652,302.315,1577.23,343.317,6.34582e+06,214.244,196.036,83600
2014-09-07,272.088,593.169,347.778,1926.71,394.943,6.34531e+06,246.461,243.364,83600
2014-09-14,312.985,682.312,400.065,2328.74,454.316,6.34473e+06,283.512,287.045,83600
2014-09-21,360.014,784.812,460.195,2791.2,522.593,6.34405e+06,326.119,316.299,83600
2014-09-28,414.087,902.659,529.337,3323.16,601.1,6.34328e+06,375.111,409.061,83600
2014-07-13,94.4636,205.952,127.438,134.005,138.247,6.34789e+06,84.5508,99.9076,83650
2014-07-20,108.476,235.693,141.136,277.995,157.687,6.34769e+06,96.4402,115.798,83650
2014-07-27,123.727,268.098,159.816,439.727,180.413,6.34746e+06,110.339,92.148,83650
2014-08-03,140.776,304.853,181.663,623.336,205.456,6.3472e+06,125.656,134.562,83650
2014-08-10,160.099,346.659,206.587,832.107,233.695,6.3469e+06,142.926,158.227,83650
2014-08-17,182.058,394.198,234.93,1069.52,265.756,6.34657e+06,162.535,141.103,83650
2014-08-24,207.023,448.247,267.152,1339.5,302.203,6.34619e+06,184.826,170.935,83650
2014-08-31,235.405,509.691,303.785,1646.51,343.639,6.34575e+06,210.168,224.433,83650
2014-09-07,267.67,579.537,345.431,1995.61,390.744,6.34526e+06,238.977,242.155,83650
2014-09-14,304.345,658.928,392.772,2392.56,444.291,6.3447e+06,271.726,286.086,83650
2014-09-21,346.03,749.16,446.585,2843.9,505.156,6.34406e+06,308.95,353.422,83650
2014-09-28,393.406,851.703,507.748,3357.07,574.332,6.34334e+06,351.258,496.28,83650
2014-07-13,112.665,247.194,151.186,158.668,164.103,6.34778e+06,76.3154,76.7203,83700
2014-07-20,130.734,285.744,168.793,330.15,189.089,6.34753e+06,87.9352,92.8075,83700
2014-07-27,150.593,328.202,192.966,524.514,218.536,6.34725e+06,101.629,106.924,83700
2014-08-03,173.02,376.839,221.486,747.311,251.317,6.34693e+06,116.874,140.506,83700
2014-08-10,198.688,432.697,254.333,1003.11,288.65,6.34656e+06,134.236,159.815,83700
2014-08-17,228.144,496.833,292.049,1296.85,331.454,6.34614e+06,154.141,189.454,83700
2014-08-24,261.958,570.458,335.344,1634.14,380.586,6.34565e+06,176.99,265.076,83700
2014-08-31,300.772,654.967,385.043,2021.43,436.985,6.34509e+06,203.218,247.98,83700
2014-09-07,345.322,751.96,442.091,2466.1,501.722,6.34444e+06,233.324,277.75,83700
2014-09-14,396.452,863.271,507.569,2976.65,576.023,6.34371e+06,267.877,283.624,83700
2014-09-21,455.126,990.997,582.714,3562.8,661.292,6.34286e+06,307.531,294.702,83700
2014-09-28,522.449,1137.54,668.945,4235.7,759.137,6.34189e+06,353.033,351.783,83700
2014-07-13,79.0814,173.602,106.072,111.304,115.14,6.34798e+06,73.3789,75.8123,83750
2014-07-20,91.8452,200.846,118.506,231.655,132.786,6.34781e+06,84.6241,86.437,83750
2014-07-27,105.886,230.882,135.587,368.17,153.596,6.34761e+06,97.8866,88.5839,83750
2014-08-03,121.757,265.319,155.756,524.785,176.784,6.34738e+06,112.664,106.355,83750
2014-08-10,139.938,304.905,179.005,704.751,203.215,6.34712e+06,129.509,146.205,83750
2014-08-17,160.821,350.399,205.724,911.58,233.548,6.34682e+06,148.84,148.904,83750
2014-08-24,184.816,402.673,236.424,1149.28,268.397,6.34648e+06,171.049,186.6,83750
2014-08-31,212.385,462.733,271.697,1422.44,308.438,6.34608e+06,196.567,201.403,83750
2014-09-07,244.059,531.733,312.225,1736.36,354.442,6.34563e+06,225.886,301.315,83750
2014-09-14,280.447,610.998,358.786,2097.09,407.295,6.3451e+06,259.569,274.134,83750
2014-09-21,322.248,702.049,412.276,2511.61,468.012,6.3445e+06,298.263,319.418,83750
2014-09-28,370.261,806.628,473.721,2987.92,537.756,6.34381e+06,342.711,326.456,83750
2014-07-13,188.146,411.722,253.034,265.773,274.588,6.34733e+06,84.7601,78.8104,83800
2014-07-20,217.374,473.942,281.554,552.315,315.062,6.34692e+06,97.2538,110.91,83800
2014-07-27,249.365,542.154,320.597,875.869,362.597,6.34646e+06,111.927,119.718,83800
2014-08-03,285.334,619.959,366.489,1245.26,415.284,6.34593e+06,128.19,117.886,83800
2014-08-10,326.326,708.94,419.127,1667.65,475.028,6.34533e+06,146.633,174.847,83800
2014-08-17,373.166,810.672,479.312,2150.7,543.238,6.34464e+06,167.687,189.335,83800
2014-08-24,426.707,926.955,548.108,2703.1,621.197,6.34385e+06,191.752,186.666,83800
2014-08-31,487.901,1059.85,626.742,3334.77,710.303,6.34294e+06,219.257,187.678,83800
2014-09-07,557.831,1211.7,716.612,4057.04,812.138,6.34191e+06,250.692,244.579,83800
2014-09-14,637.734,1385.2,819.311,4882.85,928.505,6.34072e+06,286.612,229.058,83800
2014-09-21,729.016,1583.37,936.65,5826.96,1061.45,6.33937e+06,327.651,356.26,83800
2014-09-28,833.277,1809.7,1070.69,6906.24,1213.32,6.33783e+06,374.53,302.491,83800
2014-07-13,112.49,247.67,150.507,157.787,163.419,6.34778e+06,79.0444,94.5387,83850
2014-07-20,131.283,287.879,168.789,328.866,189.36,6.34753e+06,91.5916,109.893,83850
2014-07-27,152.05,332.429,193.979,523.745,220.069,6.34725e+06,106.445,94.0536,83850
2014-08-03,175.634,383.741,223.845,748.326,254.447,6.34692e+06,123.074,98.2341,83850
2014-08-10,202.773,442.99,258.423,1007.56,293.815,6.34654e+06,142.116,173.004,83850
2014-08-17,234.085,511.383,298.339,1306.84,339.197,6.3461e+06,164.067,152.559,83850
2014-08-24,270.223,590.316,344.406,1652.35,391.568,6.34559e+06,189.398,243.617,83850
2014-08-31,311.927,681.404,397.572,2051.19,452.009,6.34501e+06,218.632,234.905,83850
2014-09-07,360.051,786.509,458.926,2511.59,521.757,6.34433e+06,252.369,257.477,83850
2014-09-14,415.578,907.774,529.723,3043.03,602.238,6.34355e+06,291.297,329.242,83850
2014-09-21,479.639,1047.67,611.409,3656.44,695.093,6.34265e+06,336.21,261.758,83850
2014-09-28,553.536,1209.03,705.647,4364.41,802.214,6.34162e+06,388.023,462.157,83850
2014-07-13,107.743,233.855,145.899,153.625,158.208,6.34781e+06,92.7243,143.177,83900
2014-07-20,122.818,265.734,160.667,318.027,179.171,6.34758e+06,105.01,70.9135,83900
2014-07-27,139.113,300.204,180.715,501.517,203.537,6.34733e+06,119.291,84.7993,83900
2014-08-03,157.198,339.027,204.016,708.411,230.196,6.34704e+06,134.916,152.097,83900
2014-08-10,177.552,382.883,230.42,942.05,260.043,6.34672e+06,152.409,220.684,83900
2014-08-17,200.523,432.411,260.24,1205.93,293.697,6.34635e+06,172.133,182.762,83900
2014-08-24,226.46,488.334,293.909,1503.95,331.69,6.34594e+06,194.401,188.224,83900
2014-08-31,255.745,551.47,331.924,1840.52,374.588,6.34547e+06,219.542,160.284,83900
2014-09-07,288.805,622.747,374.843,2220.62,423.019,6.34494e+06,247.927,228.421,83900
2014-09-14,326.127,703.205,423.297,2649.86,477.695,6.34435e+06,279.972,257.485,83900
2014-09-21,368.255,794.02,477.995,3134.58,539.414,6.34368e+06,316.145,211.5,83900
2014-09-28,415.804,896.515,539.735,3681.92,609.078,6.34292e+06,356.975,296.457,83900
2014-07-13,98.8415,217.79,132.158,138.516,143.506,6.34786e+06,82.1533,62.9414,83950
2014-07-20,115.505,253.467,148.361,288.81,166.497,6.34764e+06,95.3152,95.0586,83950
2014-07-27,133.941,293.048,170.706,460.207,193.743,6.34739e+06,110.913,83.7188,83950
2014-08-03,154.905,338.695,197.229,657.967,224.283,6.3471e+06,128.396,105.302,83950
2014-08-10,179.061,391.468,227.974,886.523,259.301,6.34676e+06,148.443,174.014,83950
2014-08-17,206.965,452.463,263.509,1150.71,299.719,6.34638e+06,171.581,190.055,83950
2014-08-24,239.21,522.947,304.573,1456.07,346.421,6.34593e+06,198.317,252.048,83950
2014-08-31,276.469,604.388,352.023,1809,400.386,6.34541e+06,229.211,287.218,83950
2014-09-07,319.519,698.481,406.85,2216.91,462.741,6.34481e+06,264.907,258.858,83950
2014-09-14,369.255,807.182,470.198,2688.35,534.784,6.34412e+06,306.149,295.314,83950
2014-09-21,426.711,932.746,543.382,3233.18,618.011,6.34331e+06,353.795,516.029,83950
2014-09-28,493.075,1077.77,627.923,3862.79,714.149,6.34239e+06,408.832,372.151,83950
2014-07-13,118.187,256.897,159.847,168.239,173.356,6.34775e+06,86.2593,76.1929,84000
2014-07-20,135.044,292.587,176.351,348.516,196.781,6.3475e+06,97.9147,77.6515,84000
2014-07-27,153.307,331.274,198.787,550.138,224.058,6.34722e+06,111.488,116.296,84000
2014-08-03,173.623,374.945,224.916,777.98,253.972,6.3469e+06,126.372,106.226,84000
2014-08-10,196.538,424.384,254.589,1035.85,287.538,6.34654e+06,143.074,154.326,84000
2014-08-17,222.457,480.341,288.174,1327.73,325.469,6.34613e+06,161.948,161.355,84000
2014-08-24,251.786,543.66,326.177,1658.11,368.386,6.34567e+06,183.303,181.915,84000
2014-08-31,284.973,615.304,369.18,2032.06,416.948,6.34515e+06,207.467,249.669,84000
2014-09-07,322.521,696.359,417.836,2455.3,471.895,6.34456e+06,234.807,182.515,84000
2014-09-14,365,788.054,472.886,2934.31,534.06,6.34389e+06,265.739,316.092,84000
2014-09-21,413.053,891.774,535.164,3476.41,604.386,6.34313e+06,300.732,324.835,84000
2014-09-28,467.406,1009.08,605.613,4089.9,683.935,6.34228e+06,340.315,335.049,84000
2014-07-13,92.0639,200.204,124.469,130.986,134.994,6.3479e+06,86.6837,96.7716,84050
2014-07-20,105.273,228.18,137.398,271.402,153.344,6.34771e+06,98.4667,57.2102,84050
2014-07-27,119.593,258.53,154.983,428.543,174.726,6.34749e+06,112.196,138.073,84050
2014-08-03,135.536,292.816,175.476,606.24,198.191,6.34724e+06,127.264,138.816,84050
2014-08-10,153.531,331.659,198.764,807.494,224.542,6.34696e+06,144.185,88.1958,84050
2014-08-17,173.902,375.657,225.143,1035.46,254.342,6.34664e+06,163.32,238.946,84050
2014-08-24,196.97,425.482,255.014,1293.67,288.084,6.34628e+06,184.987,272.9,84050
2014-08-31,223.092,481.901,288.841,1586.14,326.294,6.34587e+06,209.523,239.571,84050
2014-09-07,252.671,545.784,327.145,1917.39,369.562,6.34541e+06,237.307,307.324,84050
2014-09-14,286.162,618.112,370.518,2292.58,418.554,6.34488e+06,268.765,273.227,84050
2014-09-21,324.079,699.995,419.625,2717.49,474.022,6.34429e+06,304.383,370.853,84050
2014-09-28,367.003,792.687,475.222,3198.71,536.818,6.34362e+06,344.707,211.732,84050
2014-07-13,111.099,238.587,151.775,160.319,164.423,6.34779e+06,95.1665,99.5439,84100
2014-07-20,124.458,266.593,164.93,330.264,183.1,6.34756e+06,105.976,94.5644,84100
2014-07-27,138.665,296.335,182.594,517.122,204.521,6.34732e+06,118.375,138.821,84100
2014-08-03,154.169,329.281,202.828,724.452,227.564,6.34704e+06,131.712,149.631,84100
2014-08-10,171.331,365.899,225.395,954.82,252.935,6.34673e+06,146.396,117.383,84100
2014-08-17,190.388,406.588,250.472,1210.82,281.077,6.34639e+06,162.684,158.526,84100
2014-08-24,211.558,451.792,278.331,1495.3,312.336,6.34601e+06,180.777,167.835,84100
2014-08-31,235.076,502.008,309.28,1811.41,347.062,6.34559e+06,200.876,216.471,84100
2014-09-07,261.201,557.786,343.659,2162.67,385.638,6.34512e+06,223.203,140.014,84100
2014-09-14,290.219,619.739,381.848,2552.97,428.487,6.34461e+06,248.004,223.909,84100
2014-09-21,322.448,688.545,424.267,2986.63,476.08,6.34403e+06,275.55,174.09,84100
2014-09-28,358.241,764.956,471.378,3468.46,528.938,6.34339e+06,306.144,322.496,84100
2014-07-13,146.529,313.911,200.575,212.017,217.243,6.34758e+06,107.358,106.152,84150
2014-07-20,163.501,349.422,217.308,436.284,241.001,6.34728e+06,119.098,107.747,84150
2014-07-27,181.484,386.976,239.72,682.038,268.166,6.34696e+06,132.523,143.646,84150
2014-08-03,201.031,428.417,265.308,953.725,297.275,6.3466e+06,146.908,99.0684,84150
2014-08-10,222.586,474.303,293.741,1254.49,329.2,6.3462e+06,162.685,189.861,84150
2014-08-17,246.431,525.1,325.219,1587.49,364.478,6.34577e+06,180.119,145.532,84150
2014-08-24,272.821,581.32,360.057,1956.17,403.516,6.34528e+06,199.41,200.97,84150
2014-08-31,302.026,643.535,398.612,2364.33,446.719,6.34474e+06,220.761,269.478,84150
2014-09-07,334.344,712.378,441.28,2816.2,494.53,6.34415e+06,244.388,311.162,84150
2014-09-14,370.104,788.55,488.496,3316.41,547.435,6.34349e+06,270.533,264.157,84150
2014-09-21,409.669,872.821,540.739,3870.14,605.972,6.34276e+06,299.461,357.928,84150
2014-09-28,453.439,966.043,598.539,4483.08,670.734,6.34195e+06,331.465,325.463,84150
2014-07-13,99.2957,215.366,134.54,141.696,145.882,6.34786e+06,87.1759,119.21,84200
2014-07-20,113.055,244.446,148.025,293.233,165.023,6.34765e+06,98.6139,62.0101,84200
2014-07-27,127.913,275.854,166.317,462.194,187.252,6.34742e+06,111.898,109.668,84200
2014-08-03,144.384,311.188,187.557,652.498,211.545,6.34715e+06,126.414,160.921,84200
2014-08-10,162.9,351.06,211.599,867.168,238.712,6.34686e+06,142.649,94.376,84200
2014-08-17,183.776,396.04,238.723,1109.36,269.312,6.34652e+06,160.935,107.43,84200
2014-08-24,207.322,446.774,269.315,1382.58,303.82,6.34614e+06,181.556,332.685,84200
2014-08-31,233.877,503.992,303.818,1690.82,342.741,6.34572e+06,204.815,228.346,84200
2014-09-07,263.826,568.518,342.732,2038.54,386.636,6.34524e+06,231.045,251.324,84200
2014-09-14,297.599,641.28,386.617,2430.8,436.138,6.34469e+06,260.627,225.153,84200
2014-09-21,335.681,723.324,436.105,2873.27,491.959,6.34408e+06,293.984,390.391,84200
2014-09-28,378.62,815.823,491.907,3372.37,554.9,6.34339e+06,331.596,419.351,84200
2014-07-13,97.1563,209.422,132.321,139.616,143.395,6.34787e+06,94.5011,73.2523,84250
2014-07-20,109.502,235.383,144.456,288.103,160.623,6.34767e+06,105.855,104.2,84250
2014-07-27,122.706,263.127,160.813,452.221,180.475,6.34745e+06,118.937,96.0012,84250
2014-08-03,137.202,294.04,179.645,635.345,201.956,6.3472e+06,133.094,143.283,84250
2014-08-10,153.341,328.594,200.766,839.972,225.747,6.34693e+06,148.773,145.082,84250
2014-08-17,171.364,367.21,224.37,1068.66,252.289,6.34662e+06,166.265,156.876,84250
2014-08-24,191.501,410.355,250.742,1324.22,281.939,6.34627e+06,185.805,185.761,84250
2014-08-31,213.999,458.557,280.206,1609.83,315.066,6.34589e+06,207.637,253.053,84250
2014-09-07,239.134,512.406,313.124,1928.98,352.076,6.34546e+06,232.027,227.503,84250
2014-09-14,267.212,572.559,349.899,2285.63,393.421,6.34497e+06,259.275,229.228,84250
2014-09-21,298.576,639.748,390.979,2684.16,439.607,6.34444e+06,289.712,270.897,84250
2014-09-28,333.608,714.792,436.867,3129.47,491.196,6.34384e+06,323.711,318.413,84250
2014-07-13,86.4071,189.619,115.932,121.663,125.839,6.34794e+06,72.4739,55.7046,84300
2014-07-20,100.296,219.256,129.465,253.173,145.043,6.34775e+06,83.5341,50.5515,84300
2014-07-27,115.567,251.911,148.048,402.272,167.683,6.34753e+06,96.5725,67.0736,84300
2014-08-03,132.818,289.33,169.98,573.234,192.893,6.34728e+06,111.092,116.636,84300
2014-08-10,152.569,332.32,195.248,769.581,221.615,6.347e+06,127.634,73.8115,84300
2014-08-17,175.242,381.699,224.271,995.115,254.558,6.34667e+06,146.606,116.842,84300
2014-08-24,201.28,438.406,257.6,1254.17,292.384,6.3463e+06,168.391,159.143,84300
2014-08-31,231.18,503.522,295.873,1551.72,335.822,6.34587e+06,193.408,190.565,84300
2014-09-07,265.513,578.289,339.823,1893.47,385.702,6.34537e+06,222.135,160.747,84300
2014-09-14,304.933,664.13,390.287,2285.98,442.975,6.3448e+06,255.12,196.104,84300
2014-09-21,350.19,762.677,448.228,2736.77,508.731,6.34415e+06,292.991,182.527,84300
2014-09-28,402.144,875.799,514.747,3254.47,584.22,6.3434e+06,336.467,301.096,84300
2014-07-13,112.825,251.41,149.409,156.042,162.409,6.34778e+06,75.529,74.4347,84350
2014-07-20,134.333,297.89,170.204,327.157,191.909,6.34752e+06,89.2479,78.1897,84350
2014-07-27,158.552,350.46,199.231,525.515,227.385,6.34722e+06,105.746,112.703,84350
2014-08-03,186.597,412.172,234.235,758.393,267.882,6.34686e+06,124.579,158.38,84350
2014-08-10,219.488,484.771,275.513,1032.27,315.157,6.34644e+06,146.564,108.328,84350
2014-08-17,258.152,570.151,324.059,1354.41,370.687,6.34594e+06,172.389,89.21,84350
2014-08-24,303.615,670.543,381.141,1733.31,435.976,6.34536e+06,202.752,229.828,84350
2014-08-31,357.068,788.573,448.26,2178.93,512.744,6.34468e+06,238.453,229.861,84350
2014-09-07,419.909,927.323,527.172,2703.02,602.999,6.34387e+06,280.426,323.473,84350
2014-09-14,493.778,1090.41,619.94,3319.35,709.098,6.34293e+06,329.768,382.513,84350
2014-09-21,580.597,1282.07,728.985,4044.11,833.808,6.34181e+06,387.765,385.101,84350
2014-09-28,682.621,1507.28,857.143,4896.32,980.371,6.34051e+06,455.924,433.648,84350
2014-07-13,97.1269,211.01,131.42,138.341,142.52,6.34787e+06,85.2428,86.9553,84400
2014-07-20,110.887,240.13,144.894,286.512,161.645,6.34767e+06,96.6814,93.5649,84400
2014-07-27,125.782,271.669,163.202,452.105,183.902,6.34744e+06,109.994,145.711,84400
2014-08-03,142.339,307.243,184.51,639.087,208.29,6.34718e+06,124.58,111.487,84400
2014-08-10,161,347.487,208.689,850.542,235.635,6.34688e+06,140.936,135.201,84400
2014-08-17,182.092,393.002,236.036,1089.71,266.513,6.34655e+06,159.404,112.748,84400
2014-08-24,205.942,444.47,266.958,1360.21,301.424,6.34617e+06,180.285,155.084,84400
2014-08-31,232.909,502.663,301.922,1666.15,340.899,6.34575e+06,203.895,215.752,84400
2014-09-07,263.399,568.455,341.456,2012.14,385.532,6.34526e+06,230.591,193.519,84400
2014-09-14,297.87,642.833,386.153,2403.44,435.994,6.34472e+06,260.773,258.414,84400
2014-09-21,336.838,726.91,436.685,2845.95,493.042,6.3441e+06,294.894,339.735,84400
2014-09-28,380.886,821.943,493.808,3346.36,557.53,6.34341e+06,333.464,310.77,84400
2014-07-13,101.615,216.915,139.5,147.611,151.046,6.34784e+06,102.281,110.323,84450
2014-07-20,112.729,240.103,150.477,303.265,166.631,6.34764e+06,112.835,106.862,84450
2014-07-27,124.443,264.481,165.126,472.991,184.374,6.34742e+06,124.85,129.831,84450
2014-08-03,137.105,291.236,181.772,659.626,203.281,6.34718e+06,137.653,153.43,84450
2014-08-10,150.993,320.705,200.173,865.129,223.905,6.34691e+06,151.618,174.311,84450
2014-08-17,166.274,353.156,220.438,1091.44,246.573,6.34662e+06,166.968,136.415,84450
2014-08-24,183.098,388.884,242.748,1340.65,271.525,6.34629e+06,183.864,222.827,84450
2014-08-31,201.62,428.215,267.308,1615.09,298.994,6.34594e+06,202.465,256.021,84450
2014-09-07,222.009,471.512,294.347,1917.28,329.235,6.34554e+06,222.943,280.137,84450
2014-09-14,244.453,519.17,324.112,2250.04,362.525,6.34511e+06,245.485,178.085,84450
2014-09-21,269.158,571.627,356.876,2616.45,399.168,6.34464e+06,270.298,170.275,84450
2014-09-28,296.349,629.36,392.94,3019.88,439.501,6.34411e+06,297.61,265.514,84450
2014-07-13,106.921,235.657,142.928,149.792,155.205,6.34781e+06,75.5193,60.8748,84500
2014-07-20,125.003,274.378,160.507,312.361,180.149,6.34758e+06,87.6567,72.064,84500
2014-07-27,145.017,317.357,184.758,497.83,209.72,6.34731e+06,102.045,101.263,84500
2014-08-03,167.784,366.943,213.553,711.915,242.88,6.34699e+06,118.18,100.016,84500
2014-08-10,194.028,424.292,246.946,959.441,280.918,6.34663e+06,136.689,148.777,84500
2014-08-17,224.356,490.602,285.556,1245.67,324.84,6.3462e+06,158.06,126.853,84500
2014-08-24,259.417,567.258,330.19,1576.65,375.61,6.34572e+06,182.763,196.611,84500
2014-08-31,299.945,655.864,381.787,1959.35,434.299,6.34515e+06,211.32,252.264,84500
2014-09-07,346.79,758.275,441.429,2401.84,502.137,6.3445e+06,244.329,159.676,84500
2014-09-14,400.931,876.628,510.366,2913.45,580.546,6.34375e+06,282.481,282.374,84500
2014-09-21,463.497,1013.39,590.036,3504.94,671.16,6.34288e+06,326.572,425.175,84500
2014-09-28,535.79,1171.4,682.102,4188.75,775.87,6.34187e+06,377.521,398.643,84500
2014-07-13,95.3487,207.707,128.723,135.391,139.63,6.34788e+06,82.9841,77.5349,84550
2014-07-20,109.34,237.384,142.406,280.758,159.05,6.34768e+06,94.5258,69.8265,84550
2014-07-27,124.55,269.673,161.051,443.842,181.729,6.34745e+06,108.004,114.795,84550
2014-08-03,141.529,306.248,182.831,628.748,206.686,6.34719e+06,122.837,148.812,84550
2014-08-10,160.747,347.796,207.647,838.722,234.79,6.3469e+06,139.539,144.776,84550
2014-08-17,182.559,394.981,235.83,1077.2,266.657,6.34656e+06,158.478,148.076,84550
2014-08-24,207.326,448.558,267.829,1348.03,302.836,6.34618e+06,179.98,215.513,84550
2014-08-31,235.445,509.386,304.162,1655.61,343.914,6.34575e+06,204.394,201.743,84550
2014-09-07,267.369,578.443,345.413,2004.92,390.553,6.34525e+06,232.112,180.901,84550
2014-09-14,303.611,656.835,392.246,2401.58,443.5,6.3447e+06,263.579,345.444,84550
2014-09-21,344.751,745.817,445.411,2852.02,503.606,6.34406e+06,299.301,245.621,84550
2014-09-28,391.446,846.81,505.759,3363.51,571.831,6.34334e+06,339.848,264.332,84550
2014-07-13,86.3149,190.053,115.479,121.061,125.387,6.34794e+06,71.7189,90.6995,84600
2014-07-20,100.747,220.935,129.517,252.33,145.307,6.34775e+06,83.1131,83.4891,84600
2014-07-27,116.698,255.156,148.864,401.876,168.892,6.34753e+06,96.6034,103.886,84600
2014-08-03,134.815,294.578,171.804,574.235,195.299,6.34727e+06,111.708,87.4726,84600
2014-08-10,155.667,340.106,198.368,773.215,225.545,6.34698e+06,129.008,102.971,84600
2014-08-17,179.73,392.67,229.038,1002.96,260.417,6.34665e+06,148.954,170.971,84600
2014-08-24,207.506,453.348,264.441,1268.23,300.667,6.34626e+06,171.976,154.01,84600
2014-08-31,239.568,523.384,305.307,1574.49,347.128,6.34581e+06,198.551,186.242,84600
2014-09-07,276.574,604.218,352.478,1928.07,400.755,6.34529e+06,229.225,195.228,84600
2014-09-14,319.283,697.506,406.922,2336.28,462.651,6.34469e+06,264.628,196.712,84600
2014-09-21,368.571,805.156,469.755,2807.53,534.083,6.344e+06,305.486,368.775,84600
2014-09-28,425.444,929.366,542.265,3351.53,616.512,6.3432e+06,352.634,394.859,84600
2014-07-13,99.5108,213.908,135.835,143.441,147.168,6.34786e+06,95.7491,98.7356,84650
2014-07-20,111.653,239.384,147.787,295.624,164.135,6.34766e+06,106.788,108.739,84650
2014-07-27,124.586,266.484,163.85,463.181,183.62,6.34743e+06,119.465,140.411,84650
2014-08-03,138.721,296.549,182.276,649.367,204.612,6.34718e+06,133.123,134.548,84650
2014-08-10,154.391,330.016,202.856,856.548,227.761,6.34691e+06,148.184,192.668,84650
2014-08-17,171.818,367.259,225.76,1087.12,253.477,6.3466e+06,164.915,180.765,84650
2014-08-24,191.208,408.698,251.242,1343.72,282.085,6.34626e+06,183.528,191.72,84650
2014-08-31,212.78,454.801,279.593,1629.29,313.914,6.34587e+06,204.236,232.039,84650
2014-09-07,236.779,506.088,311.136,1947.07,349.326,6.34545e+06,227.275,233.064,84650
2014-09-14,263.477,563.141,346.227,2300.7,388.72,6.34498e+06,252.906,308.681,84650
2014-09-21,293.175,626.602,385.263,2694.21,432.542,6.34445e+06,281.417,272.339,84650
2014-09-28,326.208,697.186,428.685,3132.07,481.287,6.34387e+06,313.131,338.334,84650
2014-07-13,119.513,257.994,162.57,171.458,176.199,6.34774e+06,95.0498,140.328,84700
2014-07-20,135.025,290.653,177.808,354.05,197.83,6.34749e+06,106.719,84.3142,84700
2014-07-27,151.654,325.641,198.376,556.283,222.802,6.34722e+06,120.189,114.899,84700
2014-08-03,169.95,364.714,222.105,782.44,249.886,6.34691e+06,134.8,122.704,84700
2014-08-10,190.367,408.485,248.776,1035.72,279.95,6.34657e+06,151.018,158.082,84700
2014-08-17,213.218,457.508,278.647,1319.41,313.565,6.34618e+06,169.151,220.336,84700
2014-08-24,238.805,512.401,312.093,1637.17,351.198,6.34575e+06,189.452,338.431,84700
2014-08-31,267.453,573.861,349.544,1993.05,393.337,6.34527e+06,212.183,205.633,84700
2014-09-07,299.528,642.668,391.475,2391.64,440.517,6.34472e+06,237.634,201.198,84700
2014-09-14,335.436,719.694,438.42,2838.03,493.336,6.34412e+06,266.128,190.694,84700
2014-09-21,375.632,805.912,490.975,3337.94,552.466,6.34344e+06,298.025,359.416,84700
2014-09-28,420.623,902.411,549.804,3897.76,618.653,6.34268e+06,333.729,402.647,84700
2014-07-13,110.66,244.973,147.37,154.234,160.094,6.34779e+06,76.6002,89.9612,84750
2014-07-20,130.322,287.235,166.445,322.317,187.158,6.34754e+06,89.5493,100.314,84750
2014-07-27,152.237,334.498,192.883,515.304,219.425,6.34726e+06,104.988,97.5934,84750
2014-08-03,177.345,389.408,224.469,739.585,255.867,6.34692e+06,122.425,123.267,84750
2014-08-10,206.487,453.348,261.345,1000.67,297.965,6.34653e+06,142.567,154.035,84750
2014-08-17,240.397,527.783,304.274,1304.65,346.909,6.34607e+06,165.985,163.009,84750
2014-08-24,279.864,614.42,354.241,1658.56,403.871,6.34554e+06,193.24,187.577,84750
2014-08-31,325.798,715.246,412.396,2070.57,470.168,6.34493e+06,224.961,214.247,84750
2014-09-07,379.253,832.573,480.077,2550.21,547.323,6.34421e+06,261.877,288.42,84750
2014-09-14,441.453,969.086,558.838,3108.56,637.106,6.34337e+06,304.836,395.687,84750
2014-09-21,513.821,1127.9,650.482,3758.48,741.572,6.3424e+06,354.819,486.753,84750
2014-09-28,598.006,1312.64,757.104,4514.97,863.105,6.34127e+06,412.969,419.996,84750
2014-07-13,124.651,265.519,171.425,181.506,185.578,6.34771e+06,96.4493,105.556,84800
2014-07-20,137.803,292.911,184.428,372.544,204.04,6.34746e+06,106.045,69.6405,84800
2014-07-27,151.619,321.602,201.743,580.232,225.003,6.34719e+06,116.94,165.675,84800
2014-08-03,166.503,352.985,221.361,807.879,247.265,6.3469e+06,128.509,89.719,84800
2014-08-10,182.772,387.436,242.978,1057.73,271.464,6.34658e+06,141.086,191.98,84800
2014-08-17,200.614,425.249,266.705,1331.97,297.974,6.34623e+06,154.864,168.4,84800
2014-08-24,220.192,466.741,292.74,1633,327.058,6.34584e+06,169.98,181.765,84800
2014-08-31,241.674,512.268,321.307,1963.4,358.97,6.34541e+06,186.565,181.155,84800
2014-09-07,265.243,562.216,352.652,2326.04,393.985,6.34494e+06,204.763,221.27,84800
2014-09-14,291.101,617.012,387.043,2724.05,432.402,6.34443e+06,224.729,185.202,84800
2014-09-21,319.468,677.123,424.772,3160.87,474.547,6.34387e+06,246.633,173.121,84800
2014-09-28,350.586,743.057,466.162,3640.26,520.78,6.34325e+06,270.662,360.417,84800
2014-07-13,76.7595,170.488,101.935,106.572,110.771,6.34799e+06,69.0038,65.5072,84850
2014-07-20,90.8964,200.957,115.626,223.075,130.194,6.34782e+06,81.1034,56.674,84850
2014-07-27,106.735,235.227,134.67,357.485,153.453,6.34762e+06,95.5925,90.9477,84850
2014-08-03,124.979,275.252,157.53,514.49,179.865,6.34738e+06,112.045,49.5049,84850
2014-08-10,146.268,322.103,184.355,698.204,210.538,6.3471e+06,131.153,150.698,84850
2014-08-17,171.168,376.93,215.746,913.201,246.388,6.34677e+06,153.485,146.812,84850
2014-08-24,200.302,441.079,252.473,1164.8,288.328,6.34639e+06,179.612,197.593,84850
2014-08-31,234.388,516.129,295.445,1459.23,337.399,6.34594e+06,210.18,222.887,84850
2014-09-07,274.264,603.925,345.718,1803.76,394.808,6.34542e+06,245.942,391.871,84850
2014-09-14,320.912,706.624,404.532,2206.92,461.967,6.34481e+06,287.778,385.498,84850
2014-09-21,375.475,826.743,473.331,2678.64,540.527,6.3441e+06,336.716,285.513,84850
2014-09-28,439.291,967.222,553.803,3230.59,632.413,6.34326e+06,393.956,442.022,84850
2014-07-13,88.8754,193.211,120.189,126.494,130.349,6.34792e+06,76.6699,61.6289,84900
2014-07-20,101.576,220.103,132.622,262.056,147.995,6.34773e+06,87.0492,70.5073,84900
2014-07-27,115.338,249.262,149.527,413.699,168.548,6.34752e+06,99.1387,91.6568,84900
2014-08-03,130.652,282.187,169.219,585.101,191.094,6.34728e+06,112.4,114.781,84900
2014-08-10,147.93,319.472,191.588,779.132,216.4,6.34701e+06,127.284,184.117,84900
2014-08-17,167.48,361.684,216.912,998.812,245.005,6.34671e+06,144.11,146.542,84900
2014-08-24,189.608,409.465,245.577,1247.53,277.379,6.34636e+06,163.152,136.798,84900
2014-08-31,214.654,463.546,278.023,1529.1,314.024,6.34596e+06,184.706,133.589,84900
2014-09-07,243.002,524.753,314.747,1847.88,355.5,6.34552e+06,209.102,151.314,84900
2014-09-14,275.084,594.02,356.311,2208.76,402.441,6.34502e+06,236.712,236.16,84900
2014-09-21,311.389,672.402,403.349,2617.28,455.564,6.34445e+06,267.959,323.261,84900
2014-09-28,352.471,761.093,456.58,3079.73,515.678,6.3438e+06,303.318,323.339,84900
2014-07-13,120.236,257.653,164.546,173.918,178.224,6.34773e+06,93.1892,92.7959,84950
2014-07-20,134.222,286.926,178.334,357.93,197.801,6.34749e+06,103.425,81.8401,84950
2014-07-27,149.05,317.899,196.807,559.651,220.194,6.34723e+06,115.134,87.0787,84950
2014-08-03,165.175,352.095,217.907,782.751,244.2,6.34693e+06,127.686,134.545,84950
2014-08-10,182.965,389.977,241.365,1029.84,270.542,6.34661e+06,141.46,121.425,84950
2014-08-17,202.654,431.934,267.346,1303.52,299.665,6.34624e+06,156.688,152.999,84950
2014-08-24,224.455,478.393,296.115,1606.66,331.908,6.34584e+06,173.547,115.316,84950
2014-08-31,248.595,529.834,327.97,1942.41,367.609,6.3454e+06,192.214,167.236,84950
2014-09-07,275.322,586.785,363.24,2314.28,407.138,6.34491e+06,212.883,284.521,84950
2014-09-14,304.911,649.833,402.29,2726.13,450.902,6.34437e+06,235.766,270.61,84950
2014-09-21,337.667,719.625,445.522,3182.25,499.352,6.34376e+06,261.099,418.887,84950
2014-09-28,373.926,796.876,493.38,3687.38,552.984,6.3431e+06,289.142,376.063,84950
2014-07-13,79.7763,174.505,107.326,112.743,116.464,6.34798e+06,78.4438,70.1184,85000
2014-07-20,92.1088,200.752,119.362,234.252,133.544,6.3478e+06,89.9484,88.2417,85000
2014-07-27,105.601,229.512,135.833,371.378,153.597,6.34761e+06,103.455,118.662,85000
2014-08-03,120.764,262.303,155.186,527.838,175.812,6.34738e+06,118.418,75.7976,85000
2014-08-10,138.038,299.791,177.374,706.643,200.993,6.34713e+06,135.378,128.301,85000
2014-08-17,157.769,342.638,202.735,911.013,229.731,6.34684e+06,154.734,74.532,85000
2014-08-24,180.317,391.601,231.714,1144.6,262.566,6.3465e+06,176.851,148.605,85000
2014-08-31,206.083,447.55,264.829,1411.57,300.088,6.34612e+06,202.123,159.033,85000
2014-09-07,235.523,511.475,302.668,1716.7,342.962,6.34568e+06,231.001,225.712,85000
2014-09-14,269.159,584.51,345.904,2065.41,391.95,6.34519e+06,263.996,243.266,85000
2014-09-21,307.588,667.947,395.302,2463.93,447.918,6.34462e+06,301.694,343.134,85000
2014-09-28,351.488,763.257,451.736,2919.35,511.858,6.34396e+06,344.76,371.641,85000
2014-07-13,141.329,307.409,191.038,201.025,207.196,6.34761e+06,86.581,93.9116,85050
2014-07-20,161.668,350.494,210.943,416.568,235.449,6.34731e+06,98.3869,107.329,85050
2014-07-27,183.725,397.249,238.023,657.865,268.377,6.34697e+06,112.147,93.1971,85050
2014-08-03,208.287,450.08,269.589,930.823,304.524,6.34659e+06,127.251,128.38,85050
2014-08-10,236.02,509.95,305.471,1240.07,345.127,6.34616e+06,144.218,128.225,85050
2014-08-17,267.42,577.778,346.124,1590.47,391.057,6.34567e+06,163.411,103.909,85050
2014-08-24,302.985,654.604,392.17,1987.5,443.074,6.34511e+06,185.147,178.157,85050
2014-08-31,343.267,741.613,444.324,2437.34,501.991,6.34448e+06,209.767,192.072,85050
2014-09-07,388.885,840.144,503.391,2946.99,568.716,6.34377e+06,237.649,222.109,85050
2014-09-14,440.542,951.711,570.283,3524.37,644.278,6.34296e+06,269.224,334.449,85050
2014-09-21,499.03,1078.02,646.028,4178.47,729.837,6.34205e+06,304.977,313.627,85050
2014-09-28,565.243,1221.01,731.787,4919.41,826.704,6.34101e+06,345.455,454.737,85050
2014-07-13,122.777,267.031,165.974,174.656,180.011,6.34772e+06,90.1557,98.2877,85100
2014-07-20,140.425,304.413,183.246,361.91,204.526,6.34746e+06,102.434,112.886,85100
2014-07-27,159.561,344.973,206.741,571.509,233.095,6.34717e+06,116.742,109.68,85100
2014-08-03,180.868,390.8,234.127,808.577,264.453,6.34684e+06,132.447,153.224,85100
2014-08-10,204.923,442.726,265.253,1077.13,299.674,6.34646e+06,150.087,138.499,85100
2014-08-17,232.156,501.55,300.513,1381.38,339.51,6.34603e+06,170.039,182.216,85100
2014-08-24,262.999,568.172,340.449,1726.06,384.623,6.34555e+06,192.633,214.115,85100
2014-08-31,297.929,643.619,385.677,2116.55,435.714,6.34501e+06,218.221,228.851,85100
2014-09-07,337.485,729.052,436.897,2558.9,493.573,6.34439e+06,247.199,227.239,85100
2014-09-14,382.274,825.784,494.899,3059.99,559.091,6.34369e+06,280.012,354.951,85100
2014-09-21,432.984,935.297,560.574,3627.59,633.274,6.34289e+06,317.166,306.286,85100
2014-09-28,490.392,1059.26,634.929,4270.49,717.26,6.34199e+06,359.229,238.746,85100
2014-07-13,73.6489,160.643,99.321,104.425,107.749,6.34801e+06,83.2628,78.4089,85150
2014-07-20,84.6353,183.97,110.058,216.676,122.987,6.34785e+06,95.0384,94.2446,85150
2014-07-27,96.6018,209.407,124.708,342.838,140.812,6.34768e+06,108.813,99.8883,85150
2014-08-03,109.989,238.281,141.854,486.162,160.47,6.34747e+06,124.003,170.35,85150
2014-08-10,125.172,271.146,161.427,649.24,182.651,6.34724e+06,141.143,157.281,85150
2014-08-17,142.44,308.546,183.701,834.821,207.855,6.34698e+06,160.619,142.218,85150
2014-08-24,162.087,351.099,209.043,1046,236.526,6.34668e+06,182.775,203.347,85150
2014-08-31,184.439,399.511,237.875,1286.32,269.147,6.34634e+06,207.983,243.15,85150
2014-09-07,209.869,454.586,270.678,1559.78,306.259,6.34596e+06,236.661,303.459,85150
2014-09-14,238.797,517.237,307.996,1870.94,348.479,6.34552e+06,269.287,269.995,85150
2014-09-21,271.704,588.501,350.448,2224.99,396.507,6.34501e+06,306.401,330.172,85150
2014-09-28,309.134,669.556,398.737,2627.84,451.139,6.34444e+06,348.617,429.016,85150
2014-07-13,81.5977,178.807,109.612,115.082,118.964,6.34796e+06,72.8262,66.0581,85200
2014-07-20,94.4889,206.283,122.182,239.313,136.802,6.34779e+06,83.7461,61.5426,85200
2014-07-27,108.631,236.481,139.416,379.87,157.791,6.34759e+06,96.5953,51.5045,85200
2014-08-03,124.57,271.009,159.716,540.681,181.111,6.34735e+06,110.871,119.178,85200
2014-08-10,142.778,310.589,183.052,724.963,207.618,6.34709e+06,127.098,138.838,85200
2014-08-17,163.635,355.952,209.798,936.171,237.954,6.34678e+06,145.669,123.477,85200
2014-08-24,187.533,407.932,240.444,1178.23,272.709,6.34644e+06,166.945,140.645,85200
2014-08-31,214.917,467.49,275.559,1455.65,312.534,6.34604e+06,191.324,268.108,85200
2014-09-07,246.291,535.725,315.793,1773.58,358.164,6.34558e+06,219.258,158.002,85200
2014-09-14,282.235,613.896,361.891,2137.93,410.442,6.34505e+06,251.261,227.078,85200
2014-09-21,323.412,703.443,414.703,2555.45,470.334,6.34445e+06,287.925,218.907,85200
2014-09-28,370.579,806.012,475.202,3033.89,538.941,6.34376e+06,329.925,382.838,85200
2014-07-13,91.9382,200.124,124.199,130.663,134.712,6.3479e+06,95.0145,113.127,85250
2014-07-20,105.297,228.44,137.267,270.855,153.261,6.34771e+06,108.097,96.7316,85250
2014-07-27,119.8,259.208,155.06,427.962,174.9,6.34749e+06,123.36,132.091,85250
2014-08-03,135.973,294.019,175.824,605.884,198.685,6.34724e+06,140.135,72.4618,85250
2014-08-10,154.255,333.517,199.455,807.69,225.436,6.34696e+06,159.003,159.633,85250
2014-08-17,174.981,378.321,226.26,1036.62,255.734,6.34663e+06,180.373,157.516,85250
2014-08-24,198.486,429.136,256.661,1296.31,290.091,6.34627e+06,204.605,147.052,85250
2014-08-31,225.143,486.761,291.137,1590.89,329.055,6.34586e+06,232.087,242.129,85250
2014-09-07,255.373,552.106,330.235,1925.03,373.242,6.34539e+06,263.253,379.214,85250
2014-09-14,289.65,626.198,374.572,2304.04,423.349,6.34486e+06,298.594,342.915,85250
2014-09-21,328.516,710.204,424.846,2733.93,480.163,6.34425e+06,338.666,245.234,85250
2014-09-28,372.579,805.439,481.848,3221.51,544.579,6.34357e+06,384.099,393.612,85250
2014-07-13,96.1461,209.045,130.007,136.82,140.998,6.34788e+06,86.0036,85.8903,85300
2014-07-20,109.91,238.193,143.48,283.468,160.12,6.34767e+06,97.6677,118.896,85300
2014-07-27,124.828,269.804,161.801,447.544,182.397,6.34745e+06,111.256,79.2842,85300
2014-08-03,141.431,305.505,183.148,633.035,206.838,6.34719e+06,126.164,157.266,85300
2014-08-10,160.167,345.94,207.401,843.06,234.277,6.34689e+06,142.901,128.486,85300
2014-08-17,181.371,391.729,234.863,1080.9,265.299,6.34656e+06,161.823,173.647,85300
2014-08-24,205.375,443.567,265.954,1350.22,300.416,6.34618e+06,183.243,159.904,85300
2014-08-31,232.55,502.251,301.153,1655.19,340.172,6.34576e+06,207.493,265.98,85300
2014-09-07,263.313,568.679,340.999,2000.53,385.177,6.34528e+06,234.944,203.011,85300
2014-09-14,298.134,643.868,386.105,2391.54,436.122,6.34473e+06,266.019,230.707,85300
2014-09-21,337.546,728.965,437.161,2834.27,493.785,6.34411e+06,301.191,328.763,85300
2014-09-28,382.15,825.267,494.947,3335.53,559.048,6.34341e+06,340.999,292.912,85300
2014-07-13,86.0027,189.143,115.176,120.788,125.044,6.34794e+06,76.5781,100.391,85350
2014-07-20,100.188,219.466,128.982,251.617,144.635,6.34775e+06,88.5758,113.064,85350
2014-07-27,115.836,253.001,147.984,400.41,167.795,6.34753e+06,102.759,138.958,85350
2014-08-03,133.576,291.56,170.479,571.592,193.677,6.34728e+06,118.609,96.484,85350
2014-08-10,153.957,336.01,196.481,768.855,223.265,6.34699e+06,136.729,118.829,85350
2014-08-17,177.433,387.238,226.448,996.205,257.317,6.34666e+06,157.583,149.134,85350
2014-08-24,204.483,446.266,260.976,1258.23,296.549,6.34628e+06,181.609,162.621,85350
2014-08-31,235.649,514.275,300.761,1560.19,341.753,6.34584e+06,209.292,238.147,85350
2014-09-07,271.557,592.626,346.6,1908.19,393.835,6.34533e+06,241.188,319.765,85350
2014-09-14,312.924,682.886,399.411,2309.22,453.838,6.34475e+06,277.934,247.527,85350
2014-09-21,360.577,786.853,460.25,2771.34,522.961,6.34407e+06,320.266,370.327,85350
2014-09-28,415.463,906.598,530.331,3303.84,602.582,6.34329e+06,369.026,398.638,85350
2014-07-13,118.064,259.636,158.121,165.83,171.668,6.34775e+06,75.3051,96.2067,85400
2014-07-20,137.52,301.226,177.06,345.433,198.542,6.34749e+06,87.0936,71.783,85400
2014-07-27,158.982,347.212,203.123,549.677,230.307,6.34719e+06,101.028,70.5233,85400
2014-08-03,183.308,400.081,233.972,784.627,265.799,6.34685e+06,116.597,87.7323,85400
2014-08-10,211.25,461.015,269.626,1055.34,306.368,6.34645e+06,134.394,154.579,85400
2014-08-17,243.429,531.226,310.708,1367.31,353.049,6.346e+06,154.871,149.233,85400
2014-08-24,280.499,612.11,358.035,1726.8,406.819,6.34547e+06,178.458,182.061,85400
2014-08-31,323.201,705.278,412.555,2141.04,468.762,6.34487e+06,205.63,205.282,85400
2014-09-07,372.387,812.585,475.357,2618.35,540.112,6.34417e+06,236.929,313.678,85400
2014-09-14,429.035,936.165,547.693,3168.31,622.291,6.34337e+06,272.979,231.244,85400
2014-09-21,494.269,1078.47,631,3801.93,716.933,6.34244e+06,314.495,315.09,85400
2014-09-28,569.382,1242.3,726.932,4531.91,825.912,6.34138e+06,362.3,484.553,85400
2014-07-13,112.597,244.066,152.64,160.787,165.498,6.34778e+06,85.6127,87.0738,85450
2014-07-20,128.072,276.755,167.81,332.648,187.032,6.34754e+06,96.752,89.9401,85450
2014-07-27,144.765,312.022,188.375,524.103,212.02,6.34728e+06,109.678,111.745,85450
2014-08-03,163.253,351.66,212.234,739.545,239.301,6.34698e+06,123.791,87.312,85450
2014-08-10,184.017,396.345,239.216,982.343,269.78,6.34665e+06,139.558,147.931,85450
2014-08-17,207.404,446.706,269.626,1256.01,304.076,6.34627e+06,157.3,114.332,85450
2014-08-24,233.756,503.454,303.892,1564.46,342.716,6.34584e+06,177.288,183.519,85450
2014-08-31,263.447,567.392,342.502,1912.1,386.254,6.34536e+06,199.811,250.54,85450
2014-09-07,296.9,639.425,386.004,2303.91,435.309,6.34482e+06,225.187,199.944,85450
2014-09-14,334.587,720.571,435.015,2745.47,490.574,6.34421e+06,253.776,270.248,85450
2014-09-21,377.04,811.975,490.229,3243.09,552.832,6.34353e+06,285.982,296.714,85450
2014-09-28,424.858,914.923,552.425,3803.86,622.961,6.34275e+06,322.26,283.743,85450
2014-07-13,76.1314,165.108,103.162,108.652,111.858,6.348e+06,88.013,87.3135,85500
2014-07-20,86.6677,187.375,113.488,224.84,126.515,6.34784e+06,99.5459,108.563,85500
2014-07-27,98.0434,211.421,127.494,354.37,143.536,6.34766e+06,112.938,104.165,85500
2014-08-03,110.654,238.471,143.757,500.243,162.135,6.34746e+06,127.573,130.26,85500
2014-08-10,124.828,268.991,162.163,664.77,182.933,6.34723e+06,143.937,152.409,85500
2014-08-17,140.807,303.419,182.926,850.363,206.356,6.34697e+06,162.367,150.76,85500
2014-08-24,158.828,342.248,206.342,1059.72,232.769,6.34668e+06,183.15,135.233,85500
2014-08-31,179.152,386.038,232.75,1295.86,262.557,6.34636e+06,206.588,255.165,85500
2014-09-07,202.072,435.419,262.532,1562.23,296.151,6.34599e+06,233.021,232.998,85500
2014-09-14,227.918,491.101,296.117,1862.68,334.034,6.34557e+06,262.828,249.823,85500
2014-09-21,257.061,553.886,333.99,2201.56,376.752,6.3451e+06,296.44,362.601,85500
2014-09-28,289.921,624.674,376.693,2583.78,424.919,6.34457e+06,334.34,354.827,85500
2014-07-13,60.496,134.156,80.4455,84.1463,87.4055,6.34809e+06,73.2752,75.2915,85550
2014-07-20,71.4517,157.738,91.0639,175.998,102.47,6.34795e+06,85.9046,96.6998,85550
2014-07-27,83.6962,184.192,105.809,281.727,120.474,6.34779e+06,100.997,97.7042,85550
2014-08-03,97.7655,215.013,123.471,404.931,140.866,6.34761e+06,118.093,102.174,85550
2014-08-10,114.142,251.004,144.147,548.746,164.49,6.34739e+06,137.898,123.949,85550
2014-08-17,133.252,293.022,168.284,716.643,192.035,6.34714e+06,160.99,177.915,85550
2014-08-24,155.558,342.069,196.458,912.652,224.183,6.34684e+06,187.94,183.173,85550
2014-08-31,181.593,399.315,229.344,1141.47,261.707,6.3465e+06,219.398,186.658,85550
2014-09-07,211.981,466.127,267.727,1408.59,305.505,6.3461e+06,256.115,422.472,85550
2014-09-14,247.445,544.1,312.526,1720.42,356.621,6.34563e+06,298.968,268.691,85550
2014-09-21,288.832,635.09,364.809,2084.41,416.277,6.34508e+06,348.98,280.286,85550
2014-09-28,337.127,741.261,425.821,2509.29,485.892,6.34444e+06,407.34,306.878,85550
2014-07-13,89.5841,193.457,121.822,128.468,132.039,6.34792e+06,80.4741,95.9781,85600
2014-07-20,101.272,218.073,133.301,265.324,148.335,6.34773e+06,90.4056,109.334,85600
2014-07-27,113.81,244.462,148.803,416.978,167.156,6.34753e+06,101.877,88.3637,85600
2014-08-03,127.613,273.951,166.696,586.668,187.583,6.3473e+06,114.326,124.115,85600
2014-08-10,143.025,307.007,186.819,776.816,210.271,6.34704e+06,128.154,99.955,85600
2014-08-17,160.287,344.052,209.371,989.919,235.655,6.34675e+06,143.625,165.274,85600
2014-08-24,179.627,385.561,234.639,1228.74,264.092,6.34642e+06,160.956,160.728,85600
2014-08-31,201.296,432.066,262.95,1496.39,295.954,6.34606e+06,180.375,162.894,85600
2014-09-07,225.573,484.166,294.669,1796.32,331.652,6.34565e+06,202.132,191.184,85600
2014-09-14,252.77,542.532,330.205,2132.43,371.645,6.34519e+06,226.506,199.625,85600
2014-09-21,283.237,607.91,370.016,2509.06,416.447,6.34468e+06,253.812,247.881,85600
2014-09-28,317.364,681.14,414.611,2931.1,466.633,6.34411e+06,284.399,279.874,85600
2014-07-13,106.271,231.056,143.699,151.231,155.848,6.34782e+06,88.7591,72.6105,85650
2014-07-20,121.482,263.267,158.588,313.322,176.98,6.34759e+06,100.795,93.6809,85650
2014-07-27,137.967,298.199,178.836,494.674,201.598,6.34734e+06,114.815,77.2904,85650
2014-08-03,156.314,337.647,202.425,699.691,228.606,6.34705e+06,130.197,119.525,85650
2014-08-10,177.017,382.326,229.224,931.818,258.926,6.34673e+06,147.465,159.961,85650
2014-08-17,200.445,432.917,259.569,1194.68,293.204,6.34636e+06,166.987,155.179,85650
2014-08-24,226.966,490.19,293.922,1492.33,332.004,6.34595e+06,189.085,205.28,85650
2014-08-31,256.989,555.021,332.811,1829.37,375.927,6.34548e+06,214.1,200.619,85650
2014-09-07,290.973,628.403,376.832,2210.99,425.647,6.34494e+06,242.417,241.633,85650
2014-09-14,329.438,711.456,426.661,2643.09,481.925,6.34434e+06,274.468,265.169,85650
2014-09-21,372.971,805.446,483.059,3132.31,545.62,6.34366e+06,310.744,355.456,85650
2014-09-28,422.234,911.802,546.885,3686.19,617.704,6.34288e+06,351.798,336.367,85650
2014-07-13,169.408,367.752,229.372,241.508,248.728,6.34744e+06,84.3308,68.6838,85700
2014-07-20,193.156,417.976,252.637,499.993,281.75,6.34709e+06,95.5269,103.518,85700
2014-07-27,218.83,472.291,284.221,788.548,320.139,6.34669e+06,108.543,140.356,85700
2014-08-03,247.329,533.472,320.936,1113.98,362.145,6.34623e+06,122.785,141.695,85700
2014-08-10,279.404,602.589,362.543,1481.55,409.18,6.34572e+06,138.732,154.559,85700
2014-08-17,315.608,680.648,409.537,1896.77,462.218,6.34515e+06,156.714,170.765,85700
2014-08-24,356.487,768.788,462.601,2365.81,522.098,6.3445e+06,177.016,171.717,85700
2014-08-31,402.641,868.296,522.514,2895.6,589.708,6.34376e+06,199.939,204.626,85700
2014-09-07,454.746,980.625,590.158,3494,666.038,6.34293e+06,225.819,223.304,85700
2014-09-14,513.561,1107.41,666.52,4169.84,752.205,6.34199e+06,255.034,261.917,85700
2014-09-21,579.942,1250.49,752.715,4933.11,849.462,6.34093e+06,288.009,336.405,85700
2014-09-28,654.851,1411.94,849.995,5795.05,959.222,6.33974e+06,325.223,360.588,85700
2014-07-13,101.043,220.261,136.334,143.367,147.894,6.34785e+06,80.4644,74.8555,85750
2014-07-20,116,252.001,150.955,297.392,168.646,6.34763e+06,91.7546,86.7064,85750
2014-07-27,132.274,286.574,170.892,470.355,192.9,6.34739e+06,104.95,130.848,85750
2014-08-03,150.462,325.777,194.204,666.663,219.62,6.34711e+06,119.488,152.83,85750
2014-08-10,171.069,370.356,220.791,889.816,249.74,6.3468e+06,135.875,131.635,85750
2014-08-17,194.482,421.035,251.017,1143.52,283.929,6.34644e+06,154.476,212.757,85750
2014-08-24,221.093,478.636,285.371,1431.95,322.784,6.34603e+06,175.616,152.866,85750
2014-08-31,251.337,544.101,324.417,1759.85,366.944,6.34557e+06,199.642,176.091,85750
2014-09-07,285.709,618.496,368.793,2132.61,417.133,6.34504e+06,226.948,312.658,85750
2014-09-14,324.768,703.032,419.223,2556.34,474.169,6.34445e+06,257.979,285.16,85750
2014-09-21,369.15,799.084,476.531,3038.01,538.98,6.34377e+06,293.24,300.767,85750
2014-09-28,419.576,908.208,541.647,3585.52,612.62,6.343e+06,333.305,310.873,85750
2014-07-13,84.6276,183.785,114.544,120.59,124.214,6.34795e+06,89.3927,73.1707,85800
2014-07-20,96.5562,209.023,126.227,249.704,140.797,6.34777e+06,101.327,105.277,85800
2014-07-27,109.462,236.339,142.096,393.922,160.087,6.34757e+06,115.209,130.503,85800
2014-08-03,123.799,267.133,160.555,556.674,181.211,6.34734e+06,130.411,121.441,85800
2014-08-10,139.949,301.95,181.49,740.622,204.883,6.34709e+06,147.447,165.462,85800
2014-08-17,158.193,341.307,205.155,948.556,231.599,6.3468e+06,166.674,129.346,85800
2014-08-24,178.811,385.786,231.899,1183.6,261.788,6.34647e+06,188.399,176.165,85800
2014-08-31,202.112,436.05,262.123,1449.28,295.904,6.3461e+06,212.952,212.963,85800
2014-09-07,228.442,492.849,296.278,1749.58,334.458,6.34568e+06,240.698,234.188,85800
2014-09-14,258.195,557.027,334.874,2089.01,378.024,6.34521e+06,272.051,290.431,85800
2014-09-21,291.812,629.538,378.486,2472.65,427.251,6.34468e+06,307.477,152.117,85800
2014-09-28,329.793,711.457,427.762,2906.25,482.87,6.34407e+06,347.504,355.381,85800
2014-07-13,83.3305,181.094,112.723,118.648,122.247,6.34795e+06,89.5552,101.512,85850
2014-07-20,95.1851,206.19,124.329,245.762,138.721,6.34778e+06,101.624,88.2005,85850
2014-07-27,108.024,233.384,140.106,387.887,157.901,6.34758e+06,115.674,131.812,85850
2014-08-03,122.304,264.074,158.475,548.447,178.929,6.34736e+06,131.079,166.117,85850
2014-08-10,138.406,298.811,179.33,730.11,202.519,6.3471e+06,148.36,191.524,85850
2014-08-17,156.616,338.118,202.93,935.681,229.17,6.34682e+06,167.884,174.144,85850
2014-08-24,177.217,382.59,229.628,1168.3,259.319,6.34649e+06,189.97,251.922,85850
2014-08-31,200.524,432.899,259.833,1431.52,293.426,6.34613e+06,214.956,234.658,85850
2014-09-07,226.889,489.809,294.003,1729.36,332.011,6.34571e+06,243.223,289.669,85850
2014-09-14,256.713,554.182,332.657,2066.37,375.659,6.34524e+06,275.198,317.315,85850
2014-09-21,290.447,626.991,376.381,2447.67,425.03,6.34471e+06,311.366,364.842,85850
2014-09-28,328.6,709.335,425.837,2879.09,480.873,6.34411e+06,352.275,355.558,85850
2014-07-13,120.951,258.539,165.865,175.44,179.613,6.34773e+06,103.727,94.8872,85900
2014-07-20,134.473,286.78,179.21,360.656,198.562,6.34749e+06,114.67,104.294,85900
2014-07-27,148.752,316.536,197.045,562.991,220.169,6.34722e+06,127.149,145.071,85900
2014-08-03,164.22,349.26,217.346,785.931,243.242,6.34693e+06,140.473,261.8,85900
2014-08-10,181.219,385.374,239.833,1031.91,268.461,6.34661e+06,155.037,143.54,85900
2014-08-17,199.961,425.221,264.645,1303.33,296.235,6.34626e+06,171.077,165.731,85900
2014-08-24,220.636,469.178,292.014,1602.83,326.868,6.34587e+06,188.768,181.969,85900
2014-08-31,243.441,517.664,322.205,1933.3,360.659,6.34543e+06,208.282,229.768,85900
2014-09-07,268.595,571.141,355.507,2297.92,397.931,6.34496e+06,229.807,295.652,85900
2014-09-14,296.338,630.12,392.238,2700.23,439.04,6.34443e+06,253.548,284.278,85900
2014-09-21,326.934,695.16,432.749,3144.1,484.379,6.34385e+06,279.731,334.109,85900
2014-09-28,360.673,766.879,477.425,3633.8,534.377,6.34321e+06,308.605,313.012,85900
2014-07-13,104.907,227.036,142.404,150.077,154.378,6.34783e+06,96.9478,115.495,85950
2014-07-20,119.014,256.798,156.244,310.261,174.024,6.34761e+06,109.285,100.536,85950
2014-07-27,134.195,288.819,174.975,488.306,196.776,6.34736e+06,123.573,94.1681,85950
2014-08-03,150.966,324.721,196.659,688.176,221.553,6.34709e+06,139.133,165.486,85950
2014-08-10,169.754,365.096,221.123,912.878,249.167,6.34678e+06,156.474,162.211,85950
2014-08-17,190.865,410.491,248.63,1165.53,280.162,6.34643e+06,175.939,152.857,85950
2014-08-24,214.596,461.52,279.549,1449.61,314.999,6.34604e+06,197.816,146.594,85950
2014-08-31,241.269,518.877,314.304,1769.02,354.157,6.34561e+06,222.407,166.998,85950
2014-09-07,271.25,583.34,353.369,2128.12,398.172,6.34511e+06,250.047,207.571,85950
2014-09-14,304.944,655.787,397.276,2531.86,447.641,6.34456e+06,281.113,416.011,85950
2014-09-21,342.81,737.199,446.622,2985.75,503.236,6.34394e+06,316.026,340.785,85950
2014-09-28,385.359,828.675,502.076,3496,565.711,6.34324e+06,355.26,432.925,85950
2014-07-13,125.502,273.353,169.452,178.238,183.807,6.3477e+06,83.4905,81.2272,86000
2014-07-20,143.884,312.334,187.43,369.583,209.322,6.34744e+06,95.0801,56.3868,86000
2014-07-27,163.859,354.734,211.921,584.204,239.112,6.34714e+06,108.611,109.129,86000
2014-08-03,186.153,402.748,240.524,827.485,271.885,6.34679e+06,123.498,157.33,86000
2014-08-10,211.378,457.274,273.105,1103.68,308.779,6.3464e+06,140.256,136.78,86000
2014-08-17,239.999,519.177,310.095,1417.29,350.601,6.34596e+06,159.253,215.816,86000
2014-08-24,272.486,589.443,352.082,1773.37,398.066,6.34546e+06,180.813,222.57,86000
2014-08-31,309.36,669.192,399.739,2177.66,451.942,6.34489e+06,205.285,221.788,86000
2014-09-07,351.208,759.695,453.828,2636.66,513.088,6.34425e+06,233.059,278.125,86000
2014-09-14,398.697,862.392,515.214,3157.75,582.481,6.34352e+06,264.58,319.166,86000
2014-09-21,452.582,978.913,584.874,3749.32,661.224,6.34268e+06,300.347,299.112,86000
2014-09-28,513.718,1111.1,663.913,4420.85,750.568,6.34174e+06,340.929,312.924,86000
2014-07-13,80.2019,177.682,106.739,111.684,115.964,6.34797e+06,73.4699,61.7416,86050
2014-07-20,94.5718,208.587,120.674,233.484,135.734,6.34779e+06,85.9956,88.0226,86050
2014-07-27,110.607,243.197,140.004,373.483,159.329,6.34758e+06,100.945,82.1176,86050
2014-08-03,129.002,283.456,163.124,536.376,186.013,6.34734e+06,117.85,80.6376,86050
2014-08-10,150.38,330.396,190.148,726.227,216.875,6.34705e+06,137.404,152.385,86050
2014-08-17,175.287,385.109,221.647,947.53,252.803,6.34672e+06,160.166,170.22,86050
2014-08-24,204.312,448.872,258.356,1205.49,294.668,6.34633e+06,186.69,207.911,86050
2014-08-31,238.137,523.175,301.135,1506.17,343.457,6.34588e+06,217.601,237.935,86050
2014-09-07,277.552,609.754,350.987,1856.63,400.311,6.34536e+06,253.621,272.161,86050
2014-09-14,323.478,710.629,409.077,2265.09,466.558,6.34474e+06,295.593,307.583,86050
2014-09-21,376.984,828.149,476.76,2741.16,543.745,6.34403e+06,344.495,285.634,86050
2014-09-28,439.316,965.044,555.614,3295.97,633.668,6.34319e+06,401.466,575.264,86050
2014-07-13,100.509,220.82,134.719,141.328,146.248,6.34785e+06,72.0147,70.0498,86100
2014-07-20,116.888,255.806,150.67,294.259,168.882,6.34763e+06,83.1605,74.3006,86100
2014-07-27,134.93,294.429,172.6,467.934,195.605,6.34738e+06,96.3192,98.7478,86100
2014-08-03,155.348,338.767,198.523,667.429,225.418,6.34709e+06,111,98.0007,86100
2014-08-10,178.768,389.796,228.441,896.956,259.445,6.34676e+06,127.755,121.452,86100
2014-08-17,205.701,448.511,262.866,1161.07,298.542,6.34637e+06,147.007,166.417,86100
2014-08-24,236.683,516.056,302.467,1464.99,343.514,6.34593e+06,169.152,173.218,86100
2014-08-31,272.323,593.752,348.023,1814.68,395.247,6.34542e+06,194.626,220.616,86100
2014-09-07,313.318,683.116,400.426,2217.03,454.755,6.34484e+06,223.929,278.55,86100
2014-09-14,360.467,785.892,460.7,2679.96,523.201,6.34416e+06,257.633,198.171,86100
2014-09-21,414.69,904.08,530.022,3212.55,601.919,6.34339e+06,296.395,293.988,86100
2014-09-28,477.041,1039.97,609.743,3825.27,692.441,6.3425e+06,340.969,336.383,86100
2014-07-13,92.9993,203.285,125.191,131.538,135.84,6.3479e+06,83.8327,89.3698,86150
2014-07-20,107.25,233.596,139.103,273.211,155.585,6.3477e+06,96.018,103.885,86150
2014-07-27,122.823,266.769,158.129,432.929,178.744,6.34747e+06,110.31,93.0339,86150
2014-08-03,140.305,304.548,180.461,614.968,204.371,6.34721e+06,126.126,112.637,86150
2014-08-10,160.197,347.69,206.036,822.778,233.385,6.34691e+06,144.032,128.296,86150
2014-08-17,182.895,396.944,235.235,1060.04,266.46,6.34657e+06,164.444,261.498,86150
2014-08-24,208.802,453.165,268.563,1330.92,304.209,6.34619e+06,187.74,164.167,86150
2014-08-31,238.372,517.332,306.605,1640.17,347.296,6.34575e+06,214.331,305.085,86150
2014-09-07,272.121,590.564,350.024,1993.23,396.473,6.34524e+06,244.68,255.353,86150
2014-09-14,310.637,674.135,399.577,2396.27,452.597,6.34467e+06,279.317,275.776,86150
2014-09-21,354.588,769.494,456.128,2856.37,516.645,6.34401e+06,318.843,486.07,86150
2014-09-28,404.737,878.295,520.659,3381.56,589.729,6.34326e+06,363.946,182.888,86150
2014-07-13,91.4099,203.568,121.113,126.515,131.644,6.34791e+06,73.3852,75.127,86200
2014-07-20,108.726,240.972,137.86,265.169,155.402,6.3477e+06,86.6294,103.957,86200
2014-07-27,128.208,283.235,161.223,425.759,183.952,6.34745e+06,102.544,79.8276,86200
2014-08-03,150.746,332.802,189.373,614.12,216.511,6.34716e+06,120.695,133.207,86200
2014-08-10,177.154,391.061,222.539,835.438,254.484,6.34682e+06,141.863,131.265,86200
2014-08-17,208.17,459.518,261.51,1095.52,299.049,6.34643e+06,166.706,182.117,86200
2014-08-24,244.609,539.942,307.294,1401.13,351.401,6.34596e+06,195.889,259.19,86200
2014-08-31,287.415,634.416,361.08,1760.25,412.903,6.34541e+06,230.174,248.635,86200
2014-09-07,337.698,745.386,424.265,2182.22,485.15,6.34476e+06,270.448,165.194,86200
2014-09-14,396.757,875.716,498.484,2678.01,570.012,6.344e+06,317.754,378.602,86200
2014-09-21,466.116,1028.77,585.654,3260.52,669.679,6.34311e+06,373.314,367.341,86200
2014-09-28,547.562,1208.47,688.025,3944.87,786.722,6.34206e+06,438.56,484.055,86200
2014-07-13,109.097,236.285,147.996,155.934,160.451,6.3478e+06,75.9604,56.0428,86250
2014-07-20,123.923,267.585,162.537,322.484,181.092,6.34757e+06,85.7319,93.3731,86250
2014-07-27,139.898,301.306,182.232,507.808,205.019,6.34732e+06,97.0595,61.4239,86250
2014-08-03,157.567,339.158,205.056,716.091,231.107,6.34703e+06,109.41,106.056,86250
2014-08-10,177.385,381.776,230.836,950.529,260.217,6.34671e+06,123.192,130.061,86250
2014-08-17,199.68,429.749,259.856,1214.44,292.932,6.34635e+06,138.679,130.714,86250
2014-08-24,224.769,483.739,292.515,1511.52,329.743,6.34594e+06,156.106,162.177,86250
2014-08-31,253.004,544.494,329.267,1845.94,371.169,6.34548e+06,175.718,217.901,86250
2014-09-07,284.775,612.856,370.626,2222.37,417.787,6.34496e+06,197.788,224.483,86250
2014-09-14,320.524,689.773,417.165,2646.07,470.242,6.34438e+06,222.621,183.343,86250
2014-09-21,360.744,776.307,469.529,3122.97,529.261,6.34372e+06,250.562,275.975,86250
2014-09-28,405.992,873.65,528.443,3659.72,595.66,6.34298e+06,281.996,329.54,86250
2014-07-13,94.0846,204.735,127.13,133.759,137.888,6.34789e+06,82.54,134.89,86300
2014-07-20,107.702,233.593,140.454,277.234,156.799,6.34769e+06,93.8602,115.269,86300
2014-07-27,122.48,264.934,158.589,437.952,178.853,6.34747e+06,107.062,152.62,86300
2014-08-03,138.951,300.377,179.744,619.88,203.083,6.34721e+06,121.566,147.593,86300
2014-08-10,157.561,340.573,203.808,826.136,230.32,6.34692e+06,137.87,213.297,86300
2014-08-17,178.65,386.148,231.092,1060.01,261.155,6.34659e+06,156.328,174.912,86300
2014-08-24,202.555,437.813,262.022,1325.18,296.104,6.34622e+06,177.248,146.866,86300
2014-08-31,229.653,496.376,297.082,1625.84,335.722,6.3458e+06,200.964,165.692,86300
2014-09-07,260.368,562.752,336.824,1966.73,380.629,6.34532e+06,227.845,136.76,86300
2014-09-14,295.181,637.98,381.87,2353.21,431.529,6.34478e+06,258.314,294.013,86300
2014-09-21,334.634,723.231,432.924,2791.38,489.216,6.34417e+06,292.845,345.135,86300
2014-09-28,379.342,819.834,490.783,3288.11,554.59,6.34347e+06,331.979,365.979,86300
2014-07-13,71.362,156.37,95.8658,100.651,104.044,6.34803e+06,75.5761,86.0281,86350
2014-07-20,82.6301,180.386,106.853,209.3,119.637,6.34787e+06,86.9021,93.6401,86350
2014-07-27,94.9909,206.78,121.917,332.219,137.983,6.34769e+06,100.229,107.321,86350
2014-08-03,108.922,236.956,139.66,472.841,158.365,6.34749e+06,115.034,113.602,86350
2014-08-10,124.835,271.547,160.056,633.977,181.532,6.34726e+06,131.862,200.402,86350
2014-08-17,143.062,311.19,183.43,818.646,208.043,6.34699e+06,151.119,105.382,86350
2014-08-24,163.947,356.615,210.212,1030.28,238.417,6.34669e+06,173.182,103.025,86350
2014-08-31,187.876,408.659,240.899,1272.81,273.218,6.34634e+06,198.461,156.811,86350
2014-09-07,215.293,468.286,276.059,1550.75,313.093,6.34594e+06,227.425,212.758,86350
2014-09-14,246.702,536.594,316.341,1869.24,358.776,6.34548e+06,260.609,251.631,86350
2014-09-21,282.684,614.843,362.49,2234.2,411.111,6.34496e+06,298.624,329.95,86350
2014-09-28,323.9,704.473,415.356,2652.4,471.062,6.34435e+06,342.172,265.371,86350
2014-07-13,105.1,229.214,141.75,149.041,153.777,6.34782e+06,90.9964,80.3353,86400
2014-07-20,120.752,262.443,157.048,309.231,175.488,6.3476e+06,103.844,93.3781,86400
2014-07-27,137.796,298.668,177.918,489.242,200.88,6.34735e+06,118.87,134.981,86400
2014-08-03,156.859,339.775,202.337,693.698,228.875,6.34706e+06,135.435,130.501,86400
2014-08-10,178.473,386.553,230.207,926.283,260.455,6.34673e+06,154.123,171.697,86400
2014-08-17,203.048,439.77,261.914,1190.9,296.329,6.34635e+06,175.35,201.38,86400
2014-08-24,231,500.301,297.977,1491.97,337.126,6.34593e+06,199.492,226.024,86400
2014-08-31,262.791,569.143,338.995,1834.48,383.53,6.34544e+06,226.951,283.588,86400
2014-09-07,298.947,647.433,385.647,2224.13,436.305,6.34489e+06,258.18,279.99,86400
2014-09-14,340.063,736.458,438.702,2667.4,496.323,6.34427e+06,293.696,288.829,86400
2014-09-21,386.815,837.682,499.034,3171.64,564.571,6.34355e+06,334.081,302.84,86400
2014-09-28,439.971,952.763,567.636,3745.21,642.172,6.34274e+06,380.001,417.158,86400
2014-07-13,79.2705,174.179,106.242,111.45,115.335,6.34798e+06,80.0997,107.912,86450
2014-07-20,92.2061,201.811,118.838,232.063,133.209,6.34781e+06,92.5132,77.9252,86450
2014-07-27,106.457,232.322,136.158,369.058,154.315,6.34761e+06,107.171,113.642,86450
2014-08-03,122.589,267.356,156.636,526.447,177.867,6.34738e+06,123.528,120.121,86450
2014-08-10,141.095,307.686,180.274,707.562,204.753,6.34711e+06,142.2,146.326,86450
2014-08-17,162.383,354.101,207.478,916.009,235.652,6.34681e+06,163.659,148.987,86450
2014-08-24,186.878,407.51,238.781,1155.91,271.202,6.34646e+06,188.349,127.667,86450
2014-08-31,215.062,468.961,274.799,1432,312.107,6.34606e+06,216.757,200.444,86450
2014-09-07,247.489,539.66,316.241,1749.73,359.172,6.3456e+06,249.444,205.575,86450
2014-09-14,284.795,620.993,363.92,2115.37,413.321,6.34506e+06,287.049,294.538,86450
2014-09-21,327.711,714.552,418.773,2536.13,475.614,6.34445e+06,330.312,279.337,86450
2014-09-28,377.076,822.165,481.874,3020.3,547.272,6.34375e+06,380.078,415.954,86450
2014-07-13,90.2821,194.577,122.973,129.758,133.263,6.34791e+06,92.7425,71.8938,86500
2014-07-20,101.731,218.649,134.227,267.744,149.24,6.34773e+06,103.862,132.926,86500
2014-07-27,113.974,244.369,149.395,420.225,167.648,6.34752e+06,116.672,103.577,86500
2014-08-03,127.41,273.021,166.855,590.328,187.563,6.34729e+06,130.532,111.997,86500
2014-08-10,142.367,305.041,186.432,780.364,209.614,6.34704e+06,145.878,112.249,86500
2014-08-17,159.068,340.818,208.307,992.699,234.21,6.34675e+06,162.995,192.212,86500
2014-08-24,177.723,380.783,232.742,1229.94,261.681,6.34643e+06,182.113,212.571,86500
2014-08-31,198.562,425.425,260.037,1495.02,292.367,6.34607e+06,203.468,260.929,86500
2014-09-07,221.838,475.287,290.526,1791.17,326.644,6.34567e+06,227.323,423.662,86500
2014-09-14,247.835,530.976,324.581,2122.05,364.929,6.34522e+06,253.966,411.532,86500
2014-09-21,276.87,593.17,362.617,2491.7,407.688,6.34473e+06,283.724,290.881,86500
2014-09-28,309.295,662.621,405.096,2904.66,455.442,6.34417e+06,316.958,197.367,86500
2014-07-13,116.346,255.403,156.057,163.755,169.399,6.34776e+06,75.2172,57.3809,86550
2014-07-20,135.12,295.475,174.348,340.819,195.354,6.3475e+06,86.7418,98.6546,86550
2014-07-27,155.772,339.648,199.471,541.659,225.963,6.34721e+06,100.333,115.985,86550
2014-08-03,179.112,390.289,229.135,772.06,260.065,6.34688e+06,115.475,116.304,86550
2014-08-10,205.847,448.496,263.325,1036.8,298.934,6.3465e+06,132.734,135.899,86550
2014-08-17,236.551,515.38,302.613,1341.05,343.535,6.34605e+06,152.538,121.763,86550
2014-08-24,271.825,592.221,347.749,1690.68,394.769,6.34555e+06,175.287,144.041,86550
2014-08-31,312.347,680.489,399.602,2092.46,453.628,6.34497e+06,201.422,167.793,86550
2014-09-07,358.894,781.875,459.169,2554.13,521.241,6.3443e+06,231.443,281.457,86550
2014-09-14,412.356,898.317,527.59,3084.61,598.902,6.34353e+06,265.927,346.453,86550
2014-09-21,473.754,1032.03,606.174,3694.13,688.096,6.34264e+06,305.531,331.557,86550
2014-09-28,544.256,1185.57,696.42,4394.4,790.523,6.34163e+06,351.011,243.937,86550
2014-07-13,81.5696,179.69,109.086,114.343,118.451,6.34797e+06,72.6657,65.945,86600
2014-07-20,95.2832,209.046,122.423,238.381,137.374,6.34778e+06,84.2748,76.7374,86600
2014-07-27,110.451,241.602,140.81,379.787,159.794,6.34758e+06,98.0282,68.7667,86600
2014-08-03,127.692,279.135,162.629,542.883,184.914,6.34734e+06,113.439,102.225,86600
2014-08-10,147.551,322.513,187.912,731.308,213.709,6.34706e+06,131.103,127.925,86600
2014-08-17,170.484,372.633,217.125,949.027,246.932,6.34674e+06,151.485,197.654,86600
2014-08-24,196.977,430.532,250.872,1200.59,285.308,6.34637e+06,175.027,118.252,86600
2014-08-31,227.58,497.412,289.855,1491.24,329.639,6.34594e+06,202.223,172.459,86600
2014-09-07,262.929,574.661,334.886,1827.06,380.847,6.34545e+06,233.638,226.639,86600
2014-09-14,303.757,663.879,386.899,2215.04,439.994,6.34488e+06,269.922,381.306,86600
2014-09-21,350.91,766.912,446.973,2663.27,508.306,6.34422e+06,311.829,179.329,86600
2014-09-28,405.361,885.886,516.351,3181.09,587.195,6.34346e+06,360.225,313.437,86600
2014-07-13,71.8214,158.13,96.0935,100.741,104.337,6.34802e+06,75.9853,56.5216,86650
2014-07-20,83.8215,183.807,107.767,209.969,120.901,6.34786e+06,88.0481,77.7055,86650
2014-07-27,97.0832,212.258,123.852,334.395,140.511,6.34768e+06,102.329,77.7974,86650
2014-08-03,112.145,245.03,142.925,477.787,162.465,6.34747e+06,118.318,130.317,86650
2014-08-10,129.479,282.875,165.008,643.313,187.609,6.34723e+06,136.629,106.592,86650
2014-08-17,149.481,326.567,190.504,834.414,216.597,6.34695e+06,157.74,198.935,86650
2014-08-24,172.568,377.001,219.932,1055.04,250.054,6.34663e+06,182.105,177.278,86650
2014-08-31,199.217,435.212,253.9,1309.74,288.671,6.34625e+06,210.229,252.724,86650
2014-09-07,229.974,502.395,293.107,1603.78,333.244,6.34582e+06,242.69,312.442,86650
2014-09-14,265.471,579.929,338.357,1943.22,384.687,6.34532e+06,280.154,190.233,86650
2014-09-21,306.435,669.399,390.58,2335.05,444.056,6.34475e+06,323.391,238.586,86650
2014-09-28,353.704,772.636,450.845,2787.35,512.565,6.34409e+06,373.284,298.344,86650
2014-07-13,131.754,287.887,177.418,186.436,192.504,6.34767e+06,87.0322,72.4403,86700
2014-07-20,151.846,330.607,197.038,387.164,220.348,6.34738e+06,99.6206,98.9002,86700
2014-07-27,173.788,377.327,223.855,613.335,252.989,6.34706e+06,114.378,127.627,86700
2014-08-03,198.402,430.498,255.314,870.959,289.083,6.34669e+06,130.696,121.868,86700
2014-08-10,226.391,491.174,291.319,1164.87,329.92,6.34628e+06,149.159,131.248,86700
2014-08-17,258.304,560.397,332.397,1500.24,376.441,6.3458e+06,170.191,95.5057,86700
2014-08-24,294.704,639.355,379.252,1882.88,429.497,6.34525e+06,194.178,228.1,86700
2014-08-31,336.221,729.404,432.693,2319.45,490.012,6.34463e+06,221.537,226.197,86700
2014-09-07,383.567,832.094,493.644,2817.53,559.029,6.34392e+06,252.74,188.215,86700
2014-09-14,437.557,949.186,563.153,3385.75,637.734,6.34311e+06,288.323,300.031,86700
2014-09-21,499.116,1082.68,642.413,4033.97,727.478,6.34219e+06,328.897,375.107,86700
2014-09-28,569.296,1234.86,732.782,4773.4,829.796,6.34114e+06,375.156,484.301,86700
2014-07-13,138.079,297.763,187.986,198.325,203.728,6.34763e+06,94.68,83.5923,86750
2014-07-20,155.736,334.905,205.34,409.334,228.362,6.34734e+06,106.129,114.906,86750
2014-07-27,174.633,374.625,228.738,642.699,256.764,6.34703e+06,119.328,72.8907,86750
2014-08-03,195.39,418.908,255.694,903.26,287.516,6.34668e+06,133.62,107.722,86750
2014-08-10,218.515,468.436,285.942,1194.61,321.595,6.34628e+06,149.457,184.387,86750
2014-08-17,244.354,523.815,319.766,1520.42,359.636,6.34584e+06,167.136,220.956,86750
2014-08-24,273.239,585.724,357.576,1884.76,402.155,6.34535e+06,186.897,171.083,86750
2014-08-31,305.528,654.924,399.844,2292.18,449.686,6.3448e+06,208.986,225.54,86750
2014-09-07,341.618,732.268,447.09,2747.75,502.816,6.34418e+06,233.677,226.983,86750
2014-09-14,381.954,818.705,499.898,3257.14,562.198,6.34349e+06,261.274,222.451,86750
2014-09-21,427.031,915.296,558.918,3826.68,628.562,6.34272e+06,292.117,286.955,86750
2014-09-28,477.4,1023.22,624.872,4463.45,702.722,6.34186e+06,326.582,263.755,86750
2014-07-13,105.608,227.696,143.801,151.718,155.84,6.34782e+06,92.1577,79.6092,86800
2014-07-20,119.076,256.023,157.038,313.113,174.632,6.3476e+06,103.27,121.094,86800
2014-07-27,133.486,286.308,174.885,491.559,196.292,6.34736e+06,116.08,93.6816,86800
2014-08-03,149.311,320.064,195.439,690.745,219.741,6.34709e+06,129.946,72.9494,86800
2014-08-10,166.937,357.811,218.499,913.404,245.719,6.34679e+06,145.309,203.696,86800
2014-08-17,186.628,400.008,244.279,1162.34,274.712,6.34646e+06,162.454,170.101,86800
2014-08-24,208.637,447.173,273.093,1440.63,307.111,6.34608e+06,181.613,195.837,86800
2014-08-31,233.234,499.883,305.297,1751.75,343.323,6.34566e+06,203.028,227.154,86800
2014-09-07,260.723,558.789,341.288,2099.55,383.793,6.34519e+06,226.96,297.761,86800
2014-09-14,291.442,624.612,381.51,2488.35,429.019,6.34466e+06,253.705,274.439,86800
2014-09-21,325.767,698.16,426.456,2922.96,479.558,6.34408e+06,283.592,256.786,86800
2014-09-28,364.119,780.332,476.679,3408.77,536.027,6.34342e+06,316.985,343.26,86800
2014-07-13,121.082,263.528,163.586,172.106,177.432,6.34773e+06,88.3513,79.1371,86850
2014-07-20,138.645,300.753,180.77,356.743,201.821,6.34747e+06,100.496,101.752,86850
2014-07-27,157.71,341.191,204.162,563.62,230.269,6.34718e+06,114.662,104.88,86850
2014-08-03,178.963,386.931,231.454,797.858,261.53,6.34685e+06,130.228,127.959,86850
2014-08-10,202.983,438.815,262.507,1063.49,296.681,6.34648e+06,147.731,119.548,86850
2014-08-17,230.205,497.654,297.722,1364.75,336.481,6.34606e+06,167.549,219.095,86850
2014-08-24,261.07,564.366,337.649,1706.42,381.601,6.34558e+06,190.016,182.859,86850
2014-08-31,296.062,639.996,382.918,2093.91,432.756,6.34504e+06,215.489,192.605,86850
2014-09-07,335.731,725.728,434.238,2533.34,490.75,6.34442e+06,244.367,243.991,86850
2014-09-14,380.697,822.904,492.416,3031.66,556.491,6.34372e+06,277.103,278.93,86850
2014-09-21,431.662,933.039,558.362,3596.72,631.008,6.34293e+06,314.208,410.087,86850
2014-09-28,489.421,1057.84,633.105,4237.44,715.462,6.34203e+06,356.262,337.488,86850
2014-07-13,102.728,223.826,138.663,145.837,150.415,6.34784e+06,85.8394,56.8527,86900
2014-07-20,117.841,255.885,153.441,302.448,171.388,6.34762e+06,97.8087,82.2359,86900
2014-07-27,134.273,290.776,173.58,478.195,195.886,6.34737e+06,111.79,108.744,86900
2014-08-03,152.623,330.311,197.114,677.516,222.855,6.34709e+06,127.18,134.95,86900
2014-08-10,173.398,375.233,223.934,903.927,253.231,6.34677e+06,144.516,157.846,86900
2014-08-17,196.984,426.265,254.402,1161.15,287.686,6.34641e+06,164.178,162.46,86900
2014-08-24,223.772,484.224,289.006,1453.35,326.813,6.346e+06,186.508,181.738,86900
2014-08-31,254.195,550.047,328.307,1785.31,371.251,6.34553e+06,211.868,151.31,86900
2014-09-07,288.744,624.793,372.939,2162.39,421.717,6.345e+06,240.668,256.024,86900
2014-09-14,327.976,709.665,423.624,2590.73,479.026,6.3444e+06,273.373,352.392,86900
2014-09-21,372.521,806.026,481.177,3077.28,544.098,6.34371e+06,310.509,337.73,86900
2014-09-28,423.094,915.421,546.524,3629.91,617.98,6.34294e+06,352.672,312.161,86900
2014-07-13,98.9941,218.974,131.925,138.104,143.305,6.34786e+06,73.9459,63.1345,86950
2014-07-20,116.43,256.424,148.846,288.496,167.313,6.34764e+06,86.3342,80.75,86950
2014-07-27,135.838,298.251,172.279,460.97,195.907,6.34738e+06,101.089,107.593,86950
2014-08-03,158.047,346.784,200.244,661.166,228.162,6.34708e+06,117.732,124.022,86950
2014-08-10,183.792,403.23,232.853,893.931,265.374,6.34674e+06,136.934,135.674,86950
2014-08-17,213.712,468.863,270.77,1164.6,308.586,6.34633e+06,159.232,153.777,86950
2014-08-24,248.495,545.163,314.849,1479.34,358.816,6.34586e+06,185.151,163.822,86950
2014-08-31,288.929,633.855,366.09,1845.31,417.209,6.34532e+06,215.282,220.21,86950
2014-09-07,335.928,736.941,425.654,2270.83,485.084,6.34468e+06,250.306,231.147,86950
2014-09-14,390.552,856.745,494.888,2765.57,563.976,6.34394e+06,291.014,289.382,86950
2014-09-21,454.032,995.964,575.353,3340.77,655.664,6.34308e+06,338.326,382.441,86950
2014-09-28,527.795,1157.72,668.861,4009.47,762.209,6.34209e+06,393.304,453.749,86950
2014-07-13,95.6009,205.95,130.265,137.471,141.16,6.34788e+06,91.7163,137.811,87000
2014-07-20,107.647,231.269,142.109,283.6,157.974,6.34769e+06,102.641,152.764,87000
2014-07-27,120.52,258.3,158.064,444.982,177.336,6.34747e+06,115.221,142.853,87000
2014-08-03,134.638,288.393,176.419,624.894,198.268,6.34723e+06,128.821,155.212,87000
2014-08-10,150.342,321.999,196.987,825.756,221.429,6.34695e+06,143.87,100.317,87000
2014-08-17,167.866,359.523,219.953,1050.04,247.245,6.34665e+06,160.644,165.653,87000
2014-08-24,187.427,401.412,245.589,1300.46,276.06,6.34632e+06,179.365,129.762,87000
2014-08-31,209.262,448.17,274.206,1580.07,308.225,6.34594e+06,200.264,257.928,87000
2014-09-07,233.635,500.36,306.15,1892.25,344.128,6.34552e+06,223.592,309.304,87000
2014-09-14,260.838,558.608,341.806,2240.8,384.203,6.34505e+06,249.63,164.903,87000
2014-09-21,291.199,623.614,381.601,2629.93,428.93,6.34452e+06,278.69,396.442,87000
2014-09-28,325.081,696.156,426.015,3064.37,478.847,6.34394e+06,311.123,470.75,87000
2014-07-13,117.817,257.38,158.679,166.755,172.168,6.34775e+06,86.2882,79.8371,87050
2014-07-20,135.737,295.474,176.179,346.26,197.004,6.3475e+06,98.7354,76.5372,87050
2014-07-27,155.3,337.121,200.094,548.455,226.111,6.34721e+06,113.323,126.584,87050
2014-08-03,177.238,384.503,228.14,778.695,258.287,6.34688e+06,129.449,134.605,87050
2014-08-10,202.177,438.559,260.23,1041.28,294.679,6.34651e+06,147.689,203.15,87050
2014-08-17,230.605,500.211,296.83,1340.81,336.125,6.34608e+06,168.461,197.286,87050
2014-08-24,263.021,570.513,338.565,1682.45,383.38,6.3456e+06,192.144,197.638,87050
2014-08-31,299.982,650.67,386.154,2072.13,437.262,6.34504e+06,219.149,158.026,87050
2014-09-07,342.123,742.055,440.416,2516.56,498.699,6.34441e+06,249.94,247.963,87050
2014-09-14,390.165,846.231,502.279,3023.44,568.741,6.34369e+06,285.045,310.51,87050
2014-09-21,444.928,964.975,572.805,3601.5,648.588,6.34287e+06,325.062,458.274,87050
2014-09-28,507.346,1100.31,653.195,4260.71,739.6,6.34193e+06,370.676,261.973,87050
2014-07-13,133.272,286.285,182.023,192.254,197.197,6.34766e+06,87.2764,84.883,87100
2014-07-20,149.366,320.032,197.87,396.102,219.695,6.34739e+06,97.2334,103.813,87100
2014-07-27,166.489,355.886,219.153,620.326,245.507,6.34709e+06,108.657,123.418,87100
2014-08-03,185.182,395.619,243.542,869.222,273.284,6.34676e+06,120.951,169.219,87100
2014-08-10,205.882,439.796,270.752,1145.89,303.88,6.34639e+06,134.492,103.322,87100
2014-08-17,228.876,488.903,301.002,1453.47,337.83,6.34598e+06,149.518,119.421,87100
2014-08-24,254.43,543.479,334.618,1795.41,375.555,6.34552e+06,166.215,88.4739,87100
2014-08-31,282.828,604.126,371.977,2175.53,417.479,6.34502e+06,184.77,98.576,87100
2014-09-07,314.383,671.514,413.492,2598.08,464.067,6.34445e+06,205.388,277.017,87100
2014-09-14,349.445,746.385,459.622,3067.78,515.833,6.34383e+06,228.299,145.934,87100
2014-09-21,388.4,829.564,510.878,3589.88,573.348,6.34313e+06,253.755,276.345,87100
2014-09-28,431.674,921.962,567.822,4170.18,637.245,6.34236e+06,282.035,210.172,87100
2014-07-13,131.199,287.071,176.466,185.356,191.495,6.34767e+06,77.7119,104.919,87150
2014-07-20,151.552,330.394,196.326,385.176,219.679,6.34739e+06,89.1497,82.7524,87150
2014-07-27,173.826,377.885,223.512,610.767,252.778,6.34706e+06,102.582,103.157,87150
2014-08-03,198.867,432.05,255.464,868.275,289.46,6.3467e+06,117.468,109.197,87150
2014-08-10,227.404,493.993,292.11,1162.68,331.053,6.34627e+06,134.347,132.035,87150
2014-08-17,260.012,564.812,334.008,1499.32,378.536,6.34579e+06,153.617,153.587,87150
2014-08-24,297.283,645.761,381.9,1884.23,432.806,6.34524e+06,175.64,245.886,87150
2014-08-31,339.884,738.278,436.641,2324.33,494.837,6.34461e+06,200.813,159.151,87150
2014-09-07,388.57,844.006,499.206,2827.5,565.733,6.34389e+06,229.584,300.314,87150
2014-09-14,444.205,964.817,570.707,3402.75,646.752,6.34307e+06,262.463,209.541,87150
2014-09-21,507.774,1102.85,652.413,4060.37,739.331,6.34213e+06,300.034,202.677,87150
2014-09-28,580.399,1260.52,745.767,4812.12,845.105,6.34105e+06,342.958,313.561,87150
2014-07-13,61.4447,136.028,81.8267,85.6371,88.892,6.34809e+06,69.5237,78.0108,87200
2014-07-20,72.3664,159.503,92.4213,178.966,103.924,6.34795e+06,81.2802,55.5819,87200
2014-07-27,84.5404,185.761,107.107,286.128,121.847,6.34779e+06,95.2986,142.538,87200
2014-08-03,98.4899,216.27,124.654,410.674,142.093,6.3476e+06,111.133,121.828,87200
2014-08-10,114.684,251.803,145.143,555.67,165.484,6.34738e+06,129.427,93.6318,87200
2014-08-17,133.529,293.177,168.998,724.497,192.683,6.34713e+06,150.7,181.503,87200
2014-08-24,155.469,341.343,196.769,921.071,224.344,6.34684e+06,175.463,161.457,87200
2014-08-31,181.009,397.413,229.099,1149.94,261.202,6.34649e+06,204.29,140.829,87200
2014-09-07,210.739,462.68,266.733,1416.42,304.108,6.34609e+06,237.847,276.244,87200
2014-09-14,245.345,538.646,310.542,1726.66,354.052,6.34563e+06,276.909,272.236,87200
2014-09-21,285.623,627.06,361.533,2087.85,412.183,6.34509e+06,322.374,275.273,87200
2014-09-28,332.499,729.953,420.881,2508.34,479.84,6.34446e+06,375.29,446.207,87200
2014-07-13,101.301,221.365,136.4,143.328,147.999,6.34785e+06,84.2697,98.8369,87250
2014-07-20,116.766,254.252,151.501,297.658,169.43,6.34763e+06,96.4725,70.667,87250
2014-07-27,133.659,290.224,172.144,471.571,194.557,6.34738e+06,110.78,106.421,87250
2014-08-03,152.612,331.172,196.365,669.698,222.348,6.3471e+06,126.604,107.276,87250
2014-08-10,174.169,377.911,224.091,895.769,253.797,6.34678e+06,144.511,139.257,87250
2014-08-17,198.754,431.245,255.731,1153.76,289.631,6.34641e+06,164.914,169.999,87250
2014-08-24,226.802,492.094,291.827,1448.17,330.509,6.34599e+06,188.19,210.243,87250
2014-08-31,258.8,561.509,333.008,1784.14,377.144,6.34551e+06,214.744,242.131,87250
2014-09-07,295.302,640.691,379.988,2167.5,430.345,6.34497e+06,245.036,296.338,87250
2014-09-14,336.938,731.005,433.578,2604.94,491.032,6.34434e+06,279.591,372.892,87250
2014-09-21,384.426,834.008,494.706,3104.07,560.251,6.34363e+06,319.004,340.357,87250
2014-09-28,438.583,951.469,564.423,3673.54,639.196,6.34282e+06,363.954,384.464,87250
2014-07-13,106.376,231.003,143.989,151.592,156.144,6.34782e+06,90.4177,76.6322,87300
2014-07-20,121.358,262.697,158.663,313.89,176.972,6.34759e+06,102.478,91.5139,87300
2014-07-27,137.564,296.997,178.592,495.158,201.197,6.34734e+06,116.506,134.674,87300
2014-08-03,155.566,335.658,201.771,699.7,227.722,6.34706e+06,131.866,154.739,87300
2014-08-10,175.841,379.364,228.057,930.857,257.442,6.34674e+06,149.076,160.57,87300
2014-08-17,198.741,428.76,257.765,1192.13,290.979,6.34637e+06,168.496,137.934,87300
2014-08-24,224.617,484.576,291.333,1487.43,328.869,6.34596e+06,190.436,167.567,87300
2014-08-31,253.854,547.64,329.263,1821.18,371.681,6.3455e+06,215.228,289.587,87300
2014-09-07,286.887,618.888,372.119,2198.38,420.054,6.34497e+06,243.239,244.702,87300
2014-09-14,324.205,699.376,420.538,2624.66,474.704,6.34438e+06,274.885,206.281,87300
2014-09-21,366.362,790.293,475.238,3106.4,536.442,6.34371e+06,310.635,363.058,87300
2014-09-28,413.979,892.981,537.027,3650.79,606.18,6.34296e+06,351.018,363.746,87300
2014-07-13,102.816,222.754,139.439,146.904,151.179,6.34784e+06,88.6165,98.0101,87350
2014-07-20,116.85,252.388,153.201,303.855,170.713,6.34762e+06,100.067,108.724,87350
2014-07-27,131.978,284.332,171.846,478.576,193.366,6.34738e+06,113.345,113.306,87350
2014-08-03,148.72,320.208,193.464,675.037,218.079,6.34711e+06,127.831,112.299,87350
2014-08-10,167.507,360.622,217.893,896.276,245.668,6.34681e+06,144.003,162.766,87350
2014-08-17,188.653,406.136,245.405,1145.45,276.688,6.34646e+06,162.186,170.248,87350
2014-08-24,212.461,457.385,276.383,1426.09,311.611,6.34608e+06,182.657,164.915,87350
2014-08-31,239.268,515.084,311.262,1742.14,350.933,6.34564e+06,205.706,203.03,87350
2014-09-07,269.447,580.042,350.533,2098.07,395.204,6.34515e+06,231.657,268.414,87350
2014-09-14,303.423,653.166,394.744,2498.91,445.044,6.3446e+06,260.872,263.517,87350
2014-09-21,341.668,735.475,444.515,2950.29,501.151,6.34398e+06,293.76,264.222,87350
2014-09-28,384.716,828.116,500.54,3458.57,564.306,6.34328e+06,330.779,334.148,87350
2014-07-13,102.418,222.99,138.328,145.517,150.041,6.34784e+06,84.8884,119.593,87400
2014-07-20,117.346,254.639,152.93,301.681,170.766,6.34762e+06,96.614,102.285,87400
2014-07-27,133.56,289.042,172.817,476.747,194.953,6.34738e+06,110.298,97.7761,87400
2014-08-03,151.645,327.98,196.03,675.08,221.547,6.3471e+06,125.344,151.186,87400
2014-08-10,172.097,372.175,222.458,900.12,251.468,6.34678e+06,142.272,114.75,87400
2014-08-17,195.292,422.325,252.447,1155.5,285.368,6.34642e+06,161.452,175.673,87400
2014-08-24,221.605,479.221,286.469,1445.3,323.823,6.34602e+06,183.208,178.967,87400
2014-08-31,251.457,543.765,325.067,1774.15,367.449,6.34556e+06,207.89,193.757,87400
2014-09-07,285.319,616.978,368.853,2147.3,416.939,6.34503e+06,235.89,277.53,87400
2014-09-14,323.729,700.018,418.521,2570.71,473.078,6.34444e+06,267.652,309.856,87400
2014-09-21,367.294,794.197,474.859,3051.13,536.752,6.34376e+06,303.676,280.358,87400
2014-09-28,416.699,900.996,538.755,3596.2,608.967,6.343e+06,344.533,383.847,87400
2014-07-13,147.169,317.526,200.277,211.26,217.057,6.34757e+06,96.812,112.053,87450
2014-07-20,166.126,357.42,218.904,436.132,243.5,6.34727e+06,108.606,99.9915,87450
2014-07-27,186.431,400.119,244.033,685.007,274.004,6.34693e+06,122.211,157.476,87450
2014-08-03,208.751,447.76,273.001,963.099,307.06,6.34656e+06,136.955,119.871,87450
2014-08-10,233.636,501.084,305.532,1274.29,343.72,6.34614e+06,153.306,191.781,87450
2014-08-17,261.464,560.752,341.936,1622.56,384.674,6.34566e+06,171.572,151.393,87450
2014-08-24,292.596,627.505,382.661,2012.32,430.483,6.34513e+06,192.004,95.3681,87450
2014-08-31,327.421,702.175,428.221,2448.49,481.73,6.34454e+06,214.861,186.06,87450
2014-09-07,366.376,785.693,479.185,2936.58,539.055,6.34388e+06,240.429,247.703,87450
2014-09-14,409.945,879.099,536.191,3482.74,603.173,6.34314e+06,269.028,255.595,87450
2014-09-21,458.67,983.552,599.947,4093.87,674.883,6.34231e+06,301.012,409.301,87450
2014-09-28,513.154,1100.34,671.247,4777.65,755.074,6.34139e+06,336.779,289.736,87450
2014-07-13,91.7935,198.863,124.495,131.162,134.976,6.3479e+06,92.8891,81.792,87500
2014-07-20,104.315,225.303,136.774,271.288,152.405,6.34771e+06,104.883,78.4575,87500
2014-07-27,117.812,253.802,153.409,427.269,172.617,6.3475e+06,118.793,135.813,87500
2014-08-03,132.748,285.808,172.696,602.647,194.664,6.34726e+06,133.966,82.66,87500
2014-08-10,149.508,321.859,194.49,800.129,219.277,6.34698e+06,150.904,125.509,87500
2014-08-17,168.371,362.46,219.033,1022.53,246.949,6.34668e+06,169.948,141.032,87500
2014-08-24,189.608,408.173,246.667,1273,278.102,6.34633e+06,191.387,246.57,87500
2014-08-31,213.52,459.64,277.78,1555.07,313.177,6.34594e+06,215.525,236.57,87500
2014-09-07,240.439,517.58,312.809,1872.7,352.666,6.34551e+06,242.701,226.16,87500
2014-09-14,270.744,582.803,352.244,2230.39,397.122,6.34501e+06,273.295,312.813,87500
2014-09-21,304.857,656.218,396.638,2633.16,447.166,6.34446e+06,307.735,263.556,87500
2014-09-28,343.253,738.85,446.609,3086.69,503.497,6.34383e+06,346.502,427.266,87500
2014-07-13,86.3565,189.73,115.749,121.427,125.654,6.34794e+06,77.8117,96.922,87550
2014-07-20,100.432,219.794,129.455,252.824,145.104,6.34775e+06,89.8563,57.7468,87550
2014-07-27,115.936,252.985,148.3,402.047,168.068,6.34753e+06,104.077,123.501,87550
2014-08-03,133.483,291.089,170.578,573.458,193.688,6.34728e+06,119.942,120.437,87550
2014-08-10,153.611,334.946,196.289,770.678,222.931,6.34699e+06,138.051,174.216,87550
2014-08-17,176.758,385.412,225.875,997.626,256.533,6.34666e+06,158.859,200.107,87550
2014-08-24,203.389,443.471,259.912,1258.77,295.186,6.34628e+06,182.795,190.577,87550
2014-08-31,234.024,510.26,299.068,1559.27,339.654,6.34585e+06,210.332,211.596,87550
2014-09-07,269.265,587.087,344.114,1905.03,390.808,6.34534e+06,242.009,195.784,87550
2014-09-14,309.802,675.452,395.93,2302.87,449.65,6.34477e+06,278.447,332.113,87550
2014-09-21,356.424,777.08,455.53,2760.6,517.331,6.3441e+06,320.358,265.215,87550
2014-09-28,410.042,893.949,524.078,3287.22,595.169,6.34333e+06,368.56,460.863,87550
2014-07-13,109.998,237.236,149.74,157.97,162.281,6.3478e+06,87.2268,110.853,87600
2014-07-20,124.089,266.882,163.588,326.061,181.94,6.34757e+06,97.7935,69.2817,87600
2014-07-27,139.174,298.594,182.264,511.994,204.609,6.34732e+06,109.978,77.1047,87600
2014-08-03,155.748,333.958,203.783,719.635,229.16,6.34704e+06,123.175,87.6254,87600
2014-08-10,174.217,373.52,227.936,951.856,256.374,6.34672e+06,137.802,135.671,87600
2014-08-17,194.859,417.769,254.951,1211.6,286.76,6.34637e+06,154.135,152.159,87600
2014-08-24,217.941,467.248,285.158,1502.13,320.733,6.34598e+06,172.396,167.1,87600
2014-08-31,243.751,522.572,318.936,1827.07,358.72,6.34554e+06,192.814,125.77,87600
2014-09-07,272.608,584.425,356.703,2190.5,401.195,6.34505e+06,215.644,308.766,87600
2014-09-14,304.87,653.574,398.93,2596.95,448.683,6.3445e+06,241.169,235.777,87600
2014-09-21,340.936,730.873,446.138,3051.52,501.772,6.34388e+06,269.705,231.894,87600
2014-09-28,381.251,817.274,498.912,3559.86,561.119,6.34319e+06,301.605,310.676,87600
2014-07-13,72.4662,158.592,97.4518,102.355,105.753,6.34802e+06,80.8461,67.6529,87650
2014-07-20,83.7359,182.586,108.447,212.718,121.358,6.34786e+06,92.7755,86.4356,87650
2014-07-27,96.0745,208.901,123.503,337.351,139.689,6.34768e+06,106.789,116.759,87650
2014-08-03,109.953,238.927,141.205,479.663,160.014,6.34748e+06,122.327,149.876,87650
2014-08-10,125.775,273.28,161.516,642.422,183.07,6.34725e+06,139.953,126.214,87650
2014-08-17,143.862,312.574,184.748,828.592,209.403,6.34698e+06,160.084,184.893,87650
2014-08-24,164.547,357.512,211.316,1041.54,239.514,6.34668e+06,183.103,235.095,87650
2014-08-31,188.201,408.901,241.699,1285.1,273.949,6.34633e+06,209.428,197.607,87650
2014-09-07,215.251,467.663,276.444,1563.69,313.326,6.34593e+06,239.531,221.003,87650
2014-09-14,246.181,534.852,316.174,1882.31,358.354,6.34547e+06,273.954,255.861,87650
2014-09-21,281.545,611.671,361.603,2246.72,409.839,6.34495e+06,313.313,339.322,87650
2014-09-28,321.976,699.492,413.544,2663.48,468.704,6.34435e+06,358.314,402.415,87650
2014-07-13,76.6666,166.083,103.984,109.555,112.738,6.34799e+06,69.713,77.001,87700
2014-07-20,87.1167,188.147,114.232,226.591,127.283,6.34783e+06,78.7076,53.6455,87700
2014-07-27,98.3799,211.929,128.115,356.858,144.151,6.34765e+06,89.1377,53.659,87700
2014-08-03,110.843,238.635,144.209,503.313,162.549,6.34745e+06,100.514,40.4688,87700
2014-08-10,124.828,268.715,162.395,668.213,183.086,6.34723e+06,113.214,133.081,87700
2014-08-17,140.566,302.59,182.874,853.91,206.175,6.34697e+06,127.492,216.428,87700
2014-08-24,158.285,340.729,205.93,1063.02,232.167,6.34668e+06,143.564,143.373,87700
2014-08-31,178.234,383.666,231.888,1298.49,261.431,6.34636e+06,161.659,169.398,87700
2014-09-07,200.692,432.004,261.113,1563.64,294.376,6.34599e+06,182.031,212.73,87700
2014-09-14,225.974,486.416,294.013,1862.21,331.464,6.34558e+06,204.965,246.021,87700
2014-09-21,254.433,547.664,331.049,2198.39,373.214,6.34512e+06,230.782,137.124,87700
2014-09-28,286.466,616.602,372.738,2576.91,420.209,6.3446e+06,259.842,266.308,87700
2014-07-13,137.858,295.146,188.803,199.611,204.482,6.34763e+06,103.336,87.8331,87750
2014-07-20,153.666,328.206,204.394,410.637,226.618,6.34735e+06,114.522,147.146,87750
2014-07-27,170.401,363.131,225.263,641.679,251.91,6.34705e+06,127.304,114.09,87750
2014-08-03,188.573,401.634,249.068,896.856,278.983,6.34671e+06,140.986,188.444,87750
2014-08-10,208.592,444.226,275.497,1179.08,308.648,6.34634e+06,155.977,105.836,87750
2014-08-17,230.717,491.333,304.728,1491.24,341.396,6.34593e+06,172.526,145.5,87750
2014-08-24,255.18,543.419,337.049,1836.52,377.601,6.34548e+06,190.823,235.119,87750
2014-08-31,282.228,601.007,372.785,2218.42,417.632,6.34498e+06,211.052,251.713,87750
2014-09-07,312.131,664.671,412.296,2640.8,461.891,6.34442e+06,233.419,306.949,87750
2014-09-14,345.189,735.047,455.977,3107.94,510.82,6.34381e+06,258.145,250.691,87750
2014-09-21,381.731,812.836,504.266,3624.55,564.908,6.34313e+06,285.479,233.272,87750
2014-09-28,422.12,898.809,557.642,4195.87,624.693,6.34238e+06,315.692,333.761,87750
2014-07-13,122.583,270.221,163.841,171.699,177.917,6.34772e+06,78.2725,76.8383,87800
2014-07-20,143.352,314.704,184.032,358.075,206.567,6.34745e+06,90.8769,84.3296,87800
2014-07-27,166.347,364.091,211.89,570.754,240.537,6.34714e+06,105.822,117.534,87800
2014-08-03,192.511,421.083,244.976,816.309,278.641,6.34678e+06,122.585,82.8717,87800
2014-08-10,222.678,487.012,283.352,1100.29,322.36,6.34636e+06,141.819,117.712,87800
2014-08-17,257.547,563.259,327.735,1428.76,372.852,6.34587e+06,164.032,140.291,87800
2014-08-24,297.865,651.42,379.054,1808.67,431.229,6.34531e+06,189.714,162.348,87800
2014-08-31,344.48,753.345,438.39,2248.06,498.725,6.34467e+06,219.409,206.448,87800
2014-09-07,398.37,871.17,506.991,2756.22,576.759,6.34392e+06,253.739,225.422,87800
2014-09-14,460.663,1007.36,586.296,3343.88,666.967,6.34305e+06,293.425,286.738,87800
2014-09-21,532.662,1164.75,677.967,4023.45,771.236,6.34205e+06,339.297,381.351,87800
2014-09-28,615.865,1346.62,783.915,4809.24,891.74,6.34089e+06,392.311,357.347,87800
2014-07-13,88.8537,195.124,119.144,125.007,129.334,6.34792e+06,78.2772,85.6751,87850
2014-07-20,103.255,225.872,133.171,260.219,149.24,6.34773e+06,90.3246,113.448,87850
2014-07-27,119.106,259.791,152.447,413.669,172.726,6.3475e+06,104.54,103.761,87850
2014-08-03,137.033,298.701,175.219,589.807,198.91,6.34725e+06,120.387,124.368,87850
2014-08-10,157.58,343.452,201.483,792.317,228.774,6.34696e+06,138.461,150.941,87850
2014-08-17,181.193,394.909,231.681,1025.18,263.063,6.34662e+06,159.214,136.667,87850
2014-08-24,208.338,454.065,266.397,1292.94,302.478,6.34623e+06,183.069,242.422,87850
2014-08-31,239.543,522.066,306.306,1600.82,347.788,6.34578e+06,210.492,274.639,87850
2014-09-07,275.412,600.228,352.182,1954.82,399.873,6.34527e+06,242.016,218.778,87850
2014-09-14,316.64,690.062,404.915,2361.83,459.741,6.34468e+06,278.25,315.858,87850
2014-09-21,364.023,793.302,465.524,2829.77,528.551,6.344e+06,319.896,265.982,87850
2014-09-28,418.475,911.936,535.181,3367.74,607.628,6.34322e+06,367.756,308.953,87850
2014-07-13,128.38,280.774,172.74,181.468,187.444,6.34769e+06,84.1016,95.9611,87900
2014-07-20,148.183,322.912,192.069,377.015,214.875,6.34741e+06,96.409,97.4428,87900
2014-07-27,169.841,369.069,218.514,597.638,247.069,6.34709e+06,110.854,121.126,87900
2014-08-03,194.172,421.675,249.577,849.298,282.723,6.34674e+06,126.851,124.971,87900
2014-08-10,221.88,481.793,285.179,1136.82,323.121,6.34632e+06,144.977,120.562,87900
2014-08-17,253.518,550.477,325.854,1465.35,369.208,6.34585e+06,165.655,186.044,87900
2014-08-24,289.656,628.932,372.316,1840.73,421.846,6.34532e+06,189.272,187.38,87900
2014-08-31,330.932,718.537,425.386,2269.63,481.969,6.34471e+06,216.248,207.617,87900
2014-09-07,378.072,820.867,485.999,2759.66,550.637,6.34401e+06,247.057,270.643,87900
2014-09-14,431.905,937.715,555.223,3319.49,629.057,6.34321e+06,282.242,248.815,87900
2014-09-21,493.372,1071.13,634.271,3959.04,718.603,6.34229e+06,322.42,302.112,87900
2014-09-28,563.547,1223.42,724.527,4689.63,820.843,6.34125e+06,368.293,332.096,87900
2014-07-13,87.8734,191.236,118.729,124.916,128.777,6.34793e+06,83.7767,97.8865,87950
2014-07-20,100.606,218.221,131.187,258.917,146.459,6.34774e+06,95.2797,98.1208,87950
2014-07-27,114.427,247.534,148.145,409.04,167.082,6.34753e+06,108.696,83.6456,87950
2014-08-03,129.832,280.687,167.928,578.998,189.742,6.34729e+06,123.438,94.4097,87950
2014-08-10,147.241,318.292,190.436,771.71,215.22,6.34702e+06,140.013,102.856,87950
2014-08-17,166.971,360.936,215.961,990.252,244.066,6.34672e+06,158.779,109.935,87950
2014-08-24,189.341,409.285,244.899,1238.08,276.768,6.34637e+06,180.053,204.74,87950
2014-08-31,214.701,464.098,277.707,1519.12,313.842,6.34597e+06,204.172,196.899,87950
2014-09-07,243.452,526.234,314.902,1837.79,355.874,6.34553e+06,231.516,200.501,87950
2014-09-14,276.043,596.669,357.068,2199.15,403.522,6.34502e+06,262.514,392.836,87950
2014-09-21,312.984,676.502,404.866,2608.89,457.532,6.34445e+06,297.651,256.03,87950
2014-09-28,354.854,766.981,459.044,3073.46,518.751,6.3438e+06,337.477,303.516,87950
2014-07-13,109.048,241.486,145.183,151.929,157.723,6.3478e+06,77.7455,70.6391,88000
2014-07-20,128.495,283.296,164.045,317.552,184.485,6.34756e+06,90.9372,78.3467,88000
2014-07-27,150.181,330.081,190.198,507.806,216.407,6.34727e+06,106.672,47.2861,88000
2014-08-03,175.04,384.463,221.459,729.024,252.479,6.34694e+06,124.453,98.2507,88000
2014-08-10,203.909,447.822,257.973,986.68,294.171,6.34655e+06,145.004,222.516,88000
2014-08-17,237.517,521.619,300.504,1286.82,342.668,6.3461e+06,168.909,132.878,88000
2014-08-24,276.655,607.558,350.031,1636.43,399.139,6.34558e+06,196.745,110.427,88000
2014-08-31,322.228,707.623,407.706,2043.65,464.899,6.34497e+06,229.16,165.562,88000
2014-09-07,375.291,824.126,474.863,2517.97,541.469,6.34426e+06,266.903,270.035,88000
2014-09-14,437.068,959.751,553.054,3070.39,630.618,6.34343e+06,310.847,214.005,88000
2014-09-21,508.98,1117.62,644.083,3713.76,734.4,6.34247e+06,362.003,527.708,88000
2014-09-28,592.68,1301.34,750.044,4463.01,855.202,6.34134e+06,421.549,415.905,88000
2014-07-13,83.6916,182.398,112.942,118.776,122.516,6.34795e+06,74.005,65.7981,88050
2014-07-20,96.0463,208.613,125.021,246.357,139.66,6.34777e+06,84.3605,94.3671,88050
2014-07-27,109.486,237.158,141.488,389.582,159.693,6.34757e+06,96.461,121.655,88050
2014-08-03,124.501,269.518,160.738,552.087,181.755,6.34734e+06,109.788,142.985,88050
2014-08-10,141.509,306.303,182.687,736.756,206.617,6.34708e+06,124.805,102.608,88050
2014-08-17,160.827,348.111,207.631,946.641,234.83,6.34679e+06,141.847,113.425,88050
2014-08-24,182.777,395.618,235.975,1185.18,266.884,6.34645e+06,161.209,94.1548,88050
2014-08-31,207.719,449.596,268.182,1456.28,303.307,6.34607e+06,183.21,174.363,88050
2014-09-07,236.057,510.923,304.776,1764.38,344.69,6.34563e+06,208.207,227.096,88050
2014-09-14,268.252,580.594,346.352,2114.51,391.708,6.34514e+06,236.608,243.08,88050
2014-09-21,304.827,659.739,393.587,2512.4,445.124,6.34458e+06,268.873,186.326,88050
2014-09-28,346.373,749.639,447.247,2964.54,505.803,6.34394e+06,305.526,322.457,88050
2014-07-13,80.7974,179.944,107.047,111.82,116.356,6.34797e+06,81.1325,97.4979,88100
2014-07-20,96.1119,213.025,121.858,234.376,137.367,6.34778e+06,95.7831,48.3919,88100
2014-07-27,113.343,250.408,142.52,376.33,162.617,6.34757e+06,113.39,104.544,88100
2014-08-03,133.28,294.256,167.419,542.848,191.416,6.34731e+06,133.471,161.026,88100
2014-08-10,156.642,345.799,196.757,738.518,225.008,6.34701e+06,156.894,123.003,88100
2014-08-17,184.084,406.371,231.234,968.476,264.436,6.34666e+06,184.386,264.406,88100
2014-08-24,216.327,477.541,271.743,1238.72,310.757,6.34625e+06,216.685,228.428,88100
2014-08-31,254.21,561.155,319.339,1556.31,365.182,6.34576e+06,254.634,288.12,88100
2014-09-07,298.714,659.381,375.257,1929.52,429.123,6.34519e+06,299.219,237.851,88100
2014-09-14,350.995,774.763,440.949,2368.06,504.239,6.34452e+06,351.596,256.501,88100
2014-09-21,412.403,910.281,518.117,2883.37,592.474,6.34373e+06,413.121,503.904,88100
2014-09-28,484.525,1069.43,608.756,3488.84,696.109,6.3428e+06,485.383,347.898,88100
2014-07-13,116.43,253.122,157.448,165.704,170.757,6.34776e+06,89.2925,98.2672,88150
2014-07-20,133.075,288.369,173.742,343.294,193.884,6.34751e+06,101.386,93.3435,88150
2014-07-27,151.113,326.586,195.898,541.961,220.823,6.34723e+06,115.473,137.442,88150
2014-08-03,171.185,369.74,221.708,766.523,250.372,6.34692e+06,130.925,132.176,88150
2014-08-10,193.831,418.607,251.026,1020.74,283.54,6.34657e+06,148.269,128.016,88150
2014-08-17,219.453,473.93,284.218,1308.58,321.031,6.34616e+06,167.874,165.38,88150
2014-08-24,248.454,536.551,321.787,1634.48,363.462,6.34571e+06,190.062,185.076,88150
2014-08-31,281.278,607.424,364.309,2003.44,411.487,6.34519e+06,215.176,209.805,88150
2014-09-07,318.426,687.629,412.437,2421.15,465.841,6.34461e+06,243.598,286.944,88150
2014-09-14,360.464,778.387,466.903,2894.04,527.352,6.34395e+06,275.764,233.88,88150
2014-09-21,408.032,881.078,528.538,3429.36,596.958,6.3432e+06,312.163,257.664,88150
2014-09-28,461.851,997.255,598.279,4035.34,675.715,6.34236e+06,353.347,358.709,88150
2014-07-13,85.7838,189.117,114.648,120.144,124.499,6.34794e+06,76.2013,75.2702,88200
2014-07-20,100.332,220.279,128.791,250.568,144.566,6.34775e+06,88.484,92.961,88200
2014-07-27,116.442,254.884,148.306,399.416,168.364,6.34753e+06,103.05,94.839,88200
2014-08-03,134.777,294.825,171.487,571.297,195.062,6.34728e+06,119.391,104.749,88200
2014-08-10,155.92,341.04,198.38,770.105,225.701,6.34698e+06,138.144,106.722,88200
2014-08-17,180.365,394.501,229.489,1000.09,261.094,6.34665e+06,159.807,115.87,88200
2014-08-24,208.637,456.331,265.468,1266.14,302.025,6.34625e+06,184.859,150.797,88200
2014-08-31,241.333,527.834,307.078,1573.89,349.361,6.3458e+06,213.832,191.986,88200
2014-09-07,279.144,610.517,355.199,1929.87,404.104,6.34528e+06,247.338,223.194,88200
2014-09-14,322.865,706.122,410.845,2341.63,467.406,6.34467e+06,286.083,260.395,88200
2014-09-21,373.416,816.655,475.189,2817.89,540.601,6.34397e+06,330.883,241.1,88200
2014-09-28,431.858,944.435,549.583,3368.72,625.226,6.34316e+06,382.679,369.623,88200
2014-07-13,70.0888,154.001,93.9383,98.5441,101.978,6.34803e+06,75.4456,74.4632,88250
2014-07-20,81.523,178.425,105.072,205.188,117.778,6.34788e+06,87.1345,67.9641,88250
2014-07-27,94.1192,205.394,120.382,326.311,136.433,6.3477e+06,100.936,143.25,88250
2014-08-03,108.378,236.36,138.482,465.462,157.251,6.3475e+06,116.337,98.5573,88250
2014-08-10,124.736,272.006,159.375,625.583,181.015,6.34727e+06,133.919,132.082,88250
2014-08-17,143.551,313.03,183.421,809.863,208.325,6.347e+06,154.124,215.467,88250
2014-08-24,165.201,360.235,211.088,1021.94,239.747,6.34669e+06,177.37,125.102,88250
2014-08-31,190.111,414.549,242.922,1266.01,275.901,6.34634e+06,204.118,268.039,88250
2014-09-07,218.772,477.037,279.551,1546.88,317.5,6.34593e+06,234.893,298.983,88250
2014-09-14,251.746,548.926,321.693,1870.1,365.359,6.34546e+06,270.301,346.454,88250
2014-09-21,289.679,631.623,370.177,2242.03,420.419,6.34492e+06,311.036,376.192,88250
2014-09-28,333.313,726.746,425.951,2670.02,483.758,6.34429e+06,357.895,337.444,88250
2014-07-13,94.5283,206.691,127.216,133.653,138.041,6.34789e+06,78.3316,95.1759,88300
2014-07-20,109.069,237.627,141.409,277.644,158.185,6.34768e+06,89.7621,96.8511,88300
2014-07-27,124.967,271.502,160.826,440.049,181.821,6.34745e+06,103.174,126.806,88300
2014-08-03,142.822,310.099,183.626,625.238,207.989,6.34719e+06,118.023,116.43,88300
2014-08-10,163.149,354.196,209.75,836.743,237.63,6.34689e+06,134.843,104.995,88300
2014-08-17,186.353,404.564,239.589,1078.34,271.436,6.34654e+06,154.026,172.861,88300
2014-08-24,212.852,462.084,273.664,1354.3,310.037,6.34615e+06,175.93,206.518,88300
2014-08-31,243.111,527.765,312.577,1669.51,354.117,6.3457e+06,200.944,140.26,88300
2014-09-07,277.662,602.759,357.011,2029.52,404.452,6.34518e+06,229.506,192.816,88300
2014-09-14,317.112,688.38,407.747,2440.71,461.925,6.3446e+06,262.119,331.808,88300
2014-09-21,362.15,786.125,465.674,2910.33,527.542,6.34393e+06,299.354,279.149,88300
2014-09-28,413.564,897.7,531.806,3446.65,602.451,6.34316e+06,341.861,337.254,88300
2014-07-13,92.3358,200.221,125.135,131.8,135.681,6.3479e+06,89.1914,97.1057,88350
2014-07-20,105.089,227.168,137.635,272.724,153.424,6.34771e+06,100.854,137.052,88350
2014-07-27,118.854,256.26,154.586,429.796,174.023,6.34749e+06,114.395,97.6609,88350
2014-08-03,134.109,288.978,174.263,606.644,196.525,6.34725e+06,129.188,106.594,88350
2014-08-10,151.251,325.883,196.528,806.061,221.682,6.34697e+06,145.725,146.756,88350
2014-08-17,170.571,367.502,221.638,1030.96,250.006,6.34666e+06,164.344,209.512,88350
2014-08-24,192.354,414.428,249.948,1284.58,281.936,6.34631e+06,185.333,207.69,88350
2014-08-31,216.913,467.333,281.867,1570.6,317.937,6.34591e+06,208.999,179.018,88350
2014-09-07,244.6,526.975,317.853,1893.14,358.525,6.34547e+06,235.679,227.447,88350
2014-09-14,275.813,594.207,358.422,2256.85,404.281,6.34496e+06,265.758,281.656,88350
2014-09-21,310.996,669.99,404.156,2666.98,455.861,6.3444e+06,299.664,297.757,88350
2014-09-28,350.653,755.403,455.707,3129.43,514.001,6.34376e+06,337.883,365.284,88350
2014-07-13,68.6971,151.342,91.8667,96.2919,99.7535,6.34804e+06,72.8841,69.4636,88400
2014-07-20,80.2545,176.084,103.106,200.754,115.701,6.34789e+06,84.5363,101.819,88400
2014-07-27,93.039,203.526,118.603,319.853,134.597,6.34771e+06,98.3419,79.0621,88400
2014-08-03,107.573,235.168,136.994,457.234,155.771,6.34751e+06,113.813,141.71,88400
2014-08-10,124.315,271.741,158.307,615.966,180.045,6.34728e+06,131.549,173.262,88400
2014-08-17,143.652,314.004,182.937,799.394,208.057,6.34701e+06,152.015,141.021,88400
2014-08-24,165.993,362.833,211.391,1011.36,240.417,6.3467e+06,175.659,135.441,88400
2014-08-31,191.804,419.246,244.266,1256.28,277.803,6.34634e+06,202.975,173.499,88400
2014-09-07,221.622,484.414,282.247,1539.3,320.996,6.34592e+06,234.533,314.9,88400
2014-09-14,256.067,559.692,326.123,1866.32,370.892,6.34544e+06,270.99,217.19,88400
2014-09-21,295.856,646.643,376.808,2244.16,428.53,6.34489e+06,313.102,336.519,88400
2014-09-28,341.811,747.066,435.353,2680.72,495.105,6.34425e+06,361.745,346.939,88400
2014-07-13,75.1844,163.257,101.773,107.149,110.364,6.348e+06,78.671,81.8831,88450
2014-07-20,85.7641,185.638,112.136,221.859,125.073,6.34784e+06,89.1557,83.7769,88450
2014-07-27,97.2084,209.858,126.209,349.966,142.18,6.34767e+06,101.35,132.533,88450
2014-08-03,109.92,237.157,142.578,494.508,160.91,6.34747e+06,114.702,88.6015,88450
2014-08-10,124.236,268.017,161.138,657.843,181.896,6.34724e+06,129.661,95.1485,88450
2014-08-17,140.405,302.895,182.115,842.442,205.576,6.34698e+06,146.541,132.279,88450
2014-08-24,158.676,342.306,205.817,1051.07,232.329,6.34669e+06,165.611,98.0057,88450
2014-08-31,179.32,386.836,232.599,1286.85,262.559,6.34636e+06,187.16,155.445,88450
2014-09-07,202.645,437.147,262.86,1553.3,296.715,6.34599e+06,211.507,141.829,88450
2014-09-14,228.998,493.987,297.05,1854.42,335.306,6.34558e+06,239.016,236.304,88450
2014-09-21,258.77,558.198,335.678,2194.69,378.904,6.3451e+06,270.094,276.169,88450
2014-09-28,292.401,630.732,379.316,2579.21,428.157,6.34457e+06,305.204,356.149,88450
2014-07-13,102.073,222.14,137.914,145.101,149.586,6.34784e+06,81.5126,95.1744,88500
2014-07-20,116.865,253.488,152.386,300.755,170.127,6.34763e+06,92.7057,91.9329,88500
2014-07-27,132.92,287.54,172.086,475.14,194.084,6.34738e+06,105.761,83.0065,88500
2014-08-03,150.815,326.052,195.068,672.565,220.408,6.34711e+06,120.105,117.273,88500
2014-08-10,171.038,369.734,221.214,896.422,250.003,6.34679e+06,136.232,132.442,88500
2014-08-17,193.957,419.268,250.864,1150.28,283.512,6.34644e+06,154.492,136.257,88500
2014-08-24,219.94,475.426,284.478,1438.17,321.497,6.34603e+06,175.191,206.383,88500
2014-08-31,249.396,539.09,322.587,1764.62,364.56,6.34557e+06,198.657,201.249,88500
2014-09-07,282.788,611.256,365.788,2134.8,413.379,6.34506e+06,225.259,299.609,88500
2014-09-14,320.638,693.053,414.761,2554.54,468.717,6.34447e+06,255.414,261.437,88500
2014-09-21,363.538,785.758,470.271,3030.47,531.441,6.3438e+06,289.594,251.246,88500
2014-09-28,412.157,890.815,533.185,3570.09,602.531,6.34304e+06,328.332,290.392,88500
2014-07-13,96.6103,209.172,131.094,138.139,142.122,6.34787e+06,86.5979,91.2708,88550
2014-07-20,109.68,236.755,143.914,285.639,160.32,6.34767e+06,97.6861,58.7418,88550
2014-07-27,123.755,266.457,161.272,449.688,181.407,6.34745e+06,110.535,97.2583,88550
2014-08-03,139.315,299.78,181.379,633.967,204.387,6.3472e+06,124.537,149.684,88550
2014-08-10,156.759,337.281,204.08,841.282,230.015,6.34691e+06,140.153,198.611,88550
2014-08-17,176.372,379.475,229.621,1074.54,258.803,6.34659e+06,157.693,192.133,88550
2014-08-24,198.435,426.937,258.351,1336.99,291.18,6.34623e+06,177.422,223.808,88550
2014-08-31,223.251,480.323,290.667,1632.28,327.6,6.34582e+06,199.613,217.588,88550
2014-09-07,251.164,540.366,327.016,1964.49,368.565,6.34537e+06,224.573,192.139,88550
2014-09-14,282.557,607.892,367.9,2338.25,414.638,6.34485e+06,252.647,275.731,88550
2014-09-21,317.861,683.829,413.88,2758.72,466.454,6.34428e+06,284.22,257.073,88550
2014-09-28,357.561,769.216,465.589,3231.74,524.724,6.34363e+06,319.725,427.856,88550
2014-07-13,151.894,329.52,205.769,216.698,223.12,6.34755e+06,86.4324,103.612,88600
2014-07-20,173.004,374.143,226.457,448.495,252.484,6.34723e+06,97.8074,115.569,88600
2014-07-27,195.805,422.35,254.523,707.022,286.593,6.34687e+06,111.021,101.906,88600
2014-08-03,221.089,476.597,287.121,998.302,323.879,6.34647e+06,125.464,97.9713,88600
2014-08-10,249.519,537.823,324.028,1326.98,365.587,6.34601e+06,141.621,180.417,88600
2014-08-17,281.578,606.907,365.674,1697.91,412.574,6.3455e+06,159.823,148.559,88600
2014-08-24,317.743,684.84,412.655,2116.5,465.573,6.34492e+06,180.354,126.407,88600
2014-08-31,358.537,772.745,465.652,2588.86,525.359,6.34426e+06,203.514,181.027,88600
2014-09-07,404.549,871.886,525.432,3121.88,592.794,6.34353e+06,229.637,202.41,88600
2014-09-14,456.441,983.689,592.855,3723.31,668.851,6.34269e+06,259.1,234.506,88600
2014-09-21,514.956,1109.75,668.893,4401.89,754.621,6.34175e+06,292.325,253.625,88600
2014-09-28,580.932,1251.88,754.634,5167.48,851.332,6.3407e+06,329.79,359.061,88600
2014-07-13,94.0568,204.395,127.237,133.927,137.988,6.34789e+06,95.1056,103.201,88650
2014-07-20,107.429,232.702,140.33,277.405,156.571,6.34769e+06,107.914,117.296,88650
2014-07-27,121.911,263.373,158.126,437.816,178.206,6.34747e+06,122.825,79.2983,88650
2014-08-03,138.015,297.984,178.844,619.019,201.922,6.34722e+06,139.171,121.966,88650
2014-08-10,156.174,337.155,202.365,824.024,228.526,6.34693e+06,157.507,169.431,88650
2014-08-17,176.707,381.475,228.977,1055.99,258.58,6.34661e+06,178.221,173.493,88650
2014-08-24,199.935,431.612,259.082,1318.46,292.573,6.34624e+06,201.651,221.451,88650
2014-08-31,226.209,488.325,293.136,1615.43,331.026,6.34583e+06,228.154,219.477,88650
2014-09-07,255.929,552.47,331.657,1951.43,374.522,6.34536e+06,258.133,210.388,88650
2014-09-14,289.543,625.018,375.228,2331.58,423.72,6.34483e+06,292.042,227.94,88650
2014-09-21,327.559,707.062,424.507,2761.66,479.362,6.34423e+06,330.392,330.893,88650
2014-09-28,370.549,799.837,480.239,3248.22,542.288,6.34355e+06,373.762,333.642,88650
2014-07-13,89.0132,194.246,119.994,126.142,130.181,6.34792e+06,97.3505,107.332,88700
2014-07-20,102.37,222.616,133.044,261.795,148.703,6.34773e+06,111.201,107.118,88700
2014-07-27,116.928,253.577,150.86,414.361,170.382,6.34751e+06,127.412,119.999,88700
2014-08-03,133.227,288.744,171.723,587.804,194.306,6.34727e+06,145.303,149.076,88700
2014-08-10,151.725,328.801,195.556,785.292,221.32,6.34699e+06,165.505,188.515,88700
2014-08-17,172.777,374.415,222.696,1010.19,252.037,6.34667e+06,188.475,172.959,88700
2014-08-24,196.745,426.348,253.595,1266.29,287.004,6.34631e+06,214.623,243.531,88700
2014-08-31,224.032,485.471,288.773,1557.93,326.813,6.34589e+06,244.393,265.398,88700
2014-09-07,255.095,552.773,328.821,1890.01,372.133,6.34542e+06,278.283,268.142,88700
2014-09-14,290.455,629.381,374.411,2268.15,423.724,6.34489e+06,316.863,263.748,88700
2014-09-21,330.703,716.575,426.307,2698.7,482.449,6.34428e+06,360.778,382.178,88700
2014-09-28,376.511,815.807,485.375,3188.92,549.288,6.34358e+06,410.761,420.156,88700
2014-07-13,131.179,278.588,180.843,191.642,195.722,6.34767e+06,110.166,57.9651,88750
2014-07-20,144.317,305.885,193.85,392.827,214.192,6.34741e+06,120.562,101.782,88750
2014-07-27,158.056,334.331,211.119,610.644,235.086,6.34714e+06,132.322,70.0546,88750
2014-08-03,172.787,365.302,230.606,848.327,257.17,6.34683e+06,144.752,160.924,88750
2014-08-10,188.814,399.147,251.984,1108.01,281.064,6.3465e+06,158.202,126.411,88750
2014-08-17,206.311,436.126,275.343,1391.77,307.119,6.34614e+06,172.867,236.563,88750
2014-08-24,225.423,476.52,300.858,1701.83,335.574,6.34575e+06,188.884,126.143,88750
2014-08-31,246.299,520.64,328.727,2040.62,366.656,6.34531e+06,206.379,218.01,88750
2014-09-07,269.1,568.826,359.168,2410.78,400.605,6.34484e+06,225.488,101.071,88750
2014-09-14,294.001,621.449,392.415,2815.22,437.683,6.34433e+06,246.358,182.178,88750
2014-09-21,321.195,678.914,428.725,3257.08,478.176,6.34376e+06,269.15,242.383,88750
2014-09-28,350.89,741.662,468.377,3739.83,522.394,6.34315e+06,294.039,265.839,88750
2014-07-13,82.218,181.028,110,115.318,119.437,6.34796e+06,77.1127,43.9453,88800
2014-07-20,95.9618,210.437,123.369,240.356,138.407,6.34778e+06,89.3606,120.221,88800
2014-07-27,111.151,243.024,141.792,382.8,160.867,6.34757e+06,103.862,111.017,88800
2014-08-03,128.403,280.563,163.637,546.969,186.014,6.34733e+06,120.097,115.109,88800
2014-08-10,148.259,323.915,188.933,736.488,214.814,6.34705e+06,138.692,140.998,88800
2014-08-17,171.171,373.966,218.137,955.303,248.02,6.34673e+06,160.13,176.039,88800
2014-08-24,197.619,431.741,251.848,1207.94,286.346,6.34636e+06,184.875,164.905,88800
2014-08-31,228.147,498.427,290.76,1499.61,330.585,6.34593e+06,213.437,249.52,88800
2014-09-07,263.383,575.393,335.674,1836.34,381.647,6.34544e+06,246.405,292.207,88800
2014-09-14,304.048,664.216,387.513,2225.08,440.58,6.34487e+06,284.454,350.421,88800
2014-09-21,350.977,766.713,447.339,2673.85,508.593,6.34421e+06,328.366,361.148,88800
2014-09-28,405.128,884.978,516.378,3191.89,587.077,6.34345e+06,379.038,320.584,88800
2014-07-13,109.82,237.232,149.299,157.429,161.826,6.3478e+06,97.8455,188.561,88850
2014-07-20,124.214,267.555,163.434,325.185,181.891,6.34757e+06,109.977,84.6037,88850
2014-07-27,139.661,300.079,182.527,511.167,205.075,6.34732e+06,123.995,202.567,88850
2014-08-03,156.676,336.44,204.576,719.366,230.249,6.34703e+06,139.216,182.063,88850
2014-08-10,175.683,377.217,229.383,952.782,258.223,6.34671e+06,156.13,118.378,88850
2014-08-17,196.98,422.935,257.197,1214.5,289.534,6.34636e+06,175.062,214.73,88850
2014-08-24,220.853,474.183,288.375,1507.95,324.628,6.34596e+06,196.281,86.6314,88850
2014-08-31,247.611,531.625,323.322,1836.97,363.965,6.34551e+06,220.065,254.511,88850
2014-09-07,277.602,596.003,362.493,2205.85,408.055,6.34501e+06,246.724,74.6077,88850
2014-09-14,311.213,668.151,406.396,2619.42,457.471,6.34444e+06,276.602,319.627,88850
2014-09-21,348.88,748.998,455.598,3083.07,512.85,6.34381e+06,310.087,579.119,88850
2014-09-28,391.087,839.586,510.736,3602.84,574.908,6.34311e+06,347.609,116.144,88850
2014-07-13,89.5234,193.974,121.401,127.897,131.623,6.34792e+06,87.9971,110.692,88900
2014-07-20,101.76,219.815,133.4,264.553,148.654,6.34773e+06,99.3832,100.917,88900
2014-07-27,114.953,247.676,149.658,416.703,168.408,6.34752e+06,112.59,130.293,88900
2014-08-03,129.556,278.973,168.511,587.812,189.962,6.34729e+06,126.999,140.013,88900
2014-08-10,145.946,314.234,189.82,780.531,214.029,6.34702e+06,143.089,131.302,88900
2014-08-17,164.397,353.953,213.823,997.622,241.094,6.34672e+06,161.184,162.028,88900
2014-08-24,185.175,398.685,240.854,1242.16,271.57,6.34638e+06,181.558,236.115,88900
2014-08-31,208.575,449.058,271.296,1517.61,305.891,6.346e+06,204.504,162.716,88900
2014-09-07,234.926,505.781,305.577,1827.87,344.54,6.34558e+06,230.343,203.739,88900
2014-09-14,264.596,569.648,344.18,2177.33,388.061,6.34509e+06,259.439,320.607,88900
2014-09-21,298.004,641.556,387.647,2570.92,437.064,6.34455e+06,292.2,222.878,88900
2014-09-28,335.615,722.509,436.586,3014.22,492.237,6.34394e+06,329.086,473.174,88900
2014-07-13,100.325,218.337,135.551,142.614,147.023,6.34785e+06,85.2669,79.1991,88950
2014-07-20,114.865,249.152,149.777,295.602,167.214,6.34764e+06,96.9767,101.683,88950
2014-07-27,130.646,282.624,169.141,467.001,190.764,6.3474e+06,110.635,122.271,88950
2014-08-03,148.238,320.482,191.732,661.049,216.64,6.34713e+06,125.642,105.27,88950
2014-08-10,168.118,363.423,217.435,881.08,245.733,6.34682e+06,142.514,147.533,88950
2014-08-17,190.648,412.118,246.581,1130.61,278.673,6.34647e+06,161.618,210.684,88950
2014-08-24,216.191,467.326,279.625,1413.58,316.014,6.34607e+06,183.274,159.46,88950
2014-08-31,245.149,529.913,317.088,1734.46,358.349,6.34562e+06,207.827,213.933,88950
2014-09-07,277.976,600.86,359.559,2098.33,406.341,6.34511e+06,235.66,249.637,88950
2014-09-14,315.187,681.278,407.704,2510.93,460.745,6.34453e+06,267.212,260.83,88950
2014-09-21,357.364,772.421,462.277,2978.77,522.411,6.34388e+06,302.976,308.842,88950
2014-09-28,405.165,875.712,524.132,3509.22,592.303,6.34314e+06,343.51,336.205,88950
2014-07-13,120.24,259.599,163.541,172.475,177.254,6.34773e+06,102.338,124.769,89000
2014-07-20,135.877,292.523,178.9,356.173,199.057,6.34749e+06,114.926,127.241,89000
2014-07-27,152.642,327.804,199.635,559.669,224.231,6.34721e+06,129.46,158.774,89000
2014-08-03,171.093,367.212,223.56,787.284,251.541,6.3469e+06,145.228,148.1,89000
2014-08-10,191.686,411.367,250.457,1042.25,281.862,6.34655e+06,162.734,179.116,89000
2014-08-17,214.74,460.83,280.587,1327.89,315.771,6.34617e+06,182.311,169.671,89000
2014-08-24,240.558,516.227,314.331,1647.89,353.742,6.34573e+06,204.234,150.589,89000
2014-08-31,269.473,578.264,352.122,2006.36,396.267,6.34524e+06,228.786,248.239,89000
2014-09-07,301.851,647.731,394.443,2407.93,443.888,6.3447e+06,256.28,238.229,89000
2014-09-14,338.107,725.511,441.835,2857.75,497.214,6.34409e+06,287.068,209.579,89000
2014-09-21,378.699,812.592,494.899,3361.61,556.921,6.3434e+06,321.54,373.837,89000
2014-09-28,424.144,910.074,554.311,3925.97,623.769,6.34264e+06,360.135,453.941,89000
2014-07-13,86.5412,186.788,117.735,124.178,127.604,6.34793e+06,89.8457,85.6004,89050
2014-07-20,97.7487,210.381,128.745,256.401,143.233,6.34776e+06,100.85,82.5214,89050
2014-07-27,109.761,235.652,143.604,402.814,161.273,6.34756e+06,113.552,102.633,89050
2014-08-03,122.975,263.868,160.745,566.509,180.836,6.34734e+06,127.326,115.88,89050
2014-08-10,137.717,295.472,180.006,749.795,202.546,6.34709e+06,142.613,182.248,89050
2014-08-17,154.216,330.863,201.575,955.043,226.817,6.34681e+06,159.702,150.516,89050
2014-08-24,172.686,370.486,225.723,1184.88,253.986,6.3465e+06,178.832,197.168,89050
2014-08-31,193.364,414.844,252.757,1442.25,284.403,6.34615e+06,200.248,219.346,89050
2014-09-07,216.513,464.5,283.022,1730.44,318.455,6.34576e+06,224.224,237.327,89050
2014-09-14,242.427,520.084,316.903,2053.13,356.574,6.34532e+06,251.064,189.607,89050
2014-09-21,271.432,582.298,354.829,2414.45,399.244,6.34483e+06,281.108,364.803,89050
2014-09-28,303.897,651.93,397.281,2819.01,447.005,6.34428e+06,314.736,353.218,89050
2014-07-13,114.736,249.028,155.37,163.599,168.478,6.34777e+06,86.167,82.4826,89100
2014-07-20,130.785,282.966,171.093,338.672,190.796,6.34753e+06,97.581,109.956,89100
2014-07-27,148.132,319.662,192.436,534.065,216.737,6.34726e+06,110.848,125.168,89100
2014-08-03,167.385,360.99,217.243,754.376,245.117,6.34695e+06,125.363,126.872,89100
2014-08-10,189.051,407.672,245.35,1003.16,276.89,6.3466e+06,141.613,114.002,89100
2014-08-17,213.503,460.391,277.093,1284.13,312.713,6.34621e+06,159.935,167.998,89100
2014-08-24,241.11,519.912,312.932,1601.44,353.154,6.34577e+06,180.618,165.007,89100
2014-08-31,272.278,587.109,353.394,1959.79,398.812,6.34528e+06,203.969,218.172,89100
2014-09-07,307.464,662.963,399.074,2364.47,450.358,6.34472e+06,230.332,209.085,89100
2014-09-14,347.182,748.584,450.641,2821.45,508.545,6.34408e+06,260.092,281.229,89100
2014-09-21,392.012,845.219,508.85,3337.47,574.225,6.34337e+06,293.683,271.212,89100
2014-09-28,442.606,954.274,574.549,3920.12,648.354,6.34256e+06,331.596,305.915,89100
2014-07-13,78.7053,173.248,105.324,110.426,114.357,6.34798e+06,83.5628,79.4191,89150
2014-07-20,91.8212,201.306,118.084,230.129,132.464,6.34781e+06,96.7932,108.766,89150
2014-07-27,106.311,232.384,135.663,366.443,153.893,6.34761e+06,112.452,112.868,89150
2014-08-03,122.761,268.169,156.499,523.482,177.875,6.34738e+06,129.976,102.778,89150
2014-08-10,141.685,309.477,180.616,704.696,205.331,6.34711e+06,150.039,138.377,89150
2014-08-17,163.515,357.151,208.45,913.836,236.973,6.34681e+06,173.16,151.751,89150
2014-08-24,188.702,412.16,240.564,1155.2,273.479,6.34645e+06,199.836,179.095,89150
2014-08-31,217.764,475.628,277.619,1433.75,315.601,6.34605e+06,230.615,292.688,89150
2014-09-07,251.293,548.85,320.373,1755.19,364.201,6.34557e+06,266.127,299.768,89150
2014-09-14,289.974,633.319,369.698,2126.14,420.269,6.34503e+06,307.097,215.997,89150
2014-09-21,334.595,730.755,426.601,2554.18,484.951,6.3444e+06,354.361,373.142,89150
2014-09-28,386.064,843.136,492.242,3048.11,559.561,6.34368e+06,408.88,543.425,89150
2014-07-13,134.514,291.491,182.395,192.147,197.755,6.34765e+06,90.9814,56.397,89200
2014-07-20,152.929,330.381,200.45,397.475,223.383,6.34737e+06,102.772,114.898,89200
2014-07-27,172.785,372.316,224.918,626.119,253.112,6.34705e+06,116.45,124.649,89200
2014-08-03,194.765,419.426,253.294,883.297,285.553,6.3467e+06,131.375,155.879,89200
2014-08-10,219.437,472.507,285.368,1173,321.78,6.3463e+06,148.042,122.748,89200
2014-08-17,247.213,532.302,321.5,1499.39,362.522,6.34585e+06,166.786,170.432,89200
2014-08-24,278.495,599.645,362.193,1867.1,408.402,6.34534e+06,187.894,177.598,89200
2014-08-31,313.723,675.481,408.022,2281.34,460.071,6.34477e+06,211.666,150.689,89200
2014-09-07,353.392,760.873,459.631,2747.99,518.257,6.34413e+06,238.435,274.016,89200
2014-09-14,398.058,857.015,517.745,3273.65,583.774,6.3434e+06,268.578,214.314,89200
2014-09-21,448.345,965.249,583.177,3865.76,657.541,6.34259e+06,302.516,303.417,89200
2014-09-28,504.953,1087.08,656.843,4532.68,740.586,6.34167e+06,340.722,325.932,89200
2014-07-13,104.383,229.439,139.857,146.696,151.831,6.34783e+06,75.7763,62.0512,89250
2014-07-20,121.487,265.986,156.509,305.506,175.462,6.3476e+06,87.5699,81.7111,89250
2014-07-27,140.34,306.365,179.415,485.977,203.377,6.34734e+06,101.502,96.2538,89250
2014-08-03,161.694,352.752,206.51,693.425,234.543,6.34704e+06,117.056,135.332,89250
2014-08-10,186.203,406.177,237.802,932.274,270.141,6.34669e+06,134.822,141.056,89250
2014-08-17,214.408,467.693,273.833,1207.32,311.071,6.34629e+06,155.25,175.462,89250
2014-08-24,246.878,538.51,315.311,1524.02,358.186,6.34583e+06,178.764,186.436,89250
2014-08-31,284.255,620.026,363.059,1888.7,412.422,6.34529e+06,205.832,235.155,89250
2014-09-07,327.277,713.849,418.023,2308.58,474.852,6.34468e+06,236.99,263.993,89250
2014-09-14,376.793,821.828,481.286,2792.03,546.709,6.34398e+06,272.853,291.517,89250
2014-09-21,433.778,946.084,554.097,3348.63,629.407,6.34317e+06,314.126,222.207,89250
2014-09-28,499.348,1089.05,637.887,3989.41,724.572,6.34223e+06,361.621,381.003,89250
2014-07-13,104.36,224.795,142.213,150.085,154.106,6.34783e+06,87.4869,87.6376,89300
2014-07-20,117.488,252.385,155.122,309.608,172.432,6.34762e+06,97.8905,120.859,89300
2014-07-27,131.515,281.835,172.509,485.752,193.531,6.34738e+06,109.868,117.945,89300
2014-08-03,146.895,314.614,192.508,682.089,216.337,6.34711e+06,122.815,53.353,89300
2014-08-10,164,351.214,214.914,901.249,241.566,6.34682e+06,137.138,174.845,89300
2014-08-17,183.083,392.072,239.928,1145.92,269.682,6.34649e+06,153.1,176.635,89300
2014-08-24,204.38,437.673,267.844,1419.06,301.057,6.34612e+06,170.912,229.331,89300
2014-08-31,228.149,488.565,299,1723.98,336.073,6.34571e+06,190.791,176.203,89300
2014-09-07,254.674,545.357,333.771,2064.36,375.152,6.34525e+06,212.976,219.409,89300
2014-09-14,284.274,608.728,372.574,2444.31,418.761,6.34474e+06,237.733,115.588,89300
2014-09-21,317.301,679.435,415.874,2868.44,467.423,6.34417e+06,265.358,284.353,89300
2014-09-28,354.151,758.321,464.188,3341.84,521.718,6.34353e+06,296.182,378.447,89300
2014-07-13,79.6266,175.44,106.472,111.597,115.614,6.34798e+06,75.1323,78.4893,89350
2014-07-20,93.04,204.157,119.516,232.676,134.122,6.3478e+06,87.1596,108.93,89350
2014-07-27,107.88,236.015,137.503,370.742,156.053,6.3476e+06,101.412,103.907,89350
2014-08-03,124.753,272.752,158.851,530.028,180.634,6.34736e+06,117.386,126.185,89350
2014-08-10,144.193,315.222,183.595,714.101,208.818,6.34709e+06,135.701,117.118,89350
2014-08-17,166.649,364.306,212.194,926.848,241.345,6.34678e+06,156.839,116.115,89350
2014-08-24,192.597,421.024,245.239,1172.73,278.927,6.34642e+06,181.262,39.7036,89350
2014-08-31,222.579,486.558,283.423,1456.9,322.353,6.346e+06,209.482,214.809,89350
2014-09-07,257.22,562.272,327.542,1785.31,372.529,6.34552e+06,242.089,181.216,89350
2014-09-14,297.242,649.742,378.516,2164.83,430.499,6.34496e+06,279.761,334.746,89350
2014-09-21,343.475,750.783,437.407,2603.41,497.471,6.34431e+06,323.283,317.183,89350
2014-09-28,396.88,867.491,505.437,3110.22,574.834,6.34357e+06,373.558,317.772,89350
2014-07-13,123.994,270.123,167.388,176.056,181.571,6.34771e+06,92.4082,68.2393,89400
2014-07-20,142.202,308.742,185.193,365.093,206.842,6.34745e+06,105.27,113.096,89400
2014-07-27,161.995,350.763,209.456,577.185,236.355,6.34715e+06,120.29,114.482,89400
2014-08-03,184.092,398.363,237.8,817.675,268.834,6.34681e+06,136.819,153.557,89400
2014-08-10,209.102,452.435,270.096,1090.79,305.409,6.34643e+06,155.434,108.649,89400
2014-08-17,237.49,513.844,306.774,1400.99,346.882,6.34599e+06,176.541,198.668,89400
2014-08-24,269.721,583.569,348.419,1753.31,393.967,6.34549e+06,200.504,226.081,89400
2014-08-31,306.315,662.729,395.703,2153.46,447.426,6.34493e+06,227.711,256.808,89400
2014-09-07,347.86,752.593,449.386,2607.89,508.12,6.34429e+06,258.601,279.852,89400
2014-09-14,395.02,854.597,510.33,3123.97,577.021,6.34357e+06,293.667,254.976,89400
2014-09-21,448.549,970.368,579.51,3710.02,655.231,6.34274e+06,333.471,339.312,89400
2014-09-28,509.299,1101.75,658.031,4375.5,743.997,6.34181e+06,378.647,372.481,89400
2014-07-13,84.0129,184.362,112.721,118.293,122.353,6.34795e+06,79.746,73.0817,89450
2014-07-20,97.515,213.174,125.877,246.16,141.023,6.34777e+06,91.9141,75.0076,89450
2014-07-27,112.36,244.918,143.942,391.126,163.031,6.34756e+06,106.258,113.715,89450
2014-08-03,129.13,281.293,165.263,557.344,187.539,6.34732e+06,122.232,137.525,89450
2014-08-10,148.33,323.083,189.826,748.24,215.459,6.34704e+06,140.429,120.042,89450
2014-08-17,170.37,371.084,218.039,967.51,247.483,6.34672e+06,161.301,171.929,89450
2014-08-24,195.681,426.206,250.437,1219.36,284.253,6.34636e+06,185.267,184.858,89450
2014-08-31,224.745,489.502,287.642,1508.64,326.477,6.34594e+06,212.787,235.781,89450
2014-09-07,258.119,562.179,330.363,1840.88,374.963,6.34546e+06,244.389,198.03,89450
2014-09-14,296.437,645.62,379.417,2222.46,430.635,6.34491e+06,280.674,329.821,89450
2014-09-21,340.429,741.411,435.738,2660.69,494.553,6.34427e+06,322.333,305.222,89450
2014-09-28,390.93,851.37,500.397,3163.96,567.931,6.34354e+06,370.159,338.122,89450
2014-07-13,93.9322,206.043,126.074,132.325,136.843,6.34789e+06,82.0475,17.3779,89500
2014-07-20,108.952,238.082,140.713,275.302,157.616,6.34769e+06,94.5025,100.322,89500
2014-07-27,125.455,273.356,160.804,437.301,182.091,6.34745e+06,109.177,149.654,89500
2014-08-03,144.085,313.749,184.502,622.93,209.326,6.34718e+06,125.506,88.2209,89500
2014-08-10,165.4,360.124,211.786,835.978,240.332,6.34688e+06,144.097,130.937,89500
2014-08-17,189.852,413.354,243.103,1080.53,275.87,6.34652e+06,165.405,153.625,89500
2014-08-24,217.912,474.441,279.041,1361.24,316.649,6.34612e+06,189.854,261.697,89500
2014-08-31,250.112,544.537,320.282,1683.45,363.444,6.34565e+06,217.912,167.466,89500
2014-09-07,287.06,624.965,367.607,2053.26,417.142,6.34512e+06,250.107,168.955,89500
2014-09-14,329.452,717.24,421.908,2477.72,478.755,6.3445e+06,287.048,279.165,89500
2014-09-21,378.087,823.096,484.21,2964.86,549.443,6.3438e+06,329.431,297.287,89500
2014-09-28,433.878,944.521,555.684,3523.92,630.537,6.34299e+06,378.053,328.873,89500
2014-07-13,154.773,336.156,209.467,220.516,227.154,6.34753e+06,81.6845,99.7105,89550
2014-07-20,176.62,382.379,230.864,456.642,257.523,6.3472e+06,92.6054,101.974,89550
2014-07-27,200.257,432.412,259.927,720.432,292.853,6.34684e+06,105.31,98.8664,89550
2014-08-03,226.518,488.816,293.736,1018.17,331.544,6.34642e+06,119.223,108.529,89550
2014-08-10,256.099,552.589,332.082,1354.72,374.903,6.34595e+06,134.815,127.627,89550
2014-08-17,289.515,624.674,375.428,1735.21,423.837,6.34543e+06,152.412,133.027,89550
2014-08-24,327.278,706.136,424.412,2165.36,479.13,6.34483e+06,172.295,186.778,89550
2014-08-31,369.95,798.183,479.766,2651.62,541.613,6.34415e+06,194.764,137.227,89550
2014-09-07,418.164,902.178,542.315,3201.28,612.215,6.34339e+06,220.153,217.752,89550
2014-09-14,472.635,1019.66,612.986,3822.6,691.983,6.34252e+06,248.837,257.783,89550
2014-09-21,534.166,1152.36,692.826,4524.85,782.096,6.34155e+06,281.242,306.125,89550
2014-09-28,603.663,1302.22,783.012,5318.55,883.882,6.34044e+06,317.844,367.121,89550
2014-07-13,110.205,243.542,146.984,153.914,159.649,6.3478e+06,71.596,78.497,89600
2014-07-20,129.412,284.764,165.633,321.375,186.109,6.34755e+06,83.4621,74.7192,89600
2014-07-27,150.76,330.726,191.431,513.16,217.584,6.34726e+06,97.5776,94.8641,89600
2014-08-03,175.149,383.977,222.179,735.445,253.033,6.34693e+06,113.475,107.323,89600
2014-08-10,203.38,445.819,257.98,993.512,293.868,6.34655e+06,131.788,161.244,89600
2014-08-17,236.14,517.617,299.545,1293.16,341.216,6.3461e+06,153.021,157.737,89600
2014-08-24,274.166,600.959,347.794,1641.08,396.17,6.34559e+06,177.666,161.336,89600
2014-08-31,318.304,697.689,403.798,2045.04,459.959,6.34499e+06,206.273,205.42,89600
2014-09-07,369.531,809.948,468.8,2514.03,533.994,6.34429e+06,239.475,219.928,89600
2014-09-14,428.977,940.212,544.24,3058.51,619.916,6.34348e+06,278.007,436.403,89600
2014-09-21,497.956,1091.35,631.784,3690.58,719.62,6.34254e+06,322.72,222.917,89600
2014-09-28,577.983,1266.69,733.362,4424.31,835.302,6.34145e+06,374.599,372.902,89600
2014-07-13,115.929,253.201,156.165,164.124,169.437,6.34776e+06,82.3601,76.8322,89650
2014-07-20,133.514,290.577,173.34,340.76,193.811,6.34751e+06,94.2081,79.6097,89650
2014-07-27,152.706,331.425,196.805,539.665,222.37,6.34723e+06,108.09,98.1912,89650
2014-08-03,174.22,377.882,224.316,766.083,253.929,6.34691e+06,123.43,136.026,89650
2014-08-10,198.669,430.864,255.784,1024.23,289.612,6.34654e+06,140.775,149.782,89650
2014-08-17,226.529,491.273,291.663,1318.59,330.236,6.34612e+06,160.522,175.377,89650
2014-08-24,258.286,560.135,332.562,1654.23,376.539,6.34564e+06,183.029,169.457,89650
2014-08-31,294.486,638.625,379.182,2036.92,429.32,6.3451e+06,208.684,210.051,89650
2014-09-07,335.745,728.08,432.322,2473.27,489.48,6.34448e+06,237.927,225.777,89650
2014-09-14,382.766,830.024,492.888,2970.74,558.045,6.34377e+06,271.255,282.778,89650
2014-09-21,436.349,946.186,561.911,3537.9,636.183,6.34297e+06,309.236,281.979,89650
2014-09-28,497.403,1078.53,640.565,4184.47,725.219,6.34205e+06,352.515,333.826,89650
2014-07-13,93.1723,201.326,126.638,133.524,137.267,6.3479e+06,91.7323,121.061,89700
2014-07-20,105.432,227.158,138.675,275.841,154.354,6.3477e+06,103.151,91.8567,89700
2014-07-27,118.594,254.879,154.94,433.681,174.104,6.34749e+06,116.35,163.785,89700
2014-08-03,133.099,285.885,173.729,610.451,195.56,6.34725e+06,130.688,130.021,89700
2014-08-10,149.31,320.672,194.879,808.714,219.413,6.34698e+06,146.628,112.311,89700
2014-08-17,167.482,359.693,218.603,1031.11,246.124,6.34667e+06,164.479,153.282,89700
2014-08-24,187.862,403.455,245.208,1280.59,276.076,6.34633e+06,184.494,137.351,89700
2014-08-31,210.715,452.529,275.044,1560.41,309.665,6.34595e+06,206.941,199.459,89700
2014-09-07,236.342,507.556,308.502,1874.29,347.331,6.34552e+06,232.113,237.383,89700
2014-09-14,265.078,569.256,346.02,2226.34,389.567,6.34504e+06,260.338,241.941,89700
2014-09-21,297.296,638.431,388.088,2621.19,436.925,6.3445e+06,291.986,233.147,89700
2014-09-28,333.417,715.981,435.254,3064.05,490.02,6.3439e+06,327.468,330.488,89700
2014-07-13,81.1961,179.151,108.44,113.61,117.767,6.34797e+06,74.435,69.4506,89750
2014-07-20,95.0964,208.945,121.948,237.035,136.932,6.34779e+06,86.5486,96.8953,89750
2014-07-27,110.509,242.078,140.602,378.064,159.684,6.34758e+06,100.929,51.7586,89750
2014-08-03,128.073,280.371,162.787,541.124,185.244,6.34734e+06,117.084,139.422,89750
2014-08-10,148.354,324.736,188.557,729.969,214.615,6.34706e+06,135.648,106.237,89750
2014-08-17,171.833,376.122,218.405,948.709,248.588,6.34673e+06,157.121,134.731,89750
2014-08-24,199.022,435.629,252.969,1202.07,287.926,6.34636e+06,181.985,68.1084,89750
2014-08-31,230.507,504.536,292.995,1495.52,333.48,6.34593e+06,210.778,283.438,89750
2014-09-07,266.964,584.32,339.344,1835.41,386.23,6.34542e+06,244.118,340.682,89750
2014-09-14,309.175,676.693,393.011,2229.05,447.307,6.34484e+06,282.722,387.506,89750
2014-09-21,358.043,783.629,455.147,2684.93,518.02,6.34417e+06,327.417,493.268,89750
2014-09-28,414.614,907.412,527.083,3212.88,599.883,6.34339e+06,379.159,131.24,89750
2014-07-13,114.962,251.672,154.559,162.32,167.73,6.34777e+06,88.5046,63.0863,89800
2014-07-20,132.908,289.891,172.067,337.388,192.576,6.34752e+06,101.615,110.299,89800
2014-07-27,152.565,331.824,196.046,535.183,221.774,6.34723e+06,117.022,123.197,89800
2014-08-03,174.684,379.691,224.25,761.14,254.161,6.34691e+06,134.111,154.959,89800
2014-08-10,199.911,434.477,256.624,1019.68,290.915,6.34654e+06,153.504,106.864,89800
2014-08-17,228.761,497.165,293.668,1315.54,332.909,6.34611e+06,175.663,160.563,89800
2014-08-24,261.765,568.882,336.047,1654.11,380.945,6.34563e+06,201.01,219.448,89800
2014-08-31,299.52,650.917,384.527,2041.53,435.897,6.34507e+06,230.006,262.931,89800
2014-09-07,342.705,744.748,439.985,2484.83,498.757,6.34444e+06,263.174,312.133,89800
2014-09-14,392.099,852.061,503.418,2992.05,570.655,6.34371e+06,301.112,346.457,89800
2014-09-21,448.586,974.776,575.968,3572.38,652.884,6.34288e+06,344.501,376.845,89800
2014-09-28,513.177,1115.09,658.935,4236.33,746.916,6.34193e+06,394.118,346.218,89800
2014-07-13,117.264,258.192,156.888,164.473,170.348,6.34775e+06,79.7646,100.93,89850
2014-07-20,136.865,300.134,175.955,342.81,197.404,6.34749e+06,92.4335,108.756,89850
2014-07-27,158.527,346.606,202.23,545.97,229.435,6.3472e+06,107.432,104.992,89850
2014-08-03,183.129,400.135,233.383,780.113,265.296,6.34685e+06,124.224,109.686,89850
2014-08-10,211.442,461.948,269.455,1050.41,306.365,6.34646e+06,143.454,147.726,89850
2014-08-17,244.11,533.306,311.097,1362.48,353.712,6.346e+06,165.624,176.734,89850
2014-08-24,281.815,615.666,359.16,1722.77,408.353,6.34547e+06,191.209,208.461,89850
2014-08-31,325.331,710.713,414.632,2138.71,471.416,6.34486e+06,220.739,212.781,89850
2014-09-07,375.548,820.392,478.652,2618.89,544.196,6.34416e+06,254.817,285.07,89850
2014-09-14,433.492,946.941,552.529,3173.19,628.179,6.34334e+06,294.142,301.994,89850
2014-09-21,500.346,1092.93,637.772,3813.03,725.08,6.34241e+06,339.515,335.162,89850
2014-09-28,577.467,1261.34,736.118,4551.55,836.872,6.34132e+06,391.861,375.595,89850
2014-07-13,117.501,252.208,160.587,169.652,173.962,6.34775e+06,101.705,113.594,89900
2014-07-20,131.522,281.59,174.397,349.41,193.569,6.34751e+06,113.168,141.557,89900
2014-07-27,146.422,312.765,192.931,546.92,216.043,6.34725e+06,126.308,126.094,89900
2014-08-03,162.668,347.272,214.148,765.903,240.199,6.34696e+06,140.43,154.186,89900
2014-08-10,180.637,385.595,237.792,1009.03,266.774,6.34664e+06,155.967,170.116,89900
2014-08-17,200.575,428.146,264.046,1279.01,296.229,6.34628e+06,173.188,256.023,89900
2014-08-24,222.707,475.381,293.189,1578.78,328.92,6.34588e+06,192.3,207.869,89900
2014-08-31,247.274,527.812,325.54,1911.64,365.209,6.34544e+06,213.516,231.979,89900
2014-09-07,274.543,586.004,361.448,2281.22,405.489,6.34495e+06,237.066,269.99,89900
2014-09-14,304.807,650.587,401.305,2691.56,450.196,6.3444e+06,263.203,268.717,89900
2014-09-21,338.394,722.258,445.539,3147.14,499.814,6.3438e+06,292.212,258.37,89900
2014-09-28,375.665,801.785,494.629,3652.93,554.876,6.34312e+06,324.404,308.31,89900
2014-07-13,120.003,265.195,160.051,167.598,173.842,6.34774e+06,75.2204,74.4479,89950
2014-07-20,140.918,310.082,180.358,349.946,202.655,6.34747e+06,87.6876,66.0579,89950
2014-07-27,164.164,360.132,208.452,558.783,236.93,6.34716e+06,102.518,95.0923,89950
2014-08-03,190.722,418.117,241.933,800.831,275.53,6.3468e+06,119.22,109.239,89950
2014-08-10,221.462,485.455,280.917,1081.84,319.996,6.34638e+06,138.46,119.634,89950
2014-08-17,257.133,563.633,326.177,1408.14,371.552,6.34589e+06,160.768,183.932,89950
2014-08-24,298.538,654.377,378.713,1786.99,431.389,6.34533e+06,186.659,186.957,89950
2014-08-31,346.596,759.695,439.692,2226.85,500.843,6.34468e+06,216.712,208.813,89950
2014-09-07,402.368,881.913,510.466,2737.53,581.452,6.34392e+06,251.59,245.802,89950
2014-09-14,467.088,1023.73,592.601,3330.39,674.997,6.34304e+06,292.067,317.411,89950
2014-09-21,542.18,1188.26,687.908,4018.63,783.541,6.34201e+06,339.033,331.637,89950
2014-09-28,629.294,1379.11,798.487,4817.52,909.472,6.34083e+06,393.522,403.461,89950
2014-07-13,140.887,300.557,193.514,204.803,209.518,6.34761e+06,99.5516,139.263,90000
2014-07-20,156.135,332.355,208.579,420.646,230.908,6.34733e+06,109.715,76.6574,90000
2014-07-27,172.19,365.745,228.67,655.795,255.24,6.34703e+06,121.276,126.066,90000
2014-08-03,189.527,402.351,251.479,914.125,281.14,6.34669e+06,133.582,94.9316,90000
2014-08-10,208.52,442.628,276.668,1198.3,309.36,6.34632e+06,146.991,121.514,90000
2014-08-17,229.398,486.934,304.379,1510.93,340.345,6.34592e+06,161.714,170.678,90000
2014-08-24,252.358,535.66,334.853,1854.87,374.416,6.34547e+06,177.902,191.896,90000
2014-08-31,277.607,589.243,368.366,2233.24,411.884,6.34498e+06,195.705,221.406,90000
2014-09-07,305.371,648.16,405.22,2649.47,453.086,6.34444e+06,215.282,209.051,90000
2014-09-14,335.899,712.94,445.744,3107.34,498.391,6.34385e+06,236.808,223.583,90000
2014-09-21,369.463,784.157,490.302,3610.99,548.203,6.3432e+06,260.477,170.164,90000
2014-09-28,406.362,862.445,539.29,4164.97,602.967,6.34248e+06,286.497,241.299,90000
2014-07-13,82.3698,180.531,110.633,116.147,120.073,6.34796e+06,83.5533,68.5243,90050
2014-07-20,95.4112,208.331,123.348,241.549,138.117,6.34778e+06,96.1093,71.7194,90050
2014-07-27,109.722,238.895,140.784,383.466,159.354,6.34758e+06,110.887,105.52,90050
2014-08-03,125.856,273.85,161.328,545.879,182.956,6.34734e+06,127.31,147.305,90050
2014-08-10,144.292,313.932,184.95,732.046,209.791,6.34707e+06,145.983,181.167,90050
2014-08-17,165.415,359.882,212.032,945.475,240.509,6.34677e+06,167.359,185.217,90050
2014-08-24,189.625,412.549,243.071,1190.15,275.714,6.34641e+06,191.856,194.031,90050
2014-08-31,217.373,472.91,278.646,1470.64,316.064,6.34601e+06,219.934,149.747,90050
2014-09-07,249.174,542.084,319.418,1792.17,362.308,6.34555e+06,252.113,245.521,90050
2014-09-14,285.617,621.353,366.145,2160.75,415.305,6.34502e+06,288.991,259.635,90050
2014-09-21,327.377,712.182,419.693,2583.24,476.036,6.34441e+06,331.251,331.761,90050
2014-09-28,375.224,816.246,481.05,3067.51,545.624,6.34371e+06,379.674,371.685,90050
2014-07-13,81.9188,179.17,110.22,115.787,119.602,6.34796e+06,82.0151,90.6054,90100
2014-07-20,94.5641,206.08,122.561,240.563,137.117,6.34779e+06,94.0256,88.6695,90100
2014-07-27,108.396,235.561,139.449,381.351,157.676,6.34759e+06,108.124,143.528,90100
2014-08-03,123.937,269.167,159.288,541.961,180.449,6.34736e+06,123.739,129.644,90100
2014-08-10,141.639,307.579,182.03,725.475,206.256,6.34709e+06,141.436,110.654,90100
2014-08-17,161.856,351.475,208.017,935.19,235.703,6.34679e+06,161.629,176.069,90100
2014-08-24,184.954,401.627,237.708,1174.84,269.342,6.34645e+06,184.697,249.121,90100
2014-08-31,211.343,458.923,271.63,1448.7,307.775,6.34606e+06,211.051,223.178,90100
2014-09-07,241.49,524.376,310.384,1761.62,351.683,6.34561e+06,241.16,255.247,90100
2014-09-14,275.927,599.141,354.656,2119.19,401.841,6.3451e+06,275.555,298.225,90100
2014-09-21,315.263,684.538,405.228,2527.76,459.137,6.34452e+06,314.845,399.285,90100
2014-09-28,360.191,782.068,462.993,2994.57,524.58,6.34385e+06,359.721,341.998,90100
2014-07-13,95.0422,210.23,126.659,132.592,137.585,6.34789e+06,73.3785,88.6081,90150
2014-07-20,111.78,246.181,142.903,276.981,160.632,6.34767e+06,85.6703,72.6417,90150
2014-07-27,130.411,286.333,165.398,442.568,188.082,6.34743e+06,100.31,93.1479,90150
2014-08-03,151.73,332.921,192.243,634.767,219.044,6.34714e+06,116.823,95.1536,90150
2014-08-10,176.444,387.106,223.546,858.23,254.766,6.3468e+06,135.875,165.839,90150
2014-08-17,205.166,450.109,259.944,1118.08,296.247,6.34642e+06,157.998,198.295,90150
2014-08-24,238.555,523.351,302.257,1420.23,344.464,6.34597e+06,183.714,195.303,90150
2014-08-31,277.368,608.489,351.445,1771.56,400.517,6.34544e+06,213.608,192.096,90150
2014-09-07,322.484,707.444,408.622,2180.05,465.672,6.34483e+06,248.358,253.456,90150
2014-09-14,374.92,822.45,475.082,2655,541.403,6.34412e+06,288.748,362.287,90150
2014-09-21,435.857,956.093,552.323,3207.18,629.418,6.3433e+06,335.689,443.208,90150
2014-09-28,506.666,1111.37,642.086,3849.11,731.697,6.34234e+06,390.237,440.887,90150
2014-07-13,95.6351,210.588,127.941,134.124,138.919,6.34788e+06,74.0567,54.5462,90200
2014-07-20,111.637,244.831,143.506,279.564,161.006,6.34767e+06,85.8309,60.9755,90200
2014-07-27,129.325,282.779,164.958,445.27,187.157,6.34743e+06,99.7722,101.874,90200
2014-08-03,149.416,326.499,190.396,636.273,216.441,6.34715e+06,115.383,139.3,90200
2014-08-10,172.542,376.993,219.855,856.797,249.983,6.34682e+06,133.264,119.606,90200
2014-08-17,199.23,435.296,253.87,1111.44,288.659,6.34645e+06,153.882,123.373,90200
2014-08-24,230.039,502.602,293.137,1405.48,333.303,6.34602e+06,177.681,197.937,90200
2014-08-31,265.604,580.295,338.466,1744.99,384.839,6.34552e+06,205.155,194.202,90200
2014-09-07,306.656,669.969,390.791,2136.99,444.329,6.34495e+06,236.868,241.69,90200
2014-09-14,354.037,773.462,451.188,2589.59,512.993,6.34428e+06,273.472,245.751,90200
2014-09-21,408.718,892.893,520.894,3112.12,592.239,6.34352e+06,315.718,370.927,90200
2014-09-28,471.815,1030.7,601.338,3715.36,683.689,6.34263e+06,364.469,437.506,90200
2014-07-13,101.72,220.613,137.83,145.163,149.449,6.34784e+06,88.9087,81.7504,90250
2014-07-20,115.806,250.384,151.636,300.402,169.045,6.34763e+06,100.567,114.678,90250
2014-07-27,131.016,282.533,170.361,473.477,191.801,6.34739e+06,114.105,111.961,90250
2014-08-03,147.876,318.7,192.104,668.402,216.668,6.34712e+06,128.898,124.478,90250
2014-08-10,166.828,359.507,216.714,888.269,244.476,6.34682e+06,145.442,149.171,90250
2014-08-17,188.193,405.54,244.475,1136.3,275.794,6.34648e+06,164.073,164.682,90250
2014-08-24,212.288,457.457,275.784,1416.1,311.11,6.34609e+06,185.083,160.139,90250
2014-08-31,239.462,516.004,311.093,1731.73,350.938,6.34565e+06,208.777,193.103,90250
2014-09-07,270.105,582.023,350.911,2087.77,395.853,6.34516e+06,235.498,215.635,90250
2014-09-14,304.659,656.463,395.814,2489.37,446.501,6.3446e+06,265.629,274.184,90250
2014-09-21,343.618,740.39,446.445,2942.34,503.609,6.34398e+06,299.603,307.112,90250
2014-09-28,387.541,835.006,503.531,3453.26,567.997,6.34327e+06,337.908,363.071,90250
2014-07-13,88.9366,195.858,118.97,124.715,129.179,6.34792e+06,74.7786,74.5897,90300
2014-07-20,103.835,227.743,133.461,259.965,149.742,6.34772e+06,86.6819,113.537,90300
2014-07-27,120.306,263.085,153.435,414.084,174.092,6.3475e+06,100.778,118.34,90300
2014-08-03,139.019,303.808,177.124,591.758,201.364,6.34724e+06,116.565,106.643,90300
2014-08-10,160.561,350.85,204.562,796.927,232.607,6.34694e+06,134.651,152.096,90300
2014-08-17,185.427,405.177,236.249,1033.88,268.639,6.34659e+06,155.509,175.097,90300
2014-08-24,214.137,467.904,272.836,1307.53,310.237,6.34619e+06,179.589,146.307,90300
2014-08-31,247.285,540.324,315.078,1623.55,358.267,6.34572e+06,207.392,228.772,90300
2014-09-07,285.554,623.929,363.849,1988.5,413.718,6.34519e+06,239.492,267.374,90300
2014-09-14,329.732,720.438,420.154,2409.93,477.734,6.34457e+06,276.549,262.267,90300
2014-09-21,380.726,831.83,485.15,2896.57,551.631,6.34386e+06,319.326,274.507,90300
2014-09-28,439.582,960.388,560.173,3458.47,636.924,6.34303e+06,368.701,307.619,90300
2014-07-13,126.441,273.849,171.525,180.725,185.96,6.3477e+06,91.5914,96.9476,90350
2014-07-20,143.624,310.123,188.377,373.753,209.881,6.34743e+06,103.373,138.995,90350
2014-07-27,162.137,349.201,211.202,588.54,237.611,6.34714e+06,117.031,111.273,90350
2014-08-03,182.613,393.066,237.653,829.933,267.845,6.34681e+06,131.922,143.199,90350
2014-08-10,205.579,442.451,267.528,1101.64,301.578,6.34643e+06,148.537,187.826,90350
2014-08-17,231.412,498.039,301.156,1407.49,339.487,6.34601e+06,167.208,203.041,90350
2014-08-24,260.483,560.594,338.999,1751.79,382.141,6.34554e+06,188.217,247.378,90350
2014-08-31,293.196,630.982,381.584,2139.35,430.14,6.345e+06,211.858,282.738,90350
2014-09-07,330.004,710.178,429.502,2575.58,484.149,6.3444e+06,238.459,240.121,90350
2014-09-14,371.416,799.275,483.417,3066.58,544.917,6.34373e+06,268.39,229.238,90350
2014-09-21,418.004,899.501,544.076,3619.21,613.283,6.34297e+06,302.062,328.011,90350
2014-09-28,470.408,1012.23,612.314,4241.16,690.189,6.34211e+06,339.941,258.451,90350
2014-07-13,101.055,221.112,135.922,142.77,147.498,6.34785e+06,84.9652,113.677,90400
2014-07-20,116.73,254.48,151.218,296.679,169.205,6.34763e+06,97.4695,127.369,90400
2014-07-27,133.886,291.059,172.156,470.438,194.698,6.34738e+06,112.154,152.761,90400
2014-08-03,153.174,332.781,196.767,668.779,222.951,6.3471e+06,128.43,102.919,90400
2014-08-10,175.156,380.497,224.994,895.541,254.989,6.34677e+06,146.885,126.917,90400
2014-08-17,200.275,435.054,257.268,1154.83,291.566,6.3464e+06,167.955,168.469,90400
2014-08-24,228.989,497.421,294.162,1451.31,333.374,6.34598e+06,192.038,186.935,90400
2014-08-31,261.812,568.709,336.335,1790.31,381.166,6.34549e+06,219.568,104.772,90400
2014-09-07,299.329,650.188,384.542,2177.89,435.794,6.34494e+06,251.036,204.731,90400
2014-09-14,342.207,743.306,439.642,2621.02,498.231,6.3443e+06,287.003,355.528,90400
2014-09-21,391.208,849.715,502.614,3127.64,569.587,6.34358e+06,328.107,351.353,90400
2014-09-28,447.201,971.298,574.578,3706.8,651.129,6.34275e+06,375.079,317.854,90400
2014-07-13,148.283,322.98,200.205,210.583,217.166,6.34757e+06,89.858,63.2027,90450
2014-07-20,170.009,369.056,221.453,436.658,247.324,6.34725e+06,102.337,100.921,90450
2014-07-27,193.62,419.173,250.402,690.244,282.534,6.3469e+06,116.906,91.118,90450
2014-08-03,219.971,475.926,284.211,977.707,321.272,6.34649e+06,132.935,149.064,90450
2014-08-10,249.787,540.375,322.721,1304.08,364.881,6.34603e+06,150.979,128.564,90450
2014-08-17,283.618,613.545,366.444,1674.67,414.315,6.34551e+06,171.434,199.92,90450
2014-08-24,322.017,696.596,416.072,2095.46,470.419,6.34492e+06,194.648,187.126,90450
2014-08-31,365.598,790.851,472.401,2573.23,534.097,6.34425e+06,220.997,154.836,90450
2014-09-07,415.057,897.809,536.33,3115.67,606.366,6.34349e+06,250.9,251.82,90450
2014-09-14,471.18,1019.17,608.879,3731.49,688.377,6.34262e+06,284.834,257.869,90450
2014-09-21,534.856,1156.85,691.2,4430.6,781.431,6.34164e+06,323.338,374.219,90450
2014-09-28,607.091,1313.03,784.598,5224.21,887.001,6.34052e+06,367.02,399.462,90450
2014-07-13,94.9369,204.341,129.453,136.649,140.269,6.34788e+06,98.4773,130.472,90500
2014-07-20,106.747,229.146,141.07,281.794,156.762,6.34769e+06,110.056,91.2309,90500
2014-07-27,119.35,255.59,156.705,441.891,175.731,6.34748e+06,123.374,153.906,90500
2014-08-03,133.154,284.988,174.671,620.136,196.211,6.34724e+06,137.752,164.73,90500
2014-08-10,148.489,317.775,194.776,818.872,218.841,6.34697e+06,153.639,171.702,90500
2014-08-17,165.576,354.337,217.195,1040.48,244.032,6.34667e+06,171.324,138.053,90500
2014-08-24,184.625,395.097,242.189,1287.6,272.11,6.34634e+06,191.037,218.704,90500
2014-08-31,205.861,440.534,270.051,1563.15,303.412,6.34597e+06,213.013,238.68,90500
2014-09-07,229.533,491.183,301.111,1870.4,338.306,6.34556e+06,237.511,275.137,90500
2014-09-14,255.919,547.637,335.734,2212.98,377.203,6.3451e+06,264.818,300.054,90500
2014-09-21,285.329,610.558,374.327,2594.94,420.557,6.34458e+06,295.256,226.59,90500
2014-09-28,318.106,680.679,417.341,3020.81,468.878,6.34401e+06,329.18,369.153,90500
2014-07-13,98.3428,214.39,132.682,139.523,143.934,6.34787e+06,79.3668,52.7145,90550
2014-07-20,112.913,245.314,146.926,289.429,164.149,6.34766e+06,90.514,101.111,90550
2014-07-27,128.77,279.002,166.349,457.784,187.779,6.34742e+06,103.544,52.2991,90550
2014-08-03,146.494,317.207,189.063,648.885,213.815,6.34715e+06,117.9,86.3519,90550
2014-08-10,166.577,360.655,214.972,866.144,243.168,6.34684e+06,134.086,148.218,90550
2014-08-17,189.397,410.055,244.43,1113.18,276.49,6.34649e+06,152.46,174.191,90550
2014-08-24,215.338,466.211,277.915,1394.05,314.363,6.3461e+06,173.344,167.841,90550
2014-08-31,244.825,530.04,315.979,1713.41,357.415,6.34565e+06,197.083,236.876,90550
2014-09-07,278.339,602.585,359.244,2076.49,406.349,6.34513e+06,224.066,260.127,90550
2014-09-14,316.429,685.031,408.418,2489.28,461.966,6.34455e+06,254.734,282.806,90550
2014-09-21,359.716,778.719,464.305,2958.57,525.174,6.34389e+06,289.587,254.411,90550
2014-09-28,408.904,885.173,527.816,3492.06,597.001,6.34314e+06,329.194,290.506,90550
2014-07-13,119.761,261.435,161.395,169.647,175.103,6.34774e+06,83.4007,80.2166,90600
2014-07-20,137.811,299.786,179.029,352.142,200.13,6.34748e+06,95.3207,94.2401,90600
2014-07-27,157.495,341.66,203.109,557.495,229.433,6.34719e+06,109.278,84.4759,90600
2014-08-03,179.543,389.247,231.32,791.072,261.788,6.34686e+06,124.688,152.048,90600
2014-08-10,204.579,443.475,263.564,1057.17,298.342,6.34648e+06,142.099,125.497,90600
2014-08-17,233.084,505.255,300.298,1360.36,339.924,6.34605e+06,161.904,132.962,90600
2014-08-24,265.552,575.625,342.14,1705.8,387.281,6.34556e+06,184.46,175.904,90600
2014-08-31,302.532,655.769,389.797,2099.36,441.22,6.345e+06,210.151,139.444,90600
2014-09-07,344.647,747.037,444.075,2547.74,502.652,6.34437e+06,239.411,294.631,90600
2014-09-14,392.606,850.963,505.888,3058.53,572.611,6.34364e+06,272.732,187.713,90600
2014-09-21,447.213,969.289,576.278,3640.42,652.274,6.34282e+06,310.675,258.617,90600
2014-09-28,509.383,1103.99,656.423,4303.25,742.975,6.34188e+06,353.875,421.791,90600
2014-07-13,120.291,262.726,162.041,170.299,175.812,6.34773e+06,96.6428,88.5999,90650
2014-07-20,138.537,301.507,179.861,353.582,201.103,6.34748e+06,110.545,107.499,90650
2014-07-27,158.449,343.888,204.208,559.968,230.734,6.34718e+06,126.833,152.43,90650
2014-08-03,180.772,392.09,232.753,794.903,263.479,6.34685e+06,144.833,138.037,90650
2014-08-10,206.138,447.061,265.402,1062.76,300.502,6.34647e+06,165.184,179.347,90650
2014-08-17,235.043,509.736,302.628,1368.18,342.65,6.34603e+06,188.353,289.342,90650
2014-08-24,267.992,581.18,345.061,1716.44,390.69,6.34554e+06,214.76,219.786,90650
2014-08-31,305.548,662.61,393.43,2113.52,445.45,6.34497e+06,244.861,181.369,90650
2014-09-07,348.352,755.415,448.561,2566.25,507.864,6.34433e+06,279.17,218.775,90650
2014-09-14,397.134,861.172,511.395,3082.41,578.996,6.3436e+06,318.271,327.906,90650
2014-09-21,452.72,981.675,583.001,3670.86,660.057,6.34276e+06,362.829,381.885,90650
2014-09-28,516.055,1118.96,664.595,4341.69,752.421,6.34181e+06,413.602,543.483,90650
2014-07-13,74.824,162.634,101.202,106.517,109.755,6.348e+06,86.888,90.216,90700
2014-07-20,85.4911,185.219,111.646,220.651,124.577,6.34785e+06,98.6222,98.121,90700
2014-07-27,97.0473,209.699,125.843,348.292,141.838,6.34767e+06,112.287,109.219,90700
2014-08-03,109.903,237.335,142.377,492.525,160.767,6.34747e+06,127.272,99.4102,90700
2014-08-10,124.404,268.622,161.154,655.756,182.008,6.34724e+06,144.088,160.95,90700
2014-08-17,140.807,304.036,182.408,840.515,206.013,6.34698e+06,163.091,151.301,90700
2014-08-24,159.37,344.113,206.459,1049.64,233.174,6.34669e+06,184.593,134.851,90700
2014-08-31,180.376,389.463,233.676,1286.33,263.91,6.34636e+06,208.926,241.845,90700
2014-09-07,204.146,440.779,264.474,1554.22,298.692,6.34599e+06,236.461,206.607,90700
2014-09-14,231.041,498.841,299.325,1857.42,338.048,6.34556e+06,267.617,290.4,90700
2014-09-21,261.471,564.532,338.757,2200.57,382.578,6.34508e+06,302.87,272.496,90700
2014-09-28,295.899,638.848,383.372,2588.91,432.959,6.34454e+06,342.754,292.194,90700
2014-07-13,121.972,265.527,164.757,173.327,178.706,6.34772e+06,84.1477,97.6243,90750
2014-07-20,139.718,303.144,182.117,359.312,203.345,6.34747e+06,95.7494,87.1328,90750
2014-07-27,158.987,344.025,205.755,567.768,232.093,6.34717e+06,109.286,130.001,90750
2014-08-03,180.475,390.281,233.341,803.876,263.694,6.34684e+06,124.166,103.732,90750
2014-08-10,204.769,442.769,264.74,1071.72,299.24,6.34647e+06,140.904,134.473,90750
2014-08-17,232.312,502.313,300.36,1375.6,339.502,6.34604e+06,159.862,167.647,90750
2014-08-24,263.551,569.849,340.76,1720.36,385.162,6.34556e+06,181.362,166.134,90750
2014-08-31,298.981,646.438,386.58,2111.49,436.947,6.34501e+06,205.746,266.13,90750
2014-09-07,339.158,733.289,438.544,2555.2,495.676,6.34438e+06,233.399,237.689,90750
2014-09-14,384.717,831.766,497.473,3058.54,562.273,6.34368e+06,264.758,309.201,90750
2014-09-21,436.372,943.414,564.292,3629.51,637.785,6.34288e+06,300.315,294.296,90750
2014-09-28,494.933,1069.98,640.05,4277.15,723.397,6.34197e+06,340.627,342.544,90750
2014-07-13,118.327,255.395,160.977,169.786,174.471,6.34775e+06,98.3104,117.591,90800
2014-07-20,133.652,287.656,176.032,350.573,195.842,6.3475e+06,110.353,154.458,90800
2014-07-27,150.077,322.209,196.351,550.764,220.51,6.34723e+06,124.252,128.664,90800
2014-08-03,168.144,360.787,219.787,774.585,247.257,6.34693e+06,139.324,108.172,90800
2014-08-10,188.3,403.993,246.122,1025.19,276.941,6.34659e+06,156.05,186.356,90800
2014-08-17,210.854,452.373,275.61,1305.83,310.123,6.34621e+06,174.747,211.998,90800
2014-08-24,236.102,506.533,308.621,1620.08,347.263,6.34578e+06,195.675,158.333,90800
2014-08-31,264.366,567.158,345.576,1971.96,388.84,6.3453e+06,219.103,169.145,90800
2014-09-07,296.003,635.016,386.942,2365.98,435.38,6.34477e+06,245.327,168.676,90800
2014-09-14,331.412,710.962,433.244,2807.15,487.472,6.34417e+06,274.68,239.533,90800
2014-09-21,371.041,795.952,485.067,3301.1,545.774,6.3435e+06,307.531,351.37,90800
2014-09-28,415.387,891.055,543.063,3854.12,611.02,6.34275e+06,344.296,403.346,90800
2014-07-13,100.323,216.29,136.612,144.136,148.048,6.34785e+06,90.2949,63.5318,90850
2014-07-20,113.107,243.177,149.177,297.456,165.886,6.34765e+06,101.174,129.028,90850
2014-07-27,126.784,271.92,166.116,466.962,186.445,6.34742e+06,113.714,96.8232,90850
2014-08-03,141.803,303.956,185.625,656.153,208.7,6.34716e+06,127.287,132.789,90850
2014-08-10,158.53,339.775,207.51,867.622,233.354,6.34688e+06,142.323,163.554,90850
2014-08-17,177.216,379.815,231.974,1104.02,260.866,6.34656e+06,159.103,151.253,90850
2014-08-24,198.098,424.565,259.316,1368.29,291.61,6.3462e+06,177.854,208.016,90850
2014-08-31,221.436,474.575,289.872,1663.7,325.968,6.3458e+06,198.809,305.616,90850
2014-09-07,247.516,530.459,324.02,1993.92,364.365,6.34535e+06,222.227,272.534,90850
2014-09-14,276.658,592.901,362.179,2363.03,407.271,6.34486e+06,248.396,207.443,90850
2014-09-21,309.219,662.669,404.819,2775.61,455.214,6.3443e+06,277.636,240.91,90850
2014-09-28,345.599,740.612,452.461,3236.74,508.781,6.34367e+06,310.307,335.151,90850
2014-07-13,109.667,240.445,147.252,154.574,159.823,6.3478e+06,84.755,68.4091,90900
2014-07-20,127.105,277.626,164.25,321.521,183.945,6.34756e+06,97.5472,96.2587,90900
2014-07-27,146.249,318.527,187.569,510.55,212.348,6.34729e+06,112.609,119.459,90900
2014-08-03,167.844,365.327,215.055,726.995,243.93,6.34697e+06,129.358,135.122,90900
2014-08-10,192.532,419.018,246.677,975.23,279.857,6.34662e+06,148.41,140.06,90900
2014-08-17,220.832,480.597,282.945,1259.97,321.004,6.34621e+06,170.23,72.8299,90900
2014-08-24,253.284,551.211,324.533,1586.56,368.181,6.34573e+06,195.249,235.368,90900
2014-08-31,290.493,632.175,372.221,1961.15,422.278,6.34519e+06,223.937,227.907,90900
2014-09-07,333.156,724.998,426.901,2390.77,484.305,6.34457e+06,256.83,220.981,90900
2014-09-14,382.066,831.408,489.591,2883.5,555.418,6.34386e+06,294.541,235.538,90900
2014-09-21,438.132,953.379,561.461,3448.57,636.94,6.34305e+06,337.773,346.701,90900
2014-09-28,502.393,1093.17,643.844,4096.57,730.384,6.34211e+06,387.327,434.276,90900
2014-07-13,89.6861,196.241,120.628,126.705,130.902,6.34792e+06,89.5639,105.73,90950
2014-07-20,103.602,225.863,134.206,263.298,150.172,6.34772e+06,102.749,70.7344,90950
2014-07-27,118.832,258.338,152.795,417.513,172.803,6.3475e+06,118.233,91.5332,90950
2014-08-03,135.957,295.382,174.644,593.551,197.887,6.34725e+06,135.396,137.27,90950
2014-08-10,155.474,337.749,199.705,794.822,226.332,6.34696e+06,154.858,141.447,90950
2014-08-17,177.778,386.195,228.361,1024.97,258.809,6.34663e+06,177.079,142.184,90950
2014-08-24,203.277,441.58,261.121,1288.15,295.934,6.34626e+06,202.48,246.435,90950
2014-08-31,232.426,504.891,298.572,1589.07,338.374,6.34583e+06,231.518,285.409,90950
2014-09-07,265.746,577.26,341.384,1933.15,386.89,6.34533e+06,264.713,202.191,90950
2014-09-14,303.831,659.974,390.321,2326.56,442.345,6.34477e+06,302.656,297.599,90950
2014-09-21,347.36,754.506,446.256,2776.35,505.729,6.34413e+06,346.023,203.132,90950
2014-09-28,397.105,862.531,510.184,3290.59,578.169,6.34339e+06,395.587,492.352,90950
2014-07-13,95.9255,210.629,128.639,134.973,139.64,6.34788e+06,79.1519,85.3827,91000
2014-07-20,111.452,243.777,143.763,280.951,161.102,6.34767e+06,91.3172,93.4031,91000
2014-07-27,128.538,280.334,164.544,446.591,186.421,6.34743e+06,105.669,120.272,91000
2014-08-03,147.858,322.263,189.089,636.688,214.642,6.34715e+06,121.666,94.5523,91000
2014-08-10,169.997,370.478,217.392,855.208,246.823,6.34684e+06,139.907,139.079,91000
2014-08-17,195.435,425.905,249.93,1106.44,283.766,6.34647e+06,160.847,185.308,91000
2014-08-24,224.673,489.614,287.328,1395.26,326.223,6.34605e+06,184.913,169.695,91000
2014-08-31,258.276,562.832,330.311,1727.3,375.021,6.34557e+06,212.573,195.964,91000
2014-09-07,296.894,646.973,379.711,2109,431.103,6.34502e+06,244.362,236.483,91000
2014-09-14,341.273,743.659,436.483,2547.78,495.553,6.34438e+06,280.894,241.841,91000
2014-09-21,392.265,854.748,501.721,3052.16,569.611,6.34365e+06,322.873,269.609,91000
2014-09-28,450.85,982.371,576.68,3631.9,654.703,6.34281e+06,371.105,390.218,91000
2014-07-13,104.081,223.022,142.444,150.56,154.284,6.34783e+06,87.2018,111.221,91050
2014-07-20,116.178,248.338,154.369,309.85,171.216,6.34762e+06,96.7715,63.8767,91050
2014-07-27,129.001,275.124,170.346,484.456,190.583,6.34739e+06,107.718,142.685,91050
2014-08-03,142.945,304.694,188.594,677.552,211.343,6.34714e+06,119.451,126.928,91050
2014-08-10,158.328,337.451,208.879,891.389,234.122,6.34685e+06,132.326,193.947,91050
2014-08-17,175.353,373.729,231.345,1128.23,259.305,6.34654e+06,146.56,217.854,91050
2014-08-24,194.204,413.9,256.221,1390.54,287.184,6.3462e+06,162.317,93.857,91050
2014-08-31,215.076,458.376,283.765,1681.05,318.053,6.34581e+06,179.764,143.055,91050
2014-09-07,238.184,507.616,314.26,2002.78,352.231,6.34539e+06,199.081,168.364,91050
2014-09-14,263.767,562.127,348.024,2359.09,390.069,6.34492e+06,220.468,265.828,91050
2014-09-21,292.088,622.469,385.402,2753.67,431.959,6.3444e+06,244.144,161.116,91050
2014-09-28,323.437,689.261,426.78,3190.62,478.329,6.34382e+06,270.352,289.024,91050
2014-07-13,76.2493,169.529,101.168,105.735,109.948,6.348e+06,67.3808,69.3543,91100
2014-07-20,90.4473,200.156,114.911,221.437,129.445,6.34782e+06,79.3293,59.6913,91100
2014-07-27,106.38,234.665,134.049,355.123,152.823,6.34762e+06,93.6567,103.137,91100
2014-08-03,124.764,275.035,157.055,511.531,179.415,6.34738e+06,109.953,150.981,91100
2014-08-10,146.25,322.366,184.094,694.842,210.349,6.3471e+06,128.911,171.939,91100
2014-08-17,171.422,377.843,215.786,909.711,246.561,6.34678e+06,151.103,197.847,91100
2014-08-24,200.921,442.857,252.926,1161.57,288.994,6.34639e+06,177.108,220.997,91100
2014-08-31,235.49,519.041,296.449,1456.76,338.721,6.34594e+06,207.583,154.142,91100
2014-09-07,275.996,608.307,347.45,1802.75,396.991,6.34542e+06,243.293,282.386,91100
2014-09-14,323.456,712.893,407.211,2208.26,465.267,6.3448e+06,285.136,395.333,91100
2014-09-21,379.059,835.415,477.229,2683.5,545.261,6.34407e+06,334.159,215.123,91100
2014-09-28,444.195,978.932,559.259,3240.44,638.974,6.34323e+06,391.591,289.699,91100
2014-07-13,127.668,277.443,172.703,181.782,187.295,6.34769e+06,90.8006,89.2419,91150
2014-07-20,145.824,315.874,190.48,376.532,212.526,6.34742e+06,103.033,113.669,91150
2014-07-27,165.485,357.515,214.64,594.271,241.899,6.34712e+06,117.273,112.449,91150
2014-08-03,187.35,404.504,242.769,840.24,274.098,6.34678e+06,132.882,132.849,91150
2014-08-10,212.001,457.679,274.701,1118.52,310.215,6.34639e+06,150.392,143.588,91150
2014-08-17,239.875,517.842,310.829,1433.41,351.015,6.34595e+06,170.172,198.802,91150
2014-08-24,271.405,585.895,351.696,1789.7,397.159,6.34545e+06,192.542,252.984,91150
2014-08-31,307.067,662.865,397.92,2192.83,449.353,6.34489e+06,217.846,140.285,91150
2014-09-07,347.4,749.912,450.203,2648.93,508.386,6.34425e+06,246.465,243.654,91150
2014-09-14,393.012,848.347,509.332,3164.95,575.149,6.34353e+06,278.832,290.639,91150
2014-09-21,444.589,959.646,576.199,3748.73,650.646,6.34272e+06,315.433,254.849,91150
2014-09-28,502.903,1085.48,651.808,4409.13,736.011,6.3418e+06,356.817,488.316,91150
2014-07-13,88.2928,193.934,118.37,124.186,128.497,6.34793e+06,74.4616,98.7894,91200
2014-07-20,102.64,224.573,132.343,258.538,148.325,6.34773e+06,85.952,88.8146,91200
2014-07-27,118.437,258.383,151.549,411.06,171.728,6.34751e+06,99.5134,112.701,91200
2014-08-03,136.309,297.182,174.246,586.19,197.827,6.34726e+06,114.638,158.167,91200
2014-08-10,156.8,341.821,200.43,787.61,227.604,6.34696e+06,131.893,162.565,91200
2014-08-17,180.356,393.165,230.548,1019.3,261.806,6.34663e+06,151.712,123.878,91200
2014-08-24,207.446,452.212,265.184,1285.8,301.134,6.34624e+06,174.502,252.578,91200
2014-08-31,238.598,520.109,305.013,1592.33,346.359,6.34579e+06,200.709,183.187,91200
2014-09-07,274.418,598.179,350.813,1944.89,398.364,6.34528e+06,230.845,169.153,91200
2014-09-14,315.603,687.938,403.477,2350.39,458.16,6.34469e+06,265.496,250.763,91200
2014-09-21,362.953,791.127,464.027,2816.75,526.91,6.34402e+06,305.336,236.728,91200
2014-09-28,417.385,909.741,533.639,3353.08,605.946,6.34324e+06,351.136,311.06,91200
2014-07-13,84.8975,187.082,113.505,118.963,123.253,6.34795e+06,74.932,62.4573,91250
2014-07-20,99.2244,217.759,127.436,248.052,143.019,6.34776e+06,86.9492,75.5841,91250
2014-07-27,115.079,251.8,146.649,395.285,166.447,6.34754e+06,101.192,106.929,91250
2014-08-03,133.109,291.064,169.458,565.188,192.712,6.34729e+06,117.16,99.3446,91250
2014-08-10,153.888,336.464,195.902,761.576,222.832,6.347e+06,135.472,133.443,91250
2014-08-17,177.896,388.948,226.471,988.611,257.604,6.34667e+06,156.612,157.269,91250
2014-08-24,205.644,449.607,261.802,1251.07,297.788,6.34628e+06,181.042,144.011,91250
2014-08-31,237.712,519.711,302.636,1554.47,344.231,6.34584e+06,209.277,95.0342,91250
2014-09-07,274.772,600.722,349.827,1905.18,397.905,6.34532e+06,241.908,183.355,91250
2014-09-14,317.597,694.33,404.362,2310.57,459.93,6.34472e+06,279.616,345.623,91250
2014-09-21,367.08,802.485,467.38,2779.16,531.601,6.34403e+06,323.189,288.515,91250
2014-09-28,424.249,927.433,540.193,3320.75,614.409,6.34324e+06,373.533,343.08,91250
2014-07-13,84.5755,184.785,113.896,119.688,123.58,6.34795e+06,86.2234,106.009,91300
2014-07-20,97.4601,212.18,126.478,248.542,141.436,6.34777e+06,98.6819,96.0564,91300
2014-07-27,111.53,242.138,143.675,393.711,162.367,6.34756e+06,113.286,151.884,91300
2014-08-03,127.313,276.231,163.848,559.051,185.512,6.34732e+06,129.435,65.0639,91300
2014-08-10,145.26,315.136,186.935,747.66,211.697,6.34706e+06,147.704,125.152,91300
2014-08-17,165.722,359.523,213.274,962.847,241.526,6.34675e+06,168.516,183.921,91300
2014-08-24,189.063,410.152,243.318,1208.35,275.546,6.3464e+06,192.253,145.963,91300
2014-08-31,215.685,467.899,277.586,1488.43,314.35,6.346e+06,219.327,305.482,91300
2014-09-07,246.048,533.758,316.671,1807.95,358.609,6.34555e+06,250.207,290.514,91300
2014-09-14,280.677,608.864,361.249,2172.46,409.085,6.34503e+06,285.426,371.01,91300
2014-09-21,320.166,694.509,412.086,2588.27,466.65,6.34443e+06,325.589,356.547,91300
2014-09-28,365.194,792.162,470.059,3062.59,532.292,6.34376e+06,371.388,519.884,91300
2014-07-13,109.867,237.898,149.071,157.078,161.613,6.3478e+06,89.9753,71.8406,91350
2014-07-20,124.751,269.311,163.669,324.814,182.335,6.34757e+06,101.511,112.436,91350
2014-07-27,140.78,303.139,183.436,511.395,206.348,6.34731e+06,114.881,119.284,91350
2014-08-03,158.503,341.099,206.337,721.016,232.522,6.34702e+06,129.452,160.913,91350
2014-08-10,178.375,383.822,232.194,956.874,261.715,6.3467e+06,145.705,156.093,91350
2014-08-17,200.721,431.896,261.29,1222.29,294.511,6.34633e+06,163.964,155.817,91350
2014-08-24,225.859,485.98,294.022,1520.96,331.401,6.34592e+06,184.501,232.293,91350
2014-08-31,254.138,546.818,330.845,1857.03,372.9,6.34546e+06,207.605,209.028,91350
2014-09-07,285.949,615.249,372.267,2235.2,419.583,6.34494e+06,233.595,299.835,91350
2014-09-14,321.728,692.215,418.86,2660.7,472.093,6.34436e+06,262.829,274.939,91350
2014-09-21,361.969,778.773,471.266,3139.44,531.152,6.3437e+06,295.709,304.41,91350
2014-09-28,407.222,876.107,530.205,3678.07,597.571,6.34296e+06,332.687,316.184,91350
2014-07-13,79.5372,174.657,106.655,111.905,115.777,6.34798e+06,84.7994,98.7648,91400
2014-07-20,92.4219,202.166,119.205,232.941,133.586,6.3478e+06,97.8437,82.2173,91400
2014-07-27,106.603,232.51,136.451,370.295,154.599,6.3476e+06,113.234,102.575,91400
2014-08-03,122.64,267.317,156.824,527.946,178.024,6.34738e+06,130.391,103.315,91400
2014-08-10,141.02,307.349,180.318,709.189,204.738,6.34711e+06,149.958,169.208,91400
2014-08-17,162.142,353.376,207.332,917.586,235.411,6.34681e+06,172.424,224.951,91400
2014-08-24,186.422,406.288,238.385,1157.2,270.667,6.34646e+06,198.246,223.121,91400
2014-08-31,214.333,467.11,274.082,1432.7,311.195,6.34606e+06,227.931,226.997,91400
2014-09-07,246.416,537.018,315.116,1749.45,357.781,6.3456e+06,262.052,281.82,91400
2014-09-14,283.29,617.365,362.281,2113.61,411.328,6.34507e+06,301.272,389.371,91400
2014-09-21,325.669,709.703,416.49,2532.27,472.871,6.34447e+06,346.348,364.623,91400
2014-09-28,374.37,815.809,478.791,3013.57,543.598,6.34377e+06,398.152,367.728,91400
2014-07-13,105.576,229.245,142.916,150.466,154.98,6.34782e+06,92.0862,117.895,91450
2014-07-20,120.428,260.663,157.463,311.547,175.628,6.3476e+06,104.355,104.022,91450
2014-07-27,136.492,294.659,177.219,491.433,199.642,6.34735e+06,118.623,127.893,91450
2014-08-03,154.333,332.972,200.194,694.39,225.932,6.34707e+06,134.245,92.0747,91450
2014-08-10,174.424,376.279,226.244,923.724,255.385,6.34675e+06,151.745,204.526,91450
2014-08-17,197.114,425.217,255.683,1182.9,288.616,6.34639e+06,171.49,244.981,91450
2014-08-24,222.749,480.509,288.942,1475.8,326.155,6.34598e+06,193.795,124.139,91450
2014-08-31,251.71,542.973,326.518,1806.79,368.566,6.34552e+06,218.995,206.479,91450
2014-09-07,284.427,613.534,368.968,2180.82,416.479,6.345e+06,247.464,264.682,91450
2014-09-14,321.384,693.235,416.923,2603.46,470.603,6.34441e+06,279.624,281.315,91450
2014-09-21,363.126,783.253,471.091,3081.03,531.738,6.34375e+06,315.949,368.741,91450
2014-09-28,410.269,884.912,532.273,3620.64,600.787,6.343e+06,356.977,363.808,91450
2014-07-13,71.2502,156.039,95.7603,100.557,103.924,6.34803e+06,78.9377,79.2545,91500
2014-07-20,82.4254,179.846,106.66,209.05,119.393,6.34787e+06,90.6867,97.1793,91500
2014-07-27,94.6737,205.986,121.595,331.695,137.58,6.3477e+06,104.501,81.1373,91500
2014-08-03,108.466,235.845,139.173,471.885,157.767,6.34749e+06,119.835,113.376,91500
2014-08-10,124.206,270.044,159.362,632.388,180.693,6.34726e+06,137.248,137.425,91500
2014-08-17,142.221,309.204,182.479,816.176,206.905,6.347e+06,157.159,137.886,91500
2014-08-24,162.844,354.037,208.945,1026.62,236.911,6.3467e+06,179.95,181.305,91500
2014-08-31,186.453,405.36,239.243,1267.59,271.262,6.34635e+06,206.042,215.265,91500
2014-09-07,213.48,464.11,273.927,1543.49,310.586,6.34595e+06,235.911,265.753,91500
2014-09-14,244.417,531.358,313.632,1859.38,355.601,6.3455e+06,270.103,247.074,91500
2014-09-21,279.828,608.327,359.08,2221.06,407.127,6.34498e+06,309.24,358.776,91500
2014-09-28,320.356,696.414,411.099,2635.14,466.101,6.34439e+06,354.035,333.175,91500
2014-07-13,112.603,242.507,153.469,161.972,166.301,6.34778e+06,95.2323,120.578,91550
2014-07-20,126.731,272.193,167.362,334.103,186.024,6.34755e+06,106.527,124.712,91550
2014-07-27,141.821,303.87,186.07,524.12,208.726,6.34729e+06,119.527,115.519,91550
2014-08-03,158.362,339.117,207.585,735.862,233.257,6.34701e+06,133.575,182.481,91550
2014-08-10,176.754,378.462,231.681,972.153,260.387,6.34669e+06,149.111,114.837,91550
2014-08-17,197.265,422.371,258.574,1235.87,290.612,6.34634e+06,166.419,172.952,91550
2014-08-24,220.149,471.363,288.579,1530.2,324.331,6.34594e+06,185.728,150.54,91550
2014-08-31,245.682,526.021,322.056,1858.67,361.951,6.3455e+06,207.272,192.792,91550
2014-09-07,274.167,586.997,359.405,2225.25,403.923,6.345e+06,231.307,232.044,91550
2014-09-14,305.943,655.016,401.073,2634.32,450.747,6.34445e+06,258.121,268.428,91550
2014-09-21,341.389,730.884,447.554,3090.82,502.979,6.34384e+06,288.032,336.005,91550
2014-09-28,380.923,815.5,499.402,3600.21,561.239,6.34315e+06,321.395,284.42,91550
2014-07-13,124.004,272.441,166.212,174.366,180.436,6.34771e+06,78.883,80.7583,91600
2014-07-20,144.213,315.604,185.891,363.048,208.362,6.34744e+06,91.0917,99.5757,91600
2014-07-27,166.471,363.252,212.947,577.322,241.33,6.34713e+06,105.505,119.556,91600
2014-08-03,191.66,417.948,244.929,823.451,278.11,6.34677e+06,121.584,123.026,91600
2014-08-10,220.551,480.895,281.837,1106.63,320.087,6.34636e+06,139.936,156.8,91600
2014-08-17,253.772,553.318,324.302,1432.48,368.315,6.34589e+06,161.02,156.953,91600
2014-08-24,291.987,636.625,373.15,1807.42,423.786,6.34534e+06,185.271,209.634,91600
2014-08-31,335.942,732.443,429.338,2238.82,487.592,6.34471e+06,213.166,221.04,91600
2014-09-07,386.495,842.637,493.966,2735.17,560.98,6.34399e+06,245.25,270.1,91600
2014-09-14,444.631,969.351,568.292,3306.23,645.38,6.34316e+06,282.148,338.167,91600
2014-09-21,511.479,1115.04,653.765,3963.19,742.433,6.34221e+06,324.577,340.284,91600
2014-09-28,588.334,1282.53,752.044,4718.93,854.022,6.34111e+06,373.362,367.381,91600
2014-07-13,96.135,210.41,129.271,135.772,140.285,6.34788e+06,85.8556,80.0846,91650
2014-07-20,111.102,242.279,143.874,282.177,161.008,6.34767e+06,98.5388,94.6358,91650
2014-07-27,127.491,277.234,163.871,447.536,185.356,6.34743e+06,113.44,138.673,91650
2014-08-03,145.927,317.123,187.384,636.377,212.353,6.34716e+06,129.963,168.993,91650
2014-08-10,166.946,362.763,214.365,852.377,242.982,6.34685e+06,148.708,176.724,91650
2014-08-17,190.978,414.973,245.23,1099.48,277.967,6.3465e+06,170.119,156.005,91650
2014-08-24,218.462,474.685,280.529,1382.16,317.975,6.34609e+06,194.604,224.748,91650
2014-08-31,249.894,542.972,320.899,1705.52,363.73,6.34563e+06,222.607,239.509,91650
2014-09-07,285.838,621.058,367.067,2075.4,416.056,6.3451e+06,254.63,242.995,91650
2014-09-14,326.939,710.342,419.862,2498.5,475.891,6.34449e+06,291.25,289.848,91650
2014-09-21,373.933,812.422,480.23,2982.44,544.307,6.3438e+06,333.122,330.512,91650
2014-09-28,427.658,929.117,549.251,3535.94,622.528,6.34301e+06,380.994,331.8,91650
2014-07-13,66.1732,145.861,88.4509,92.6959,96.0492,6.34806e+06,70.4139,76.0611,91700
2014-07-20,77.3754,169.853,99.3415,193.308,111.502,6.34791e+06,81.7426,53.6613,91700
2014-07-27,89.7774,196.489,114.367,308.107,129.825,6.34774e+06,95.1747,46.7721,91700
2014-08-03,103.889,227.226,132.212,440.637,150.375,6.34755e+06,110.24,73.6678,91700
2014-08-10,120.159,262.784,152.909,593.894,173.954,6.34732e+06,127.526,136.755,91700
2014-08-17,138.965,303.91,176.847,771.143,201.187,6.34706e+06,147.49,122.899,91700
2014-08-24,160.712,351.465,204.526,976.137,232.673,6.34676e+06,170.573,145.317,91700
2014-08-31,185.858,406.451,236.532,1213.21,269.082,6.34641e+06,197.264,219.423,91700
2014-09-07,214.933,470.026,273.54,1487.39,311.18,6.346e+06,228.126,152.611,91700
2014-09-14,248.548,543.526,316.329,1804.45,359.853,6.34554e+06,263.809,268.032,91700
2014-09-21,287.41,628.496,365.799,2171.11,416.126,6.345e+06,305.063,270.923,91700
2014-09-28,332.334,726.715,422.99,2595.09,481.18,6.34437e+06,352.754,226.558,91700
2014-07-13,76.8877,169.291,102.869,107.843,111.694,6.34799e+06,72.938,107.48,91750
2014-07-20,89.7393,196.79,115.37,224.775,129.433,6.34782e+06,84.5219,106.314,91750
2014-07-27,103.943,227.262,132.598,357.983,150.435,6.34763e+06,98.2365,112.547,91750
2014-08-03,120.075,262.364,153.025,511.505,173.949,6.3474e+06,113.591,140.73,91750
2014-08-10,138.642,302.901,176.678,688.732,200.881,6.34714e+06,131.178,218.401,91750
2014-08-17,160.067,349.704,203.987,893.354,231.93,6.34684e+06,151.454,169.623,91750
2014-08-24,184.798,403.729,235.509,1129.6,267.768,6.3465e+06,174.857,220.775,91750
2014-08-31,213.345,466.088,271.896,1402.35,309.136,6.3461e+06,201.87,211.097,91750
2014-09-07,246.294,538.06,313.895,1717.23,356.885,6.34563e+06,233.051,272.063,91750
2014-09-14,284.321,621.122,362.37,2080.75,411.994,6.3451e+06,269.038,284.733,91750
2014-09-21,328.206,716.973,418.316,2500.4,475.596,6.34449e+06,310.571,344.492,91750
2014-09-28,378.847,827.574,482.878,2984.83,548.991,6.34378e+06,358.499,178.166,91750
2014-07-13,89.0261,196.558,118.83,124.469,129.058,6.34792e+06,75.3189,74.7977,91800
2014-07-20,104.382,229.491,133.747,259.775,150.223,6.34772e+06,87.6711,25.6177,91800
2014-07-27,121.426,266.155,154.363,414.53,175.371,6.34749e+06,102.348,101.544,91800
2014-08-03,140.871,308.573,178.903,593.643,203.652,6.34723e+06,118.853,150.941,91800
2014-08-10,163.346,357.767,207.437,801.294,236.185,6.34692e+06,137.839,131.215,91800
2014-08-17,189.392,414.804,240.52,1042.06,273.853,6.34656e+06,159.822,255.065,91800
2014-08-24,219.583,480.922,278.87,1321.23,317.514,6.34615e+06,185.303,128.478,91800
2014-08-31,254.58,557.56,323.325,1644.9,368.124,6.34567e+06,214.839,191.834,91800
2014-09-07,295.144,646.383,374.853,2020.16,426.787,6.34511e+06,249.075,302.568,91800
2014-09-14,342.156,749.322,434.576,2455.21,494.779,6.34447e+06,288.756,428.656,91800
2014-09-21,396.636,868.606,503.792,2959.57,573.575,6.34372e+06,334.741,233.163,91800
2014-09-28,459.764,1006.81,584.002,3544.25,664.884,6.34286e+06,388.03,290.645,91800
2014-07-13,102.933,222.978,139.612,147.091,151.364,6.34784e+06,86.7102,85.2609,91850
2014-07-20,116.959,252.592,153.366,304.225,170.888,6.34762e+06,97.8945,84.0769,91850
2014-07-27,132.075,284.508,171.999,479.118,193.526,6.34738e+06,110.863,87.0897,91850
2014-08-03,148.801,320.345,193.599,675.735,218.218,6.34711e+06,125.008,147.833,91850
2014-08-10,167.566,360.707,218.004,897.108,245.777,6.34681e+06,140.795,134.317,91850
2014-08-17,188.683,406.155,245.484,1146.39,276.758,6.34646e+06,158.543,125.99,91850
2014-08-24,212.455,457.318,276.419,1427.08,311.631,6.34608e+06,178.52,188.453,91850
2014-08-31,239.214,514.911,311.243,1743.15,350.888,6.34564e+06,201.009,206.523,91850
2014-09-07,269.336,579.736,350.444,2099.02,395.078,6.34515e+06,226.324,176.134,91850
2014-09-14,303.24,652.697,394.569,2499.71,444.817,6.3446e+06,254.817,234.903,91850
2014-09-21,341.397,734.808,444.233,2950.85,500.8,6.34398e+06,286.887,325.822,91850
2014-09-28,384.337,827.206,500.127,3458.76,563.803,6.34328e+06,322.979,349.992,91850
2014-07-13,75.5377,166.033,101.21,106.161,109.876,6.348e+06,75.2092,93.3792,91900
2014-07-20,87.913,192.475,113.259,221.086,126.973,6.34784e+06,86.9119,94.6472,91900
2014-07-27,101.554,221.69,129.832,351.682,147.17,6.34765e+06,100.736,93.2378,91900
2014-08-03,117.003,255.253,149.435,501.798,169.72,6.34743e+06,116.172,79.6987,91900
2014-08-10,134.737,293.911,172.076,674.633,195.476,6.34717e+06,133.802,136.581,91900
2014-08-17,155.146,338.424,198.147,873.655,225.092,6.34688e+06,154.074,154.814,91900
2014-08-24,178.643,389.672,228.161,1102.83,259.185,6.34655e+06,177.41,129.127,91900
2014-08-31,205.692,448.668,262.714,1366.71,298.434,6.34617e+06,204.275,182.449,91900
2014-09-07,236.831,516.58,302.492,1670.55,343.617,6.34572e+06,235.203,224.572,91900
2014-09-14,272.674,594.748,348.281,2020.38,395.628,6.34521e+06,270.804,203.093,91900
2014-09-21,313.929,684.716,400.988,2423.17,455.495,6.34463e+06,311.782,303.044,91900
2014-09-28,361.409,788.254,461.653,2886.9,524.399,6.34395e+06,358.946,314.228,91900
2014-07-13,128.67,281.232,173.222,182.01,187.957,6.34768e+06,82.0752,79.1088,91950
2014-07-20,148.364,323.116,192.45,378.027,215.245,6.34741e+06,93.9912,98.1357,91950
2014-07-27,169.882,368.945,218.741,598.983,247.246,6.34709e+06,107.965,109.706,91950
2014-08-03,194.031,421.126,249.595,850.78,282.651,6.34673e+06,123.425,119.532,91950
2014-08-10,221.504,480.701,284.923,1138.18,322.726,6.34632e+06,140.925,192.451,91950
2014-08-17,252.844,548.699,325.248,1466.25,368.401,6.34586e+06,160.87,170.91,91950
2014-08-24,288.606,626.295,371.264,1840.75,420.516,6.34532e+06,183.627,199.015,91950
2014-08-31,329.415,714.833,423.774,2268.23,479.985,6.34471e+06,209.596,256.966,91950
2014-09-07,375.975,815.847,483.69,2756.15,547.841,6.34402e+06,239.226,238.213,91950
2014-09-14,429.095,931.081,552.051,3313.05,625.259,6.34322e+06,273.032,273.638,91950
2014-09-21,489.689,1062.52,630.038,3948.64,713.576,6.34232e+06,311.598,286.174,91950
2014-09-28,558.801,1212.43,718.999,4673.99,814.314,6.34129e+06,355.588,294.28,91950
2014-07-13,91.9024,201.462,123.416,129.56,133.95,6.3479e+06,80.963,74.3007,92000
2014-07-20,106.486,232.554,137.634,269.469,154.126,6.3477e+06,93.1579,79.0133,92000
2014-07-27,122.493,266.748,157.135,427.846,177.878,6.34748e+06,107.514,101.835,92000
2014-08-03,140.545,305.865,180.115,609.147,204.281,6.34721e+06,123.473,86.3501,92000
2014-08-10,161.179,350.731,206.548,817.025,234.311,6.34691e+06,141.624,139.411,92000
2014-08-17,184.826,402.179,236.858,1055.41,268.696,6.34657e+06,162.407,149.355,92000
2014-08-24,211.936,461.164,271.607,1328.77,308.112,6.34618e+06,186.231,152.195,92000
2014-08-31,243.015,528.781,311.445,1642.24,353.301,6.34572e+06,213.544,206.55,92000
2014-09-07,278.643,606.291,357.115,2001.67,405.104,6.34521e+06,244.855,148.828,92000
2014-09-14,319.481,695.131,409.467,2413.8,464.485,6.34461e+06,280.747,272.383,92000
2014-09-21,366.287,796.951,469.474,2886.35,532.548,6.34393e+06,321.886,238.278,92000
2014-09-28,419.929,913.632,538.25,3428.12,610.555,6.34315e+06,369.035,392.521,92000
2014-07-13,89.556,195.496,120.691,126.863,130.942,6.34792e+06,79.066,95.1878,92050
2014-07-20,103.051,224.169,133.875,263.332,149.653,6.34773e+06,90.3641,124.854,92050
2014-07-27,117.769,255.478,151.879,416.89,171.562,6.34751e+06,103.593,96.5332,92050
2014-08-03,134.254,291.059,172.972,591.551,195.754,6.34726e+06,118.201,133.729,92050
2014-08-10,152.974,331.608,197.081,790.528,223.085,6.34698e+06,134.704,105.976,92050
2014-08-17,174.289,377.807,224.549,1017.24,254.178,6.34666e+06,153.479,146.092,92050
2014-08-24,198.57,430.434,255.837,1275.54,289.592,6.34629e+06,174.862,212.933,92050
2014-08-31,226.226,490.376,291.476,1569.83,329.93,6.34587e+06,199.22,194.909,92050
2014-09-07,257.727,558.646,332.071,1905.12,375.877,6.3454e+06,226.963,177.038,92050
2014-09-14,293.603,636.396,378.307,2287.09,428.208,6.34485e+06,258.562,223.125,92050
2014-09-21,334.46,724.935,430.965,2722.23,487.805,6.34424e+06,294.548,290.106,92050
2014-09-28,380.983,825.75,490.931,3217.94,555.673,6.34353e+06,335.528,386.711,92050
2014-07-13,142.147,304.654,194.508,205.578,210.681,6.3476e+06,92.8322,126.003,92100
2014-07-20,158.722,339.347,210.847,423.117,233.877,6.34732e+06,103.053,22.3716,92100
2014-07-27,176.296,376.062,232.74,661.641,260.416,6.347e+06,114.747,80.0367,92100
2014-08-03,195.412,416.606,257.749,925.504,288.873,6.34665e+06,127.286,101.324,92100
2014-08-10,216.506,461.527,285.559,1217.8,320.104,6.34627e+06,141.047,139.623,92100
2014-08-17,239.855,511.289,316.366,1541.63,354.638,6.34584e+06,156.264,159.938,92100
2014-08-24,265.714,566.4,350.484,1900.39,392.878,6.34537e+06,173.114,194.507,92100
2014-08-31,294.35,627.428,388.268,2297.83,435.227,6.34484e+06,191.774,126.891,92100
2014-09-07,326.061,695.004,430.109,2738.11,482.123,6.34426e+06,212.438,185.912,92100
2014-09-14,361.171,769.823,476.441,3225.83,534.05,6.34362e+06,235.319,218.78,92100
2014-09-21,400.044,852.653,527.741,3766.08,591.544,6.3429e+06,260.652,321.975,92100
2014-09-28,443.077,944.342,584.536,4364.48,655.195,6.34211e+06,288.698,279.054,92100
2014-07-13,145.834,319.02,196.186,206.084,212.89,6.34758e+06,87.7076,108.682,92150
2014-07-20,168.394,367.033,218.203,428.203,244.136,6.34727e+06,100.58,90.9135,92150
2014-07-27,193.075,419.644,248.334,678.891,280.818,6.34691e+06,115.693,137.743,92150
2014-08-03,220.812,479.626,283.736,964.945,321.456,6.3465e+06,132.435,131.492,92150
2014-08-10,252.408,548.195,324.323,1291.88,367.517,6.34603e+06,151.412,87.5347,92150
2014-08-17,288.498,626.558,370.71,1665.57,420.081,6.3455e+06,173.067,124.69,92150
2014-08-24,329.734,716.095,423.713,2092.7,480.134,6.34489e+06,197.808,157.65,92150
2014-08-31,376.846,818.387,484.271,2580.89,548.749,6.34419e+06,226.076,127.174,92150
2014-09-07,430.666,935.236,553.458,3138.84,627.137,6.34339e+06,258.371,328.592,92150
2014-09-14,492.143,1068.7,632.494,3776.49,716.682,6.34248e+06,295.262,295.1,92150
2014-09-21,562.357,1221.11,722.771,4505.17,818.959,6.34144e+06,337.399,317.285,92150
2014-09-28,642.536,1395.15,825.874,5337.83,935.761,6.34025e+06,385.52,379.86,92150
2014-07-13,80.1446,175.865,107.535,112.853,116.724,6.34797e+06,77.2997,61.2636,92200
2014-07-20,93.0181,203.335,120.078,234.833,134.524,6.3478e+06,89.088,93.6679,92200
2014-07-27,107.171,233.597,137.302,373.117,155.507,6.3476e+06,102.984,105.474,92200
2014-08-03,123.158,268.273,157.629,531.662,178.872,6.34737e+06,118.457,126.361,92200
2014-08-10,141.46,308.109,181.045,713.734,205.488,6.34711e+06,136.083,135.848,92200
2014-08-17,162.469,353.861,207.939,922.853,236.013,6.3468e+06,156.298,109.875,92200
2014-08-24,186.594,406.399,238.821,1163.03,271.061,6.34646e+06,179.509,215.263,92200
2014-08-31,214.295,466.724,274.281,1438.88,311.306,6.34606e+06,206.161,231.82,92200
2014-09-07,246.101,535.986,314.998,1755.68,357.517,6.3456e+06,236.763,274.807,92200
2014-09-14,282.618,615.502,361.749,2119.5,410.573,6.34507e+06,271.899,271.171,92200
2014-09-21,324.54,706.785,415.422,2537.31,471.485,6.34447e+06,312.238,271.054,92200
2014-09-28,372.663,811.563,477.039,3017.11,541.41,6.34377e+06,358.545,407.493,92200
2014-07-13,93.505,204.33,125.903,132.298,136.609,6.34789e+06,85.583,101.83,92250
2014-07-20,107.781,234.688,139.842,274.751,156.392,6.34769e+06,97.9765,120.453,92250
2014-07-27,123.375,267.895,158.898,435.281,179.586,6.34746e+06,112.507,76.1188,92250
2014-08-03,140.871,305.695,181.256,618.163,205.241,6.3472e+06,128.579,134.626,92250
2014-08-10,160.771,348.841,206.851,826.841,234.272,6.34691e+06,146.767,142.076,92250
2014-08-17,183.466,398.078,236.059,1064.99,267.352,6.34657e+06,167.491,165.571,92250
2014-08-24,209.36,454.254,269.382,1336.75,305.089,6.34618e+06,191.133,216.597,92250
2014-08-31,238.901,518.341,307.4,1646.88,348.143,6.34574e+06,218.105,175.499,92250
2014-09-07,272.602,591.448,350.773,2000.76,397.261,6.34523e+06,248.876,230.874,92250
2014-09-14,311.044,674.838,400.251,2404.58,453.291,6.34466e+06,283.978,297.164,92250
2014-09-21,354.892,769.948,456.69,2865.34,517.203,6.344e+06,324.018,302.805,92250
2014-09-28,404.901,878.416,521.065,3391.06,590.098,6.34325e+06,369.685,319.196,92250
2014-07-13,93.4738,208.545,123.652,129.092,134.427,6.3479e+06,65.1654,58.2628,92300
2014-07-20,111.521,247.586,141.09,270.818,159.164,6.34768e+06,77.1569,72.7108,92300
2014-07-27,131.883,291.838,165.464,435.405,188.961,6.34743e+06,91.6012,106.619,92300
2014-08-03,155.51,343.888,194.909,629.004,223.044,6.34713e+06,108.123,120.885,92300
2014-08-10,183.274,405.24,229.698,857.126,262.911,6.34677e+06,127.449,41.7604,92300
2014-08-17,215.975,477.536,270.692,1125.96,309.832,6.34636e+06,150.195,215.469,92300
2014-08-24,254.503,562.712,318.99,1442.77,365.109,6.34587e+06,176.991,173.747,92300
2014-08-31,299.892,663.053,375.892,1816.1,430.232,6.3453e+06,208.561,298.384,92300
2014-09-07,353.36,781.247,442.926,2256.02,506.951,6.34462e+06,245.751,173.703,92300
2014-09-14,416.338,920.454,521.889,2774.38,597.319,6.34382e+06,289.558,448.256,92300
2014-09-21,490.51,1084.39,614.895,3385.13,703.755,6.34288e+06,341.154,277.719,92300
2014-09-28,577.851,1277.42,724.426,4104.69,829.098,6.34177e+06,401.917,451.862,92300
2014-07-13,72.6794,159.78,97.3655,102.122,105.704,6.34802e+06,75.7005,64.7307,92350
2014-07-20,84.6124,185.281,108.982,212.693,122.188,6.34786e+06,87.5057,76.9052,92350
2014-07-27,97.7691,213.465,124.964,338.377,141.666,6.34768e+06,101.455,135.68,92350
2014-08-03,112.675,245.853,143.874,482.886,163.419,6.34746e+06,117.034,103.288,92350
2014-08-10,129.791,283.168,165.72,649.313,188.273,6.34722e+06,134.833,107.211,92350
2014-08-17,149.493,326.149,190.882,841.011,216.86,6.34694e+06,155.306,147.34,92350
2014-08-24,172.183,375.646,219.859,1061.81,249.778,6.34662e+06,178.88,214.016,92350
2014-08-31,198.312,432.645,253.228,1316.13,287.685,6.34625e+06,206.028,123.251,92350
2014-09-07,228.4,498.275,291.654,1609.04,331.337,6.34582e+06,237.289,248.268,92350
2014-09-14,263.043,573.842,335.901,1946.39,381.601,6.34533e+06,273.286,292.753,92350
2014-09-21,302.93,660.841,386.847,2334.92,439.474,6.34476e+06,314.732,321.56,92350
2014-09-28,348.85,760.994,445.503,2782.37,506.103,6.34411e+06,362.449,271.139,92350
2014-07-13,98.1664,219.07,129.832,135.532,141.149,6.34787e+06,72.3837,81.1392,92400
2014-07-20,117.168,260.185,148.19,284.365,167.191,6.34764e+06,85.7386,69.5237,92400
2014-07-27,138.617,306.808,173.857,457.268,198.57,6.34737e+06,101.831,79.6089,92400
2014-08-03,163.513,361.668,204.875,660.728,234.478,6.34706e+06,120.245,108.613,92400
2014-08-10,192.781,426.357,241.537,900.563,276.496,6.34669e+06,141.792,167.137,92400
2014-08-17,227.266,502.614,284.755,1183.31,325.969,6.34625e+06,167.163,168.28,92400
2014-08-24,267.911,592.49,335.692,1516.65,384.272,6.34574e+06,197.062,222.675,92400
2014-08-31,315.812,698.406,395.724,1909.6,452.987,6.34513e+06,232.3,240.449,92400
2014-09-07,372.26,823.213,466.473,2372.82,533.966,6.34442e+06,273.828,330.751,92400
2014-09-14,438.772,970.262,549.842,2918.84,629.389,6.34357e+06,322.762,317.846,92400
2014-09-21,517.132,1143.49,648.073,3562.43,741.817,6.34258e+06,380.417,291.573,92400
2014-09-28,609.439,1347.54,763.799,4320.97,874.264,6.34141e+06,448.339,521.779,92400
2014-07-13,102.226,220.427,139.186,146.845,150.84,6.34784e+06,91.0303,97.6517,92450
2014-07-20,115.281,247.887,152.017,303.069,169.054,6.34763e+06,102.022,121.644,92450
2014-07-27,129.252,277.251,169.316,475.821,190.052,6.3474e+06,114.694,138.668,92450
2014-08-03,144.596,309.985,189.244,668.68,212.786,6.34714e+06,128.414,118.86,92450
2014-08-10,161.69,346.594,211.604,884.297,237.978,6.34685e+06,143.617,154.641,92450
2014-08-17,180.789,387.526,236.606,1125.39,266.096,6.34652e+06,160.586,135.817,92450
2014-08-24,202.139,433.284,264.554,1394.97,297.524,6.34616e+06,179.553,122.65,92450
2014-08-31,226.004,484.431,295.795,1696.38,332.655,6.34575e+06,200.754,136.762,92450
2014-09-07,252.679,541.597,330.716,2033.38,371.924,6.34529e+06,224.452,214.655,92450
2014-09-14,282.493,605.488,369.747,2410.17,415.815,6.34478e+06,250.94,221.099,92450
2014-09-21,315.812,676.889,413.372,2831.41,464.868,6.34421e+06,280.543,225.521,92450
2014-09-28,353.047,756.674,462.125,3302.35,519.688,6.34358e+06,313.626,322.989,92450
2014-07-13,81.5002,180.593,108.449,113.466,117.823,6.34797e+06,75.1303,85.6942,92500
2014-07-20,96.134,212.071,122.638,237.232,137.955,6.34778e+06,87.967,55.5796,92500
2014-07-27,112.469,247.335,142.325,379.532,161.987,6.34757e+06,103.291,137.194,92500
2014-08-03,131.213,288.366,165.879,545.151,189.173,6.34732e+06,120.627,130.508,92500
2014-08-10,153.004,336.22,193.418,738.239,220.627,6.34703e+06,140.683,116.607,92500
2014-08-17,178.399,392.016,225.527,963.383,257.253,6.34669e+06,164.038,179.126,92500
2014-08-24,208.003,457.061,262.958,1225.9,299.947,6.3463e+06,191.262,217,92500
2014-08-31,242.512,532.88,306.592,1531.98,349.715,6.34584e+06,222.997,183.642,92500
2014-09-07,282.736,621.252,357.455,1888.84,407.728,6.3453e+06,259.989,229.515,92500
2014-09-14,329.618,724.246,416.741,2304.9,475.346,6.34467e+06,303.105,262.176,92500
2014-09-21,384.255,844.269,485.838,2789.96,554.152,6.34395e+06,353.356,495.291,92500
2014-09-28,447.923,984.122,566.362,3355.42,645.988,6.3431e+06,411.916,353.679,92500
2014-07-13,84.56,185.715,113.376,118.951,123.074,6.34795e+06,78.0395,93.2952,92550
2014-07-20,98.2832,215.018,126.742,247.626,142.041,6.34776e+06,90.0662,57.4835,92550
2014-07-27,113.39,247.349,145.112,393.68,164.424,6.34755e+06,104.259,85.2877,92550
2014-08-03,130.479,284.444,166.816,561.357,189.382,6.34731e+06,120.084,121.805,92550
2014-08-10,150.069,327.116,191.853,754.172,217.852,6.34703e+06,138.137,125.032,92550
2014-08-17,172.586,376.191,220.646,975.927,250.547,6.3467e+06,158.868,189.076,92550
2014-08-24,198.477,432.618,253.752,1230.96,288.136,6.34633e+06,182.703,146.899,92550
2014-08-31,228.245,497.495,291.817,1524.25,331.356,6.34591e+06,210.108,234.397,92550
2014-09-07,262.469,572.079,335.582,1861.53,381.048,6.34542e+06,241.617,246.705,92550
2014-09-14,301.813,657.819,385.898,2249.39,438.175,6.34486e+06,277.841,296.562,92550
2014-09-21,347.04,756.373,443.74,2695.39,503.847,6.34421e+06,319.482,359.257,92550
2014-09-28,399.024,869.645,510.23,3208.24,579.335,6.34346e+06,367.348,456.337,92550
2014-07-13,92.9766,201.759,125.927,132.605,136.548,6.3479e+06,87.6471,53.6783,92600
2014-07-20,105.946,229.18,138.634,274.482,154.585,6.3477e+06,99.2243,113.551,92600
2014-07-27,119.96,258.82,155.879,432.781,175.545,6.34748e+06,112.678,92.488,92600
2014-08-03,135.509,292.192,175.918,611.211,198.469,6.34724e+06,127.392,156.391,92600
2014-08-10,153.003,329.878,198.618,812.637,224.126,6.34696e+06,143.861,192.506,92600
2014-08-17,172.74,372.425,224.246,1040.05,253.046,6.34664e+06,162.424,232.108,92600
2014-08-24,195.019,420.452,253.174,1296.81,285.686,6.34628e+06,183.375,224.384,92600
2014-08-31,220.166,474.658,285.825,1586.69,322.527,6.34588e+06,207.022,120.065,92600
2014-09-07,248.547,535.836,322.679,1913.94,364.109,6.34543e+06,233.713,230.429,92600
2014-09-14,280.577,604.876,364.272,2283.39,411.039,6.34492e+06,263.836,275.239,92600
2014-09-21,316.723,682.784,411.213,2700.45,464.001,6.34434e+06,297.831,327.679,92600
2014-09-28,357.51,770.69,464.185,3171.24,523.765,6.34369e+06,336.192,309.589,92600
2014-07-13,105.101,232.507,140.049,146.604,152.132,6.34783e+06,71.1862,82.8643,92650
2014-07-20,123.634,272.319,158.035,306.269,177.65,6.34759e+06,83.127,74.1796,92650
2014-07-27,144.269,316.792,182.945,489.407,208.048,6.34732e+06,97.351,109.026,92650
2014-08-03,167.883,368.403,212.678,702.016,242.342,6.347e+06,113.398,130.774,92650
2014-08-10,195.263,428.439,247.353,949.256,281.915,6.34663e+06,131.915,98.9189,92650
2014-08-17,227.089,498.257,287.679,1236.8,327.874,6.3462e+06,153.421,153.116,92650
2014-08-24,264.092,579.434,334.565,1571.22,381.306,6.3457e+06,178.423,195.22,92650
2014-08-31,307.112,673.807,389.078,1960.14,443.43,6.34512e+06,207.492,227.342,92650
2014-09-07,357.125,783.513,452.455,2412.42,515.653,6.34444e+06,241.287,209.26,92650
2014-09-14,415.26,911.028,526.13,2938.35,599.611,6.34366e+06,280.573,268.624,92650
2014-09-21,482.829,1059.22,611.769,3549.91,697.198,6.34275e+06,326.236,271.102,92650
2014-09-28,561.352,1231.43,711.301,4260.99,810.613,6.34168e+06,379.306,461.669,92650
2014-07-13,75.0287,164.352,100.819,105.862,109.417,6.348e+06,77.1118,73.8466,92700
2014-07-20,86.8295,189.496,112.328,220.102,125.749,6.34784e+06,88.6219,91.7811,92700
2014-07-27,99.7682,217.115,128.101,349.287,144.958,6.34766e+06,102.159,94.3273,92700
2014-08-03,114.343,248.676,146.671,497.004,166.287,6.34744e+06,117.191,73.0376,92700
2014-08-10,130.983,284.835,168.007,666.186,190.518,6.3472e+06,134.268,135.722,92700
2014-08-17,150.032,326.255,192.446,859.979,218.232,6.34692e+06,153.8,191.598,92700
2014-08-24,171.848,373.69,220.434,1081.96,249.968,6.3466e+06,176.166,154.026,92700
2014-08-31,196.832,428.012,252.487,1336.22,286.312,6.34624e+06,201.78,205.799,92700
2014-09-07,225.442,490.215,289.192,1627.45,327.933,6.34582e+06,231.111,233.166,92700
2014-09-14,258.201,561.438,331.224,1961.01,375.592,6.34534e+06,264.699,289.528,92700
2014-09-21,295.711,642.984,379.353,2343.04,430.162,6.34479e+06,303.158,324.041,92700
2014-09-28,338.654,736.341,434.458,2780.58,492.642,6.34416e+06,347.191,419.602,92700
2014-07-13,86.7897,188.224,117.604,123.862,127.517,6.34793e+06,87.9637,94.1102,92750
2014-07-20,98.8022,213.611,129.377,256.317,144.228,6.34775e+06,99.4911,104.821,92750
2014-07-27,111.771,241.025,145.345,403.982,163.633,6.34755e+06,112.877,91.5217,92750
2014-08-03,126.148,271.863,163.886,570.279,184.838,6.34732e+06,127.505,138.75,92750
2014-08-10,142.308,306.658,184.87,757.843,208.549,6.34706e+06,143.861,123.283,92750
2014-08-17,160.525,345.907,208.541,969.424,235.252,6.34677e+06,162.282,124.732,92750
2014-08-24,181.069,390.172,235.236,1208.09,265.364,6.34644e+06,183.053,221.646,92750
2014-08-31,204.238,440.091,265.341,1477.31,299.322,6.34606e+06,206.478,152.769,92750
2014-09-07,230.365,496.381,299.292,1780.98,337.618,6.34564e+06,232.895,177.344,92750
2014-09-14,259.827,559.851,337.577,2123.49,380.802,6.34517e+06,262.684,248.332,92750
2014-09-21,293.045,631.413,380.747,2509.82,429.495,6.34463e+06,296.274,229.054,92750
2014-09-28,330.497,712.092,429.422,2945.54,484.396,6.34403e+06,334.145,358.534,92750
2014-07-13,103.952,224.385,141.411,149.146,153.266,6.34783e+06,89.4103,71.0764,92800
2014-07-20,117.43,252.76,154.651,307.967,172.061,6.34762e+06,100.375,109.579,92800
2014-07-27,131.877,283.156,172.522,483.853,193.757,6.34738e+06,113.031,98.1084,92800
2014-08-03,147.771,317.098,193.138,680.524,217.287,6.34711e+06,126.758,113.835,92800
2014-08-10,165.506,355.117,216.306,900.758,243.403,6.34681e+06,141.993,112.465,92800
2014-08-17,185.354,397.696,242.253,1147.41,272.601,6.34648e+06,159.026,174.612,92800
2014-08-24,207.577,445.37,271.304,1423.65,305.287,6.3461e+06,178.095,217.284,92800
2014-08-31,232.457,498.744,303.83,1733.01,341.884,6.34568e+06,199.444,211.86,92800
2014-09-07,260.312,558.497,340.246,2079.45,382.858,6.34521e+06,223.346,255.237,92800
2014-09-14,291.494,625.384,381.015,2467.41,428.727,6.34468e+06,250.105,335.629,92800
2014-09-21,326.399,700.252,426.653,2901.84,480.074,6.34409e+06,280.059,287.717,92800
2014-09-28,365.467,784.047,477.738,3388.3,537.548,6.34343e+06,313.588,261.924,92800
2014-07-13,91.021,197.253,123.414,130.011,133.808,6.34791e+06,95.159,93.1532,92850
2014-07-20,103.492,223.593,135.641,268.947,151.164,6.34772e+06,107.502,113.725,92850
2014-07-27,116.941,252,152.213,423.674,171.299,6.34751e+06,121.821,99.5483,92850
2014-08-03,131.832,283.919,171.433,597.728,193.274,6.34727e+06,137.449,140.931,92850
2014-08-10,148.549,319.89,193.163,793.816,217.818,6.34699e+06,154.903,138.544,92850
2014-08-17,167.374,360.419,217.647,1014.76,245.427,6.34669e+06,174.538,157.059,92850
2014-08-24,188.579,406.076,245.226,1263.7,276.524,6.34635e+06,196.653,201.581,92850
2014-08-31,212.465,457.504,276.294,1544.19,311.554,6.34596e+06,221.565,207.592,92850
2014-09-07,239.369,515.429,311.289,1860.21,351.012,6.34552e+06,249.626,209.733,92850
2014-09-14,269.672,580.668,350.705,2216.25,395.454,6.34503e+06,281.232,300.043,92850
2014-09-21,303.8,654.137,395.1,2617.36,445.509,6.34448e+06,316.828,300.531,92850
2014-09-28,342.233,736.87,445.098,3069.24,501.879,6.34386e+06,356.916,367.727,92850
2014-07-13,81.8342,180.738,109.2,114.37,118.603,6.34796e+06,77.3918,92.7653,92900
2014-07-20,96.0017,211.13,122.96,238.737,138.126,6.34778e+06,90.1316,84.9267,92900
2014-07-27,111.735,244.985,141.984,381.047,161.334,6.34757e+06,105.275,126.195,92900
2014-08-03,129.693,284.174,164.639,545.838,187.447,6.34733e+06,122.314,74.0135,92900
2014-08-10,150.462,329.646,190.996,736.983,217.501,6.34704e+06,141.926,116.365,92900
2014-08-17,174.542,382.396,221.57,958.727,252.318,6.34671e+06,164.645,192.199,92900
2014-08-24,202.47,443.576,257.029,1215.96,292.695,6.34633e+06,190.992,201.786,92900
2014-08-31,234.861,514.529,298.155,1514.36,339.525,6.34589e+06,221.55,155.838,92900
2014-09-07,272.424,596.808,345.851,1860.5,393.834,6.34537e+06,256.988,218.385,92900
2014-09-14,315.982,692.214,401.162,2262,456.813,6.34478e+06,298.084,354.141,92900
2014-09-21,366.487,802.831,465.299,2727.71,529.841,6.34409e+06,345.737,145.714,92900
2014-09-28,425.042,931.07,539.664,3267.85,614.512,6.34329e+06,400.987,358.413,92900
2014-07-13,76.0732,167.365,101.847,106.798,110.577,6.348e+06,72.7198,75.0735,92950
2014-07-20,88.6727,194.308,114.108,222.513,127.975,6.34783e+06,84.1614,55.1087,92950
2014-07-27,102.58,224.122,130.99,354.184,148.553,6.34764e+06,97.6939,72.3349,92950
2014-08-03,118.356,258.424,150.986,505.75,171.562,6.34742e+06,112.826,132.819,92950
2014-08-10,136.491,297.989,174.111,680.507,197.882,6.34716e+06,130.135,122.908,92950
2014-08-17,157.392,343.613,200.778,882.03,228.19,6.34687e+06,150.067,130.106,92950
2014-08-24,181.489,396.215,231.523,1114.41,263.129,6.34653e+06,173.044,174.909,92950
2014-08-31,209.269,456.856,266.968,1382.38,303.411,6.34613e+06,199.534,221.281,92950
2014-09-07,241.295,526.762,307.831,1691.37,349.849,6.34568e+06,230.074,182.107,92950
2014-09-14,278.212,607.34,354.937,2047.64,403.381,6.34516e+06,265.279,168.245,92950
2014-09-21,320.764,700.214,409.238,2458.43,465.087,6.34456e+06,305.859,322.299,92950
2014-09-28,369.807,807.25,471.825,2932.05,536.209,6.34387e+06,352.631,351.654,92950
2014-07-13,118.966,258.621,160.885,169.325,174.484,6.34774e+06,84.3588,88.5355,93000
2014-07-20,135.961,294.607,177.523,350.786,198.098,6.34749e+06,95.7755,83.0829,93000
2014-07-27,154.376,333.621,200.143,553.767,225.601,6.34721e+06,109.072,92.5798,93000
2014-08-03,174.866,377.669,226.492,783.185,255.767,6.34689e+06,123.657,125.419,93000
2014-08-10,197.98,427.545,256.419,1042.88,289.623,6.34653e+06,140.025,135.757,93000
2014-08-17,224.13,484.005,290.298,1336.89,327.888,6.34611e+06,158.526,159.151,93000
2014-08-24,253.726,547.906,328.64,1669.74,371.191,6.34565e+06,179.462,139.027,93000
2014-08-31,287.22,620.221,372.034,2046.54,420.199,6.34512e+06,203.155,225.724,93000
2014-09-07,325.122,702.05,421.143,2473.09,475.659,6.34453e+06,229.969,244.653,93000
2014-09-14,368.01,794.636,476.714,2955.94,538.416,6.34385e+06,260.311,261.254,93000
2014-09-21,416.533,899.383,539.593,3502.48,609.424,6.34309e+06,294.641,238.375,93000
2014-09-28,471.428,1017.87,610.734,4121.1,689.76,6.34223e+06,333.481,516.723,93000
2014-07-13,121.214,265.256,163.017,171.223,176.902,6.34773e+06,87.6733,72.3892,93050
2014-07-20,140.047,305.35,181.393,355.828,202.982,6.34747e+06,100.598,98.887,93050
2014-07-27,160.663,349.312,206.552,564.282,233.613,6.34717e+06,115.779,140.299,93050
2014-08-03,183.846,399.464,236.128,802.275,267.569,6.34683e+06,132.608,111.344,93050
2014-08-10,210.271,456.83,270.055,1074.43,306.079,6.34644e+06,151.694,179.405,93050
2014-08-17,240.472,522.432,308.854,1385.68,350.053,6.34599e+06,173.487,203.206,93050
2014-08-24,275.001,597.434,353.213,1741.65,400.324,6.34548e+06,198.402,203.725,93050
2014-08-31,314.475,683.175,403.928,2148.73,457.797,6.3449e+06,226.885,192.158,93050
2014-09-07,359.6,781.184,461.905,2614.25,523.499,6.34423e+06,259.448,252.593,93050
2014-09-14,411.18,893.204,528.18,3146.58,598.602,6.34347e+06,296.669,282.131,93050
2014-09-21,470.129,1021.22,603.932,3755.27,684.443,6.3426e+06,339.212,306.245,93050
2014-09-28,537.495,1167.51,690.507,4451.24,782.544,6.3416e+06,387.831,365.235,93050
2014-07-13,95.1166,205.076,129.516,136.647,140.359,6.34788e+06,86.8711,69.0707,93100
2014-07-20,107.246,230.587,141.438,282.009,157.283,6.34769e+06,97.3457,107.591,93100
2014-07-27,120.224,257.863,157.511,442.728,176.791,6.34747e+06,109.42,89.5939,93100
2014-08-03,134.477,288.266,176.022,622.125,197.909,6.34723e+06,122.49,111.478,93100
2014-08-10,150.352,322.262,196.791,822.663,221.306,6.34696e+06,136.971,131.806,93100
2014-08-17,168.087,360.268,220.01,1046.86,247.419,6.34665e+06,153.132,148.413,93100
2014-08-24,187.91,402.75,245.962,1297.51,276.6,6.34632e+06,171.193,149.321,93100
2014-08-31,210.065,450.228,274.967,1577.72,309.216,6.34594e+06,191.38,159.618,93100
2014-09-07,234.826,503.289,307.385,1890.97,345.669,6.34551e+06,213.941,147.443,93100
2014-09-14,262.497,562.583,343.616,2241.15,386.408,6.34504e+06,239.155,246.44,93100
2014-09-21,293.418,628.84,384.104,2632.6,431.933,6.34451e+06,267.332,309.947,93100
2014-09-28,327.969,702.871,429.347,3070.16,482.805,6.34392e+06,298.817,239.409,93100
2014-07-13,111.463,240.363,151.753,160.1,164.46,6.34779e+06,93.1637,84.017,93150
2014-07-20,125.713,270.338,165.758,330.437,184.341,6.34756e+06,104.426,111.967,93150
2014-07-27,140.964,302.394,184.642,518.815,207.262,6.3473e+06,117.41,90.1028,93150
2014-08-03,157.716,338.134,206.396,729.142,232.081,6.34702e+06,131.469,108.747,93150
2014-08-10,176.38,378.108,230.808,964.315,259.585,6.3467e+06,147.05,128.422,93150
2014-08-17,197.235,422.806,258.107,1227.3,290.288,6.34634e+06,164.442,166.878,93150
2014-08-24,220.55,472.778,288.625,1521.39,324.607,6.34595e+06,183.884,126.189,93150
2014-08-31,246.614,528.64,322.742,1850.25,362.973,6.3455e+06,205.617,177.648,93150
2014-09-07,275.749,591.081,360.88,2217.97,405.862,6.345e+06,229.913,305.076,93150
2014-09-14,308.314,660.871,403.512,2629.14,453.802,6.34445e+06,257.07,259.297,93150
2014-09-21,344.712,738.869,451.163,3088.88,507.384,6.34383e+06,287.423,304.333,93150
2014-09-28,385.388,826.032,504.419,3602.89,567.269,6.34313e+06,321.347,312.559,93150
2014-07-13,97.9583,213.039,132.429,139.359,143.628,6.34787e+06,83.0515,95.2955,93200
2014-07-20,112.028,242.841,146.2,288.762,163.173,6.34766e+06,94.3532,105.359,93200
2014-07-27,127.283,275.176,164.932,455.98,185.95,6.34743e+06,107.524,55.9744,93200
2014-08-03,144.269,311.707,186.764,645.097,210.949,6.34716e+06,121.979,62.5423,93200
2014-08-10,163.445,353.1,211.576,859.31,239.026,6.34686e+06,138.214,171.588,93200
2014-08-17,185.153,399.99,239.685,1101.98,270.782,6.34652e+06,156.576,127.909,93200
2014-08-24,209.739,453.097,271.519,1376.89,306.742,6.34614e+06,177.37,199.252,93200
2014-08-31,237.583,513.239,307.572,1688.31,347.469,6.3457e+06,200.92,190.554,93200
2014-09-07,269.115,581.343,348.402,2041.07,393.59,6.34521e+06,227.589,260.286,93200
2014-09-14,304.82,658.457,394.638,2440.65,445.819,6.34465e+06,257.79,244.604,93200
2014-09-21,345.248,745.767,446.993,2893.25,504.957,6.34402e+06,291.986,212.239,93200
2014-09-28,391.018,844.611,506.272,3405.89,571.915,6.3433e+06,330.704,304.976,93200
2014-07-13,130.884,281.95,178.346,188.213,193.262,6.34767e+06,94.9159,89.2197,93250
2014-07-20,147.367,316.593,194.554,388.277,216.271,6.3474e+06,106.216,98.3152,93250
2014-07-27,164.98,353.575,216.385,609.209,242.763,6.34711e+06,119.227,144.44,93250
2014-08-03,184.294,394.74,241.498,855.497,271.401,6.34677e+06,133.292,116.941,93250
2014-08-10,205.776,440.705,269.635,1130.44,303.085,6.3464e+06,148.852,138.797,93250
2014-08-17,229.742,492.021,301.049,1437.43,338.395,6.34599e+06,166.194,214.473,93250
2014-08-24,256.491,549.296,336.109,1780.17,377.8,6.34553e+06,185.547,169.334,93250
2014-08-31,286.344,613.217,375.241,2162.82,421.78,6.34501e+06,207.147,259.256,93250
2014-09-07,319.66,684.547,418.913,2590.01,470.863,6.34444e+06,231.253,233.531,93250
2014-09-14,356.837,764.141,467.649,3066.91,525.637,6.34379e+06,258.153,244.129,93250
2014-09-21,398.319,852.945,522.033,3599.28,586.755,6.34308e+06,288.17,363.555,93250
2014-09-28,444.599,952.015,582.713,4193.54,654.947,6.34228e+06,321.661,327.489,93250
2014-07-13,113.823,247.686,153.802,161.821,166.817,6.34777e+06,79.187,77.2511,93300
2014-07-20,130.296,282.594,169.92,335.396,189.694,6.34753e+06,90.0466,98.7106,93300
2014-07-27,148.173,320.506,191.858,529.831,216.372,6.34726e+06,102.711,162.243,93300
2014-08-03,168.095,363.376,217.447,749.922,245.68,6.34695e+06,116.623,187.519,93300
2014-08-10,190.605,411.993,246.554,999.44,278.626,6.3466e+06,132.262,95.0945,93300
2014-08-17,216.111,467.113,279.556,1282.36,315.921,6.3462e+06,149.966,209.903,93300
2014-08-24,245.022,529.592,316.963,1603.14,358.189,6.34576e+06,170.031,120.616,93300
2014-08-31,277.791,600.407,359.364,1966.84,406.1,6.34525e+06,192.774,163.149,93300
2014-09-07,314.931,680.663,407.422,2379.19,460.404,6.34467e+06,218.551,107.563,93300
2014-09-14,357.02,771.61,461.889,2846.67,521.946,6.34401e+06,247.765,292.899,93300
2014-09-21,404.715,874.662,523.614,3376.63,591.688,6.34327e+06,280.871,365.136,93300
2014-09-28,458.755,991.417,593.558,3977.4,670.713,6.34243e+06,318.384,188.03,93300
2014-07-13,82.5803,181.655,110.573,115.953,120.049,6.34796e+06,77.1675,66.4726,93350
2014-07-20,96.2348,210.85,123.861,241.569,138.905,6.34778e+06,89.2884,81.7466,93350
2014-07-27,111.304,243.149,142.155,384.478,161.203,6.34757e+06,103.622,120.448,93350
2014-08-03,128.393,280.3,163.818,548.945,186.13,6.34733e+06,119.645,134.519,93350
2014-08-10,148.032,323.142,188.867,738.533,214.637,6.34705e+06,137.969,121.455,93350
2014-08-17,170.661,372.532,217.746,957.11,247.456,6.34673e+06,159.065,140.07,93350
2014-08-24,196.745,429.463,251.031,1209.1,285.28,6.34636e+06,183.378,145.149,93350
2014-08-31,226.808,495.079,289.397,1499.62,328.877,6.34594e+06,211.403,190.366,93350
2014-09-07,261.457,570.699,333.616,1834.52,379.125,6.34545e+06,243.702,219.07,93350
2014-09-14,301.388,657.842,384.579,2220.59,437.035,6.34489e+06,280.927,303.729,93350
2014-09-21,347.402,758.256,443.309,2665.63,503.769,6.34424e+06,323.824,256.509,93350
2014-09-28,400.421,873.95,510.986,3178.62,580.667,6.34349e+06,373.254,402.165,93350
2014-07-13,87.8764,189.496,119.642,126.223,129.66,6.34793e+06,94.0846,79.7834,93400
2014-07-20,99.1087,213.124,130.681,260.514,145.331,6.34775e+06,105.456,105.659,93400
2014-07-27,111.13,238.393,145.566,409.028,163.398,6.34755e+06,118.566,114.523,93400
2014-08-03,124.336,266.567,162.714,574.842,182.962,6.34732e+06,132.762,124.916,93400
2014-08-10,139.048,298.079,181.958,760.241,204.644,6.34707e+06,148.495,184.583,93400
2014-08-17,155.489,333.318,203.478,967.569,228.847,6.34679e+06,166.058,159.398,93400
2014-08-24,173.871,372.716,227.537,1199.41,255.903,6.34648e+06,185.69,206.769,93400
2014-08-31,194.42,416.761,254.434,1458.67,286.151,6.34613e+06,207.639,204.923,93400
2014-09-07,217.393,465.998,284.505,1748.56,319.967,6.34573e+06,232.177,185.22,93400
2014-09-14,243.073,521.036,318.12,2072.72,357.769,6.3453e+06,259.607,290.088,93400
2014-09-21,271.778,582.553,355.696,2435.17,400.025,6.3448e+06,290.269,292.623,93400
2014-09-28,303.861,651.309,397.698,2840.42,447.256,6.34426e+06,324.541,290.798,93400
2014-07-13,143.212,310.793,193.952,204.233,210.314,6.3476e+06,86.2489,61.6451,93450
2014-07-20,163.208,353.074,213.545,422.763,238.123,6.3473e+06,97.6534,113.505,93450
2014-07-27,184.817,398.777,240.135,666.613,270.44,6.34696e+06,110.907,102.066,93450
2014-08-03,208.794,450.236,271.033,941.503,305.788,6.34658e+06,125.403,162.663,93450
2014-08-10,235.768,508.347,306.035,1251.85,345.35,6.34615e+06,141.627,134.447,93450
2014-08-17,266.203,573.952,345.553,1602.28,389.944,6.34566e+06,159.915,123.512,93450
2014-08-24,300.554,648.002,390.158,1997.94,440.272,6.34511e+06,180.554,186.583,93450
2014-08-31,339.325,731.573,440.502,2444.68,497.076,6.34449e+06,203.849,247.054,93450
2014-09-07,383.079,825.881,497.321,2949.04,561.184,6.34379e+06,230.14,170.208,93450
2014-09-14,432.452,932.294,561.442,3518.45,633.529,6.34301e+06,259.808,273.134,93450
2014-09-21,488.159,1052.35,633.796,4161.26,715.16,6.34211e+06,293.285,312.827,93450
2014-09-28,551.006,1187.78,715.431,4886.88,807.258,6.34111e+06,331.054,247.303,93450
2014-07-13,72.9806,160.424,97.7781,102.558,106.151,6.34802e+06,77.2214,78.5354,93500
2014-07-20,84.9474,185.995,109.428,213.591,122.682,6.34786e+06,89.2478,93.2495,93500
2014-07-27,98.1392,214.251,125.455,339.778,142.214,6.34767e+06,103.456,71.8753,93500
2014-08-03,113.083,246.717,144.414,484.842,164.023,6.34746e+06,119.322,138.353,93500
2014-08-10,130.237,284.114,166.314,651.879,188.937,6.34722e+06,137.446,107.216,93500
2014-08-17,149.982,327.183,191.533,844.247,217.588,6.34694e+06,158.289,134.156,93500
2014-08-24,172.717,376.772,220.571,1065.78,250.573,6.34661e+06,182.284,209.941,93500
2014-08-31,198.893,433.867,254.005,1320.9,288.552,6.34624e+06,209.913,261.673,93500
2014-09-07,229.029,499.598,292.498,1614.68,332.278,6.34581e+06,241.722,207.703,93500
2014-09-14,263.723,575.266,336.816,1952.99,382.619,6.34532e+06,278.344,282.928,93500
2014-09-21,303.661,662.368,387.834,2342.54,440.57,6.34475e+06,320.502,236.093,93500
2014-09-28,349.631,762.621,446.563,2791.09,507.278,6.3441e+06,369.03,207.261,93500
2014-07-13,86.2158,189.244,115.652,121.36,125.538,6.34794e+06,90.5927,60.6909,93550
2014-07-20,100.113,218.905,129.191,252.572,144.752,6.34775e+06,104.458,106.346,93550
2014-07-27,115.399,251.598,147.788,401.384,167.409,6.34753e+06,120.808,99.0952,93550
2014-08-03,132.673,289.077,169.744,572.077,192.649,6.34729e+06,139.022,133.393,93550
2014-08-10,152.458,332.151,195.048,768.188,221.415,6.347e+06,159.781,207.563,93550
2014-08-17,175.179,381.644,224.123,993.534,254.421,6.34668e+06,183.599,212.28,93550
2014-08-24,201.281,438.502,257.524,1252.47,292.333,6.3463e+06,210.958,214.11,93550
2014-08-31,231.265,503.816,295.893,1549.98,335.886,6.34587e+06,242.387,232.446,93550
2014-09-07,265.708,578.838,339.97,1891.82,385.916,6.34537e+06,278.491,303.869,93550
2014-09-14,305.268,665.003,390.599,2284.58,443.382,6.3448e+06,319.96,301.649,93550
2014-09-21,350.703,763.957,448.749,2735.81,509.385,6.34415e+06,367.59,336.574,93550
2014-09-28,402.88,877.589,515.534,3254.21,585.185,6.3434e+06,422.29,356.178,93550
2014-07-13,87.8814,191.238,118.747,124.939,128.796,6.34793e+06,85.6283,86.7967,93600
2014-07-20,100.602,218.197,131.194,258.954,146.462,6.34774e+06,97.3733,120.525,93600
2014-07-27,114.408,247.476,148.136,409.077,167.065,6.34753e+06,111.071,124.424,93600
2014-08-03,129.795,280.588,167.898,579.015,189.7,6.34729e+06,126.119,98.6662,93600
2014-08-10,147.182,318.141,190.379,771.679,215.146,6.34702e+06,143.037,141.641,93600
2014-08-17,166.884,360.721,215.87,990.142,243.953,6.34672e+06,162.189,162.744,93600
2014-08-24,189.219,408.992,244.766,1237.85,276.606,6.34637e+06,183.897,217.34,93600
2014-08-31,214.537,463.71,277.523,1518.72,313.621,6.34598e+06,208.507,222.311,93600
2014-09-07,243.236,525.731,314.655,1837.16,355.58,6.34553e+06,236.402,215.876,93600
2014-09-14,275.765,596.026,356.745,2198.21,403.14,6.34502e+06,268.022,225.255,93600
2014-09-21,312.632,675.692,404.451,2607.55,457.044,6.34445e+06,303.859,325.962,93600
2014-09-28,354.412,765.971,458.518,3071.62,518.135,6.3438e+06,344.475,392.393,93600
2014-07-13,95.3649,209.316,127.93,134.246,138.865,6.34788e+06,86.5282,72.8065,93650
2014-07-20,110.729,242.105,142.898,279.384,160.106,6.34767e+06,99.7637,82.4626,93650
2014-07-27,127.625,278.243,163.456,443.978,185.152,6.34744e+06,115.37,140.618,93650
2014-08-03,146.718,319.665,187.726,632.76,213.052,6.34716e+06,132.755,148.464,93650
2014-08-10,168.585,367.268,215.694,849.637,244.845,6.34685e+06,152.566,168.18,93650
2014-08-17,193.694,421.96,247.827,1098.83,281.321,6.34649e+06,175.294,192.726,93650
2014-08-24,222.536,484.783,284.737,1385.13,323.216,6.34607e+06,201.399,190.414,93650
2014-08-31,255.665,556.942,327.134,1714.07,371.339,6.3456e+06,231.385,195.601,93650
2014-09-07,293.715,639.815,375.832,2091.99,426.612,6.34505e+06,265.827,293.491,93650
2014-09-14,337.413,734.987,431.762,2526.15,490.094,6.34442e+06,305.382,268.152,93650
2014-09-21,387.594,844.27,495.994,3024.91,562.996,6.3437e+06,350.808,405.4,93650
2014-09-28,445.214,969.744,569.753,3597.86,646.708,6.34287e+06,402.97,434.766,93650
2014-07-13,124.064,261.892,171.869,182.445,185.912,6.34771e+06,116.591,113.976,93700
2014-07-20,135.164,284.845,182.891,372.988,201.564,6.34747e+06,126.407,77.2842,93700
2014-07-27,146.669,308.524,197.436,577.584,219.141,6.34722e+06,137.43,95.5096,93700
2014-08-03,158.888,334.064,213.718,798.846,237.544,6.34694e+06,148.971,163.599,93700
2014-08-10,172.059,361.724,231.423,1038.41,257.27,6.34665e+06,161.342,183.418,93700
2014-08-17,186.308,391.672,250.595,1297.82,278.584,6.34632e+06,174.708,152.599,93700
2014-08-24,201.732,424.092,271.348,1578.72,301.651,6.34597e+06,189.174,187.187,93700
2014-08-31,218.428,459.183,293.811,1882.88,326.62,6.3456e+06,204.833,196.308,93700
2014-09-07,236.499,497.164,318.126,2212.21,353.647,6.34519e+06,221.782,151.718,93700
2014-09-14,256.058,538.269,344.444,2568.79,382.899,6.34474e+06,240.128,355.392,93700
2014-09-21,277.225,582.754,372.928,2954.87,414.559,6.34426e+06,259.982,272.644,93700
2014-09-28,300.132,630.893,403.754,3372.86,448.821,6.34374e+06,281.469,311.546,93700
2014-07-13,84.7754,188.967,112.234,117.205,122.003,6.34795e+06,68.7024,53.5553,93750
2014-07-20,100.989,224.016,127.908,245.77,144.238,6.34775e+06,81.2234,45.2268,93750
2014-07-27,119.258,263.682,149.794,394.872,170.989,6.34752e+06,96.2875,100.397,93750
2014-08-03,140.423,310.27,176.201,570.01,201.544,6.34725e+06,113.493,128.742,93750
2014-08-10,165.26,365.109,207.357,776.086,237.232,6.34694e+06,133.59,149.612,93750
2014-08-17,194.472,429.639,244.019,1018.6,279.176,6.34656e+06,157.209,185.813,93750
2014-08-24,228.842,505.561,287.153,1303.99,328.52,6.34612e+06,184.996,243.541,93750
2014-08-31,269.276,594.876,337.899,1639.81,386.573,6.34561e+06,217.687,258.789,93750
2014-09-07,316.842,699.939,397.6,2034.98,454.869,6.345e+06,256.145,370.677,93750
2014-09-14,372.792,823.514,467.828,2499.96,535.205,6.34429e+06,301.384,223.099,93750
2014-09-21,438.597,968.845,550.433,3047.05,629.697,6.34345e+06,354.595,433.589,93750
2014-09-28,515.983,1139.74,647.585,3690.72,740.826,6.34246e+06,417.174,254.662,93750
2014-07-13,101.685,222.352,136.84,143.762,148.486,6.34785e+06,79.9492,93.459,93800
2014-07-20,117.337,255.655,152.119,298.652,170.169,6.34763e+06,91.624,66.7509,93800
2014-07-27,134.452,292.124,173.02,473.364,195.613,6.34738e+06,105.324,96.6642,93800
2014-08-03,153.675,333.68,197.566,672.603,223.785,6.34709e+06,120.492,113.026,93800
2014-08-10,175.561,381.162,225.692,900.175,255.698,6.34677e+06,137.676,146.294,93800
2014-08-17,200.547,435.399,257.82,1160.14,292.098,6.3464e+06,157.275,105.595,93800
2014-08-24,229.082,497.341,294.512,1457.12,333.664,6.34597e+06,179.655,156.35,93800
2014-08-31,261.668,568.075,336.415,1796.35,381.134,6.34549e+06,205.214,240.689,93800
2014-09-07,298.879,648.844,384.267,2183.84,435.342,6.34493e+06,234.401,218.074,93800
2014-09-14,341.367,741.063,438.908,2626.44,497.239,6.3443e+06,267.729,272.329,93800
2014-09-21,389.876,846.344,501.298,3131.96,567.912,6.34358e+06,305.781,362.933,93800
2014-09-28,445.254,966.524,572.527,3709.33,648.596,6.34276e+06,349.224,393.107,93800
2014-07-13,80.4501,175.999,108.222,113.681,117.437,6.34797e+06,68.6527,89.0875,93850
2014-07-20,92.9046,202.508,120.376,236.212,134.686,6.3478e+06,78.736,46.3527,93850
2014-07-27,106.532,231.561,137.011,374.516,154.939,6.3476e+06,90.5756,79.9905,93850
2014-08-03,121.851,264.693,156.56,532.347,177.38,6.34737e+06,103.694,72.0263,93850
2014-08-10,139.305,302.576,178.977,712.751,202.821,6.34712e+06,118.567,103.22,93850
2014-08-17,159.247,345.883,204.603,918.987,231.862,6.34682e+06,135.544,160.043,93850
2014-08-24,182.038,395.38,233.891,1154.75,265.049,6.34648e+06,154.945,119.515,93850
2014-08-31,208.086,451.949,267.365,1424.25,302.979,6.3461e+06,177.119,237.1,93850
2014-09-07,237.855,516.594,305.621,1732.33,346.328,6.34566e+06,202.46,237.502,93850
2014-09-14,271.873,590.465,349.34,2084.47,395.867,6.34515e+06,231.42,177.844,93850
2014-09-21,310.744,674.871,399.299,2486.99,452.475,6.34458e+06,264.512,175.363,93850
2014-09-28,355.157,771.305,456.385,2947.06,517.156,6.34392e+06,302.325,256.601,93850
2014-07-13,117.663,255.781,159.127,167.476,172.576,6.34775e+06,82.9329,51.1446,93900
2014-07-20,134.466,291.358,175.576,346.95,195.923,6.3475e+06,94.1524,62.2616,93900
2014-07-27,152.671,329.927,197.94,547.7,223.114,6.34722e+06,107.219,97.7098,93900
2014-08-03,172.927,373.472,223.989,774.587,252.936,6.34691e+06,121.551,115.77,93900
2014-08-10,195.777,422.776,253.574,1031.41,286.406,6.34655e+06,137.634,192.946,93900
2014-08-17,221.627,478.587,287.065,1322.15,324.233,6.34614e+06,155.813,117.812,93900
2014-08-24,250.881,541.751,324.967,1651.28,367.037,6.34568e+06,176.383,148.285,93900
2014-08-31,283.988,613.228,367.861,2023.87,415.479,6.34516e+06,199.662,150.908,93900
2014-09-07,321.451,694.106,416.401,2445.63,470.297,6.34457e+06,226.005,232.367,93900
2014-09-14,363.84,785.613,471.328,2923.02,532.325,6.34391e+06,255.813,262.926,93900
2014-09-21,411.797,889.136,533.475,3463.38,602.506,6.34315e+06,289.539,242.716,93900
2014-09-28,466.049,1006.24,603.785,4074.98,681.903,6.3423e+06,327.694,342.865,93900
2014-07-13,95.2147,207.965,128.257,134.792,139.158,6.34788e+06,80.6743,102.752,93950
2014-07-20,109.664,238.678,142.369,279.866,159.185,6.34768e+06,92.2849,39.9891,93950
2014-07-27,125.434,272.246,161.651,443.236,182.652,6.34745e+06,105.889,110.947,93950
2014-08-03,143.115,310.428,184.258,629.216,208.587,6.34718e+06,120.925,92.7691,93950
2014-08-10,163.21,353.977,210.12,841.268,237.914,6.34688e+06,137.926,114.832,93950
2014-08-17,186.11,403.636,239.609,1083.08,271.305,6.34654e+06,157.284,238.562,93950
2014-08-24,212.218,460.251,273.229,1358.83,309.368,6.34615e+06,179.351,170.665,93950
2014-08-31,241.981,524.79,311.556,1673.26,352.761,6.3457e+06,204.507,228.019,93950
2014-09-07,275.909,598.357,355.249,2031.8,402.228,6.34519e+06,233.185,266.791,93950
2014-09-14,314.581,682.209,405.054,2440.61,458.615,6.34461e+06,265.874,245.66,93950
2014-09-21,358.659,777.773,461.824,2906.72,522.884,6.34395e+06,303.133,364.687,93950
2014-09-28,408.891,886.676,526.527,3438.15,596.132,6.34319e+06,345.597,223.104,93950
2014-07-13,85.7501,188.411,114.929,120.564,124.765,6.34794e+06,74.5475,66.9358,94000
2014-07-20,99.7385,218.291,128.55,251.037,144.094,6.34775e+06,86.0967,90.065,94000
2014-07-27,115.148,251.283,147.279,399.225,166.917,6.34754e+06,99.7334,93.5367,94000
2014-08-03,132.591,289.163,169.422,569.466,192.383,6.34729e+06,114.95,102.905,94000
2014-08-10,152.601,332.766,194.981,765.361,221.454,6.347e+06,132.319,80.5212,94000
2014-08-17,175.616,382.946,224.394,990.808,254.861,6.34668e+06,152.28,138.753,94000
2014-08-24,202.096,440.682,258.237,1250.26,293.295,6.3463e+06,175.244,209.398,94000
2014-08-31,232.563,507.108,297.174,1548.84,337.515,6.34586e+06,201.666,155.52,94000
2014-09-07,267.614,583.524,341.972,1892.43,388.39,6.34536e+06,232.064,208.191,94000
2014-09-14,307.936,671.428,393.509,2287.81,446.918,6.34479e+06,267.035,271.245,94000
2014-09-21,354.317,772.537,452.796,2742.77,514.244,6.34413e+06,307.262,389.877,94000
2014-09-28,407.663,888.822,520.99,3266.26,591.685,6.34337e+06,353.533,344.879,94000
2014-07-13,93.8646,205.251,126.317,132.707,137.067,6.34789e+06,77.8735,93.2091,94050
2014-07-20,108.313,235.991,140.42,275.685,157.081,6.34769e+06,89.2447,71.9782,94050
2014-07-27,124.111,269.655,159.713,436.96,180.568,6.34746e+06,102.588,100.864,94050
2014-08-03,141.855,308.014,182.37,620.875,206.572,6.3472e+06,117.362,155.075,94050
2014-08-10,162.057,351.843,208.332,830.942,236.03,6.3469e+06,134.099,175.45,94050
2014-08-17,185.121,401.909,237.989,1070.92,269.631,6.34655e+06,153.189,163.108,94050
2014-08-24,211.462,459.089,271.859,1345.05,308,6.34616e+06,174.988,166.142,94050
2014-08-31,241.543,524.387,310.54,1658.18,351.82,6.34572e+06,199.884,228.713,94050
2014-09-07,275.895,598.95,354.714,2015.87,401.861,6.3452e+06,228.314,280.112,94050
2014-09-14,315.119,684.087,405.156,2424.43,459.003,6.34462e+06,260.779,217.602,94050
2014-09-21,359.904,781.287,462.754,2891.08,524.248,6.34395e+06,297.848,379.09,94050
2014-09-28,411.032,892.249,528.515,3424.06,598.739,6.34319e+06,340.169,400.825,94050
2014-07-13,84.7521,186.169,113.617,119.197,123.338,6.34795e+06,77.8449,103,94100
2014-07-20,98.5345,215.603,127.039,248.16,142.385,6.34776e+06,89.8665,93.3668,94100
2014-07-27,113.711,248.087,145.49,394.576,164.867,6.34755e+06,104.056,83.5215,94100
2014-08-03,130.883,285.369,167.296,562.713,189.943,6.3473e+06,119.883,145.457,94100
2014-08-10,150.573,328.266,192.455,756.109,218.555,6.34702e+06,137.942,105.821,94100
2014-08-17,173.212,377.613,221.397,978.59,251.422,6.3467e+06,158.686,122.316,94100
2014-08-24,199.249,434.369,254.683,1234.52,289.22,6.34633e+06,182.542,261.283,94100
2014-08-31,229.193,499.64,292.966,1528.93,332.69,6.3459e+06,209.978,228.294,94100
2014-09-07,263.629,574.698,336.992,1867.59,382.683,6.34541e+06,241.531,294.051,94100
2014-09-14,303.227,661.004,387.622,2257.13,440.172,6.34484e+06,277.815,299.934,94100
2014-09-21,348.758,760.236,445.84,2705.19,506.276,6.34419e+06,319.537,417.849,94100
2014-09-28,401.106,874.316,512.78,3220.53,582.281,6.34344e+06,367.508,317.691,94100
2014-07-13,81.9103,178.934,110.321,115.937,119.699,6.34796e+06,80.8122,96.2162,94150
2014-07-20,94.365,205.412,122.484,240.735,136.961,6.34779e+06,92.4661,109.136,94150
2014-07-27,107.962,234.359,139.106,381.304,157.191,6.34759e+06,106.124,129.12,94150
2014-08-03,123.211,267.294,158.6,541.366,179.556,6.34736e+06,121.223,146.336,94150
2014-08-10,140.547,304.869,180.905,723.912,204.852,6.3471e+06,138.301,189.378,94150
2014-08-17,160.308,347.728,206.346,932.133,233.662,6.3468e+06,157.752,152.896,94150
2014-08-24,182.843,396.605,235.359,1169.63,266.512,6.34647e+06,179.93,172.692,94150
2014-08-31,208.541,452.339,268.443,1440.52,303.973,6.34608e+06,205.221,152.318,94150
2014-09-07,237.844,515.889,306.17,1749.48,346.69,6.34564e+06,234.06,287.137,94150
2014-09-14,271.255,588.346,349.189,2101.86,395.398,6.34514e+06,266.944,343.593,94150
2014-09-21,309.348,670.951,398.238,2503.75,450.933,6.34457e+06,304.437,163.811,94150
2014-09-28,352.774,765.119,454.159,2962.07,514.246,6.34392e+06,347.182,336.781,94150
2014-07-13,85.4441,185.292,115.788,121.952,125.547,6.34794e+06,87.0288,77.1036,94200
2014-07-20,97.2582,210.258,127.367,252.355,141.982,6.34776e+06,98.422,105.443,94200
2014-07-27,110.012,237.215,143.071,397.718,161.066,6.34756e+06,111.651,96.4733,94200
2014-08-03,124.148,267.535,161.303,561.403,181.917,6.34734e+06,126.105,130.133,94200
2014-08-10,140.036,301.741,181.936,746.001,205.23,6.34708e+06,142.265,112.825,94200
2014-08-17,157.944,340.322,205.207,954.212,231.483,6.34679e+06,160.463,165.695,94200
2014-08-24,178.138,383.83,231.449,1189.05,261.082,6.34647e+06,180.982,153.352,94200
2014-08-31,200.909,432.888,261.041,1453.92,294.46,6.3461e+06,204.119,166.66,94200
2014-09-07,226.585,488.202,294.408,1752.65,332.095,6.34569e+06,230.208,246.952,94200
2014-09-14,255.534,550.565,332.031,2089.56,374.531,6.34522e+06,259.624,254.342,94200
2014-09-21,288.171,620.871,374.45,2469.51,422.375,6.3447e+06,292.789,281.269,94200
2014-09-28,324.965,700.126,422.272,2898,476.313,6.3441e+06,330.179,324.611,94200
2014-07-13,146.265,314.91,199.396,210.462,216.062,6.34758e+06,93.2845,78.5156,94250
2014-07-20,164.536,353.293,217.367,434.065,241.574,6.34728e+06,104.299,127.32,94250
2014-07-27,184.043,394.229,241.559,680.801,270.928,6.34695e+06,116.973,92.2294,94250
2014-08-03,205.414,439.753,269.366,955.624,302.63,6.34658e+06,130.66,78.5194,94250
2014-08-10,229.163,490.542,300.495,1262.17,337.672,6.34617e+06,145.79,142.398,94250
2014-08-17,255.635,547.192,335.218,1604.13,376.691,6.34571e+06,162.636,157.483,94250
2014-08-24,285.154,610.365,373.939,1985.61,420.196,6.34519e+06,181.419,146.798,94250
2014-08-31,318.069,680.804,417.117,2411.14,468.709,6.34462e+06,202.365,240.794,94250
2014-09-07,354.77,759.338,465.262,2885.8,522.802,6.34398e+06,225.719,245.107,94250
2014-09-14,395.686,846.888,518.941,3415.23,583.111,6.34327e+06,251.758,209.603,94250
2014-09-21,441.298,944.48,578.786,4005.73,650.345,6.34248e+06,280.786,288.476,94250
2014-09-28,492.138,1053.25,645.497,4664.31,725.291,6.34159e+06,313.144,333.766,94250
2014-07-13,112.615,241.707,153.916,162.608,166.735,6.34778e+06,100.188,105.235,94300
2014-07-20,126.041,269.843,167.142,334.894,185.511,6.34755e+06,111.471,127.717,94300
2014-07-27,140.309,299.693,184.89,524.178,207.032,6.3473e+06,124.402,190.032,94300
2014-08-03,155.864,332.731,205.205,734.025,230.162,6.34702e+06,138.3,115.808,94300
2014-08-10,173.068,369.419,227.843,966.991,255.605,6.34671e+06,153.589,147.167,94300
2014-08-17,192.155,410.153,252.978,1225.66,283.804,6.34637e+06,170.533,202.265,94300
2014-08-24,213.341,455.367,280.878,1512.86,315.099,6.34599e+06,189.338,197.413,94300
2014-08-31,236.857,505.551,311.845,1831.73,349.836,6.34556e+06,210.21,245.962,94300
2014-09-07,262.956,561.247,346.217,2185.75,388.391,6.34509e+06,233.377,268.414,94300
2014-09-14,291.921,623.057,384.364,2578.78,431.18,6.34457e+06,259.089,280.609,94300
2014-09-21,324.065,691.644,426.7,3015.11,478.667,6.34399e+06,287.623,275.689,94300
2014-09-28,359.732,767.747,473.68,3499.49,531.361,6.34335e+06,319.286,280.582,94300
2014-07-13,86.5561,187.687,117.303,123.552,127.189,6.34793e+06,90.3892,75.3598,94350
2014-07-20,98.5096,212.945,129.02,255.655,143.819,6.34775e+06,102.208,48.3686,94350
2014-07-27,111.412,240.214,144.908,402.894,163.127,6.34755e+06,115.929,60.7594,94350
2014-08-03,125.711,270.88,163.352,568.669,184.22,6.34732e+06,130.919,168.801,94350
2014-08-10,141.779,305.472,184.221,755.599,207.799,6.34706e+06,147.676,155.213,94350
2014-08-17,159.888,344.483,207.757,966.411,234.348,6.34677e+06,166.543,169.368,94350
2014-08-24,180.305,388.469,234.293,1204.15,264.277,6.34644e+06,187.813,137.998,94350
2014-08-31,203.326,438.059,264.212,1472.26,298.022,6.34607e+06,211.794,224.172,94350
2014-09-07,229.279,493.966,297.943,1774.59,336.067,6.34565e+06,238.832,165.684,94350
2014-09-14,258.536,556.988,335.971,2115.52,378.957,6.34518e+06,269.312,99.8244,94350
2014-09-21,291.517,628.027,378.841,2499.96,427.307,6.34465e+06,303.673,330.019,94350
2014-09-28,328.692,708.096,427.165,2933.44,481.808,6.34405e+06,342.405,392.966,94350
2014-07-13,97.9084,211.151,133.289,140.616,144.451,6.34787e+06,90.6091,88.6262,94400
2014-07-20,110.441,237.517,145.606,290.235,161.936,6.34767e+06,101.577,87.7074,94400
2014-07-27,123.857,265.718,162.215,455.722,182.097,6.34744e+06,114.223,124.056,94400
2014-08-03,138.596,297.166,181.352,640.516,203.931,6.34719e+06,127.919,102.931,94400
2014-08-10,155.018,332.344,202.831,847.168,228.131,6.34691e+06,143.099,169.317,94400
2014-08-17,173.373,371.688,226.853,1078.3,255.15,6.3466e+06,160.047,166.138,94400
2014-08-24,193.897,415.681,253.713,1336.79,285.357,6.34625e+06,178.995,172.188,94400
2014-08-31,216.844,464.868,283.746,1625.89,319.133,6.34586e+06,200.181,233.293,94400
2014-09-07,242.5,519.859,317.325,1949.21,356.896,6.34542e+06,223.869,220.2,94400
2014-09-14,271.182,581.336,354.867,2310.78,399.116,6.34493e+06,250.352,186.905,94400
2014-09-21,303.246,650.057,396.838,2715.13,446.315,6.34438e+06,279.958,255.685,94400
2014-09-28,339.088,726.869,443.755,3167.29,499.076,6.34377e+06,313.053,224.41,94400
2014-07-13,91.9,203.939,122.133,127.723,132.708,6.3479e+06,64.8001,47.3973,94450
2014-07-20,108.668,240.051,138.379,267.234,155.757,6.3477e+06,76.0548,54.1649,94450
2014-07-27,127.428,280.608,160.956,427.983,183.326,6.34745e+06,89.5163,131.816,94450
2014-08-03,149.007,327.909,188.023,615.503,214.586,6.34717e+06,104.781,138.491,94450
2014-08-10,174.151,383.2,219.741,834.624,250.84,6.34684e+06,122.483,77.494,94450
2014-08-17,203.519,447.813,256.807,1090.71,293.151,6.34645e+06,143.143,246.595,94450
2014-08-24,237.834,523.306,300.114,1389.99,342.583,6.346e+06,167.28,304.785,94450
2014-08-31,277.923,611.503,350.712,1739.72,400.336,6.34547e+06,195.48,212.503,94450
2014-09-07,324.758,714.531,409.825,2148.42,467.809,6.34485e+06,228.426,236.436,94450
2014-09-14,379.465,834.873,478.881,2625.99,546.628,6.34413e+06,266.913,317.436,94450
2014-09-21,443.364,975.423,559.545,3184.02,638.693,6.34329e+06,311.868,321.495,94450
2014-09-28,517.987,1139.55,653.758,3836.02,746.218,6.3423e+06,364.371,418.995,94450
2014-07-13,95.7271,207.401,129.822,136.771,140.752,6.34788e+06,84.6563,121.923,94500
2014-07-20,108.799,235.003,142.639,282.9,158.946,6.34768e+06,95.5989,94.7186,94500
2014-07-27,122.89,264.758,160.006,445.579,180.046,6.34746e+06,108.29,109.553,94500
2014-08-03,138.484,298.178,180.142,628.508,203.065,6.3472e+06,122.135,102.002,94500
2014-08-10,155.986,335.827,202.898,834.518,228.765,6.34692e+06,137.592,96.9755,94500
2014-08-17,175.685,378.231,228.528,1066.55,257.664,6.3466e+06,154.973,157.702,94500
2014-08-24,197.867,425.979,257.388,1327.89,290.199,6.34624e+06,174.542,143.858,94500
2014-08-31,222.844,479.742,289.884,1622.23,326.835,6.34584e+06,196.577,173.598,94500
2014-09-07,250.965,540.273,326.474,1953.73,368.086,6.34538e+06,221.387,204.844,94500
2014-09-14,282.626,608.418,367.671,2327.06,414.529,6.34486e+06,249.321,218.761,94500
2014-09-21,318.269,685.131,414.052,2747.49,466.816,6.34429e+06,280.769,287.779,94500
2014-09-28,358.391,771.479,466.265,3220.95,525.676,6.34363e+06,316.171,296.433,94500
2014-07-13,115.1,248.555,156.521,165.062,169.649,6.34776e+06,88.1822,73.5988,94550
2014-07-20,130.114,280.174,171.267,340.897,190.582,6.34753e+06,99.0627,141.437,94550
2014-07-27,146.218,314.069,191.179,535.743,214.758,6.34726e+06,111.629,119.432,94550
2014-08-03,163.946,351.942,214.162,753.755,240.994,6.34697e+06,125.267,95.7672,94550
2014-08-10,183.74,394.392,240.007,998.043,270.133,6.34663e+06,140.413,195.604,94550
2014-08-17,205.906,441.961,268.969,1271.81,302.732,6.34626e+06,157.357,175.501,94550
2014-08-24,230.739,495.256,301.417,1578.61,339.247,6.34584e+06,176.338,150.049,94550
2014-08-31,258.56,554.958,337.768,1922.42,380.157,6.34538e+06,197.602,201.703,94550
2014-09-07,289.725,621.835,378.491,2307.68,425.985,6.34485e+06,221.423,233.485,94550
2014-09-14,324.633,696.742,424.108,2739.38,477.321,6.34427e+06,248.107,242.319,94550
2014-09-21,363.732,780.635,475.204,3223.11,534.821,6.34361e+06,277.995,247.225,94550
2014-09-28,407.52,874.584,532.432,3765.1,599.22,6.34287e+06,311.469,284.346,94550
2014-07-13,84.7526,185.949,113.732,119.362,123.449,6.34795e+06,71.7725,64.4389,94600
2014-07-20,98.3417,214.941,126.974,248.36,142.241,6.34776e+06,82.6978,70.4121,94600
2014-07-27,113.278,246.874,145.154,394.568,164.387,6.34755e+06,95.5737,84.8175,94600
2014-08-03,130.145,283.453,166.604,562.159,189.041,6.34731e+06,109.907,138.042,94600
2014-08-10,149.45,325.466,191.308,754.574,217.12,6.34703e+06,126.232,115.192,94600
2014-08-17,171.606,373.707,219.675,975.522,249.314,6.34671e+06,144.95,155.927,94600
2014-08-24,197.04,429.089,252.239,1229.23,286.269,6.34634e+06,166.435,125.233,94600
2014-08-31,226.238,492.664,289.624,1520.54,328.694,6.34592e+06,191.101,260.934,94600
2014-09-07,259.753,565.638,332.538,1855.01,377.394,6.34544e+06,219.415,219.242,94600
2014-09-14,298.224,649.395,381.799,2239.05,433.295,6.34488e+06,251.915,200.896,94600
2014-09-21,342.376,745.519,438.341,2679.96,497.456,6.34424e+06,289.218,383.621,94600
2014-09-28,393.047,855.827,503.233,3186.16,571.092,6.34351e+06,332.029,363.306,94600
2014-07-13,147.58,322.985,198.459,208.443,215.365,6.34757e+06,80.5026,68.708,94650
2014-07-20,170.537,371.862,220.858,433.197,247.154,6.34725e+06,92.385,102.547,94650
2014-07-27,195.67,425.461,251.528,687.023,284.495,6.34689e+06,106.343,101.53,94650
2014-08-03,223.936,486.612,287.585,976.86,325.893,6.34648e+06,121.817,161.704,94650
2014-08-10,256.157,556.566,328.952,1308.34,372.849,6.346e+06,139.369,133.209,94650
2014-08-17,292.986,636.567,376.262,1687.5,426.472,6.34546e+06,159.413,184.829,94650
2014-08-24,335.096,728.039,430.356,2121.19,487.777,6.34484e+06,182.329,191.247,94650
2014-08-31,383.239,832.613,492.206,2617.21,557.87,6.34412e+06,208.529,213.934,94650
2014-09-07,438.276,952.151,562.915,3184.5,638.003,6.34331e+06,238.482,267.518,94650
2014-09-14,501.186,1088.78,643.747,3833.27,729.603,6.34238e+06,272.722,254.143,94650
2014-09-21,573.084,1244.91,736.139,4575.18,834.299,6.34132e+06,311.857,310.192,94650
2014-09-28,655.243,1423.32,841.728,5423.54,953.946,6.34011e+06,356.58,374.892,94650
2014-07-13,90.893,197.034,123.21,129.784,133.591,6.34791e+06,86.2749,97.3376,94700
2014-07-20,103.397,223.449,135.467,268.516,150.989,6.34772e+06,97.5109,94.5925,94700
2014-07-27,116.887,251.951,152.084,423.079,171.18,6.34751e+06,110.551,124.508,94700
2014-08-03,131.83,283.99,171.366,597.026,193.228,6.34727e+06,124.79,74.6398,94700
2014-08-10,148.614,320.115,193.174,793.082,217.865,6.347e+06,140.7,118.247,94700
2014-08-17,167.522,360.835,217.757,1014.09,245.59,6.34669e+06,158.606,179.359,94700
2014-08-24,188.83,406.728,245.462,1263.22,276.833,6.34635e+06,178.783,191.879,94700
2014-08-31,212.844,458.445,276.683,1544.04,312.042,6.34596e+06,201.522,264.913,94700
2014-09-07,239.905,516.721,311.868,1860.57,351.72,6.34552e+06,227.146,275.701,94700
2014-09-14,270.397,582.385,351.516,2217.36,396.43,6.34503e+06,256.021,245.352,94700
2014-09-21,304.754,656.368,396.192,2619.49,446.809,6.34447e+06,288.556,237.351,94700
2014-09-28,343.462,739.715,446.528,3072.72,503.57,6.34385e+06,325.214,296.811,94700
2014-07-13,125.099,273.208,168.528,177.121,182.849,6.34771e+06,86.797,53.3988,94750
2014-07-20,144.057,313.501,187.044,367.732,209.128,6.34744e+06,99.2715,118.793,94750
2014-07-27,164.745,357.529,212.342,582.35,239.915,6.34713e+06,113.886,118.458,94750
2014-08-03,187.933,407.597,241.996,826.628,273.932,6.34679e+06,130.033,166.843,94750
2014-08-10,214.281,464.69,275.911,1105.1,312.389,6.34639e+06,148.289,137.13,94750
2014-08-17,244.3,529.776,314.576,1422.6,356.165,6.34594e+06,169.069,161.972,94750
2014-08-24,278.515,603.959,358.644,1784.59,406.054,6.34542e+06,192.751,209.434,94750
2014-08-31,317.509,688.501,408.87,2197.28,462.914,6.34484e+06,219.741,265.176,94750
2014-09-07,361.946,784.839,466.111,2667.75,527.713,6.34417e+06,250.501,323.909,94750
2014-09-14,412.582,894.608,531.341,3204.07,601.555,6.34341e+06,285.553,299.622,94750
2014-09-21,470.274,1019.66,605.667,3815.44,685.691,6.34254e+06,325.492,512.401,94750
2014-09-28,535.998,1162.12,690.349,4512.3,781.547,6.34155e+06,370.994,128.125,94750
2014-07-13,75.8418,166.393,101.777,106.817,110.473,6.348e+06,80.4375,72.4882,94800
2014-07-20,87.9972,192.326,113.622,222.253,127.282,6.34783e+06,92.6767,103.308,94800
2014-07-27,101.357,220.887,129.884,353.083,147.092,6.34764e+06,107.101,95.1241,94800
2014-08-03,116.443,253.604,149.07,503.041,169.143,6.34743e+06,123.157,143.036,94800
2014-08-10,133.71,291.18,171.166,675.201,194.257,6.34718e+06,141.443,147.128,94800
2014-08-17,153.525,334.324,196.537,872.881,223.051,6.34689e+06,162.408,157.993,94800
2014-08-24,176.272,383.855,225.662,1099.86,256.102,6.34656e+06,186.473,199.134,94800
2014-08-31,202.384,440.711,259.096,1360.47,294.044,6.34619e+06,214.1,166.25,94800
2014-09-07,232.358,505.973,297.476,1659.69,337.598,6.34575e+06,245.812,270.472,94800
2014-09-14,266.763,580.877,341.531,2003.22,387.591,6.34526e+06,282.213,266.122,94800
2014-09-21,306.249,666.844,392.097,2397.63,444.971,6.34469e+06,323.993,246.411,94800
2014-09-28,351.565,765.496,450.132,2850.42,510.825,6.34403e+06,371.943,435.402,94800
2014-07-13,90.1747,193.971,123.022,129.885,133.294,6.34791e+06,93.9389,78.489,94850
2014-07-20,101.29,217.306,133.959,267.768,148.821,6.34773e+06,104.882,102.942,94850
2014-07-27,113.142,242.157,148.67,419.725,166.667,6.34753e+06,117.459,114.071,94850
2014-08-03,126.11,269.758,165.56,588.751,185.916,6.3473e+06,131.024,150.253,94850
2014-08-10,140.501,300.514,184.444,777.032,207.165,6.34705e+06,146,125.02,94850
2014-08-17,156.524,334.777,205.483,986.789,230.796,6.34677e+06,162.653,152.134,94850
2014-08-24,174.369,372.94,228.914,1220.47,257.111,6.34645e+06,181.199,195.363,94850
2014-08-31,194.244,415.443,255.012,1480.79,286.421,6.3461e+06,201.856,168.401,94850
2014-09-07,216.379,462.778,284.078,1770.79,319.065,6.34572e+06,224.861,234.693,94850
2014-09-14,241.03,515.49,316.449,2093.84,355.419,6.34528e+06,250.482,279.128,94850
2014-09-21,268.481,574.186,352.498,2453.69,395.903,6.3448e+06,279.013,293.431,94850
2014-09-28,299.047,639.542,392.641,2854.53,440.984,6.34426e+06,310.784,335.126,94850
2014-07-13,118.326,258.656,159.278,167.351,172.828,6.34775e+06,82.6825,78.1774,94900
2014-07-20,136.466,297.242,176.988,347.603,197.962,6.34749e+06,94.7069,78.6095,94900
2014-07-27,156.291,339.472,201.208,550.827,227.443,6.3472e+06,108.811,116.589,94900
2014-08-03,178.546,387.567,229.636,782.465,260.067,6.34687e+06,124.418,144.516,94900
2014-08-10,203.87,442.489,262.194,1046.91,297.003,6.34649e+06,142.089,127.46,94900
2014-08-17,232.765,505.191,299.366,1348.85,339.109,6.34606e+06,162.233,150.68,94900
2014-08-24,265.746,576.761,341.794,1693.58,387.165,6.34557e+06,185.223,210.636,94900
2014-08-31,303.388,658.443,390.221,2087.17,442.015,6.34501e+06,211.464,200.887,94900
2014-09-07,346.348,751.659,445.492,2536.52,504.615,6.34437e+06,241.413,200.888,94900
2014-09-14,395.372,858.025,508.569,3049.49,576.055,6.34364e+06,275.59,283.295,94900
2014-09-21,451.31,979.385,580.548,3635.09,657.574,6.3428e+06,314.59,213.04,94900
2014-09-28,515.128,1117.83,662.676,4303.55,750.584,6.34185e+06,359.087,327.613,94900
2014-07-13,81.0491,179.243,108.03,113.097,117.346,6.34797e+06,75.2685,49.8381,94950
2014-07-20,95.2915,209.829,121.853,236.233,136.959,6.34779e+06,87.8487,78.3599,94950
2014-07-27,111.141,243.979,140.992,377.407,160.313,6.34758e+06,102.829,109.015,94950
2014-08-03,129.27,283.592,163.827,541.22,186.648,6.34733e+06,119.72,90.2173,94950
2014-08-10,150.282,329.651,190.446,731.622,217.022,6.34705e+06,139.203,143.713,94950
2014-08-17,174.694,383.193,221.389,952.963,252.283,6.34672e+06,161.82,176.019,94950
2014-08-24,203.066,445.42,257.351,1210.26,293.26,6.34633e+06,188.104,176.08,94950
2014-08-31,236.039,517.736,299.146,1509.35,340.884,6.34589e+06,218.651,257.726,94950
2014-09-07,274.356,601.769,347.718,1857.01,396.228,6.34537e+06,254.15,244.523,94950
2014-09-14,318.881,699.411,404.161,2261.1,460.541,6.34477e+06,295.402,314.117,94950
2014-09-21,370.614,812.854,469.747,2730.79,535.268,6.34407e+06,343.334,352.914,94950
2014-09-28,430.716,944.641,545.948,3276.67,622.089,6.34325e+06,399.023,416.726,94950
2014-07-13,80.5806,176.674,108.196,113.576,117.433,6.34797e+06,74.2884,53.2234,95000
2014-07-20,93.3947,203.998,120.687,236.244,135.159,6.3478e+06,85.502,84.7421,95000
2014-07-27,107.464,234.057,137.824,375.14,156.032,6.3476e+06,98.7061,101.047,95000
2014-08-03,123.335,268.454,158.023,534.182,179.242,6.34737e+06,113.389,126.739,95000
2014-08-10,141.481,307.918,181.264,716.589,205.648,6.3471e+06,130.093,133.73,95000
2014-08-17,162.283,353.186,207.922,925.823,235.892,6.3468e+06,149.226,123.902,95000
2014-08-24,186.14,405.101,238.493,1165.82,270.572,6.34645e+06,171.165,118.897,95000
2014-08-31,213.498,464.633,273.551,1441.11,310.344,6.34606e+06,196.324,151.249,95000
2014-09-07,244.869,532.896,313.755,1756.86,355.951,6.3456e+06,225.176,247.467,95000
2014-09-14,280.841,611.165,359.855,2119,408.248,6.34508e+06,258.259,319.385,95000
2014-09-21,322.083,700.899,412.715,2534.35,468.21,6.34448e+06,296.191,230.84,95000
2014-09-28,369.365,803.769,473.319,3010.71,536.956,6.34379e+06,339.68,303.769,95000
2014-07-13,88.0458,192.935,118.275,124.177,128.366,6.34793e+06,81.4693,95.2174,95050
2014-07-20,101.954,222.578,131.836,258.227,147.611,6.34774e+06,93.6836,76.1259,95050
2014-07-27,117.211,255.157,150.43,409.889,170.256,6.34752e+06,108.056,136.653,95050
2014-08-03,134.407,292.405,172.33,583.403,195.414,6.34727e+06,124.023,135.124,95050
2014-08-10,154.05,335.103,197.506,782.237,224.01,6.34698e+06,142.172,139.518,95050
2014-08-17,176.549,384.038,226.359,1010.12,256.735,6.34665e+06,162.941,162.582,95050
2014-08-24,202.328,440.108,259.418,1271.29,294.227,6.34628e+06,186.736,206.322,95050
2014-08-31,231.866,504.349,297.297,1570.59,337.186,6.34585e+06,214,210.301,95050
2014-09-07,265.706,577.947,340.696,1913.6,386.404,6.34535e+06,245.237,253.631,95050
2014-09-14,304.474,662.257,390.417,2306.67,442.791,6.34479e+06,281.024,303.923,95050
2014-09-21,348.884,758.83,447.377,2757.1,507.386,6.34414e+06,322.021,280.919,95050
2014-09-28,399.751,869.439,512.625,3273.22,581.377,6.34339e+06,368.98,300.025,95050
2014-07-13,107.328,234.651,144.457,151.772,156.748,6.34781e+06,88.5406,96.3989,95100
2014-07-20,123.813,269.719,160.549,315.266,179.586,6.34758e+06,101.441,70.1925,95100
2014-07-27,141.833,308.109,182.56,499.635,206.379,6.34732e+06,116.575,131.871,95100
2014-08-03,162.066,351.842,208.401,709.83,236.036,6.34702e+06,133.327,115.327,95100
2014-08-10,185.096,401.795,238.003,949.848,269.621,6.34668e+06,152.298,202.159,95100
2014-08-17,211.379,458.84,271.809,1223.96,307.918,6.34628e+06,173.93,154.618,95100
2014-08-24,241.387,523.969,310.404,1537,351.636,6.34584e+06,198.625,245.849,95100
2014-08-31,275.646,598.32,354.469,1894.49,401.549,6.34533e+06,226.819,240.894,95100
2014-09-07,314.755,683.194,404.774,2302.71,458.53,6.34474e+06,259.005,293.358,95100
2014-09-14,359.397,780.069,462.199,2768.86,523.575,6.34408e+06,295.746,320.331,95100
2014-09-21,410.349,890.632,527.747,3301.13,597.818,6.34332e+06,337.683,317.115,95100
2014-09-28,468.497,1016.8,602.56,3908.87,682.552,6.34245e+06,385.546,344.161,95100
2014-07-13,78.4188,170.396,106.091,111.672,115.054,6.34798e+06,83.081,85.0775,95150
2014-07-20,89.5538,193.965,116.994,231.298,130.529,6.34782e+06,94.2557,100.608,95150
2014-07-27,101.611,219.5,131.812,365.024,148.543,6.34763e+06,107.264,90.1078,95150
2014-08-03,115.018,248.312,149.062,516.062,168.288,6.34742e+06,121.522,159.299,95150
2014-08-10,130.134,280.916,168.642,686.916,190.434,6.34718e+06,137.514,163.402,95150
2014-08-17,147.224,317.802,190.794,880.213,215.45,6.34691e+06,155.578,179.305,95150
2014-08-24,166.555,359.526,215.85,1098.9,243.741,6.34661e+06,176.007,164.269,95150
2014-08-31,188.42,406.717,244.191,1346.3,275.742,6.34626e+06,199.115,222.624,95150
2014-09-07,213.149,460.091,276.246,1626.18,311.937,6.34587e+06,225.251,236.457,95150
2014-09-14,241.117,520.451,312.501,1942.8,352.872,6.34543e+06,254.811,260.29,95150
2014-09-21,272.746,588.71,353.504,2300.96,399.168,6.34493e+06,288.241,291.074,95150
2014-09-28,308.513,665.894,399.872,2706.12,451.521,6.34437e+06,326.046,312.065,95150
2014-07-13,109.37,239.403,147.055,154.445,159.585,6.3478e+06,77.3042,67.4757,95200
2014-07-20,126.42,275.708,163.689,321.001,183.191,6.34756e+06,88.7391,76.2979,95200
2014-07-27,145.091,315.535,186.468,509.149,210.927,6.34729e+06,102.175,60.0502,95200
2014-08-03,166.098,360.991,213.258,724.048,241.688,6.34699e+06,117.076,96.9833,95200
2014-08-10,190.052,413.007,244.003,969.893,276.59,6.34663e+06,133.983,159.331,95200
2014-08-17,217.442,472.518,279.177,1251.18,316.463,6.34623e+06,153.297,137.95,95200
2014-08-24,248.771,540.589,319.41,1573.01,362.065,6.34577e+06,175.387,221.863,95200
2014-08-31,284.604,618.442,365.429,1941.22,414.224,6.34524e+06,200.653,240.074,95200
2014-09-07,325.586,707.476,418.062,2362.46,473.879,6.34464e+06,229.551,251.155,95200
2014-09-14,372.451,809.288,478.257,2844.37,542.103,6.34395e+06,262.599,176.207,95200
2014-09-21,426.04,925.698,547.092,3395.66,620.118,6.34316e+06,300.39,303.422,95200
2014-09-28,487.309,1058.78,625.8,4026.27,709.319,6.34225e+06,343.6,390.011,95200
2014-07-13,88.4564,193.703,118.895,124.854,129.03,6.34792e+06,75.0195,79.4277,95250
2014-07-20,102.314,223.222,132.412,259.55,148.213,6.34773e+06,86.1725,88.0547,95250
2014-07-27,117.501,255.629,150.932,411.794,170.764,6.34751e+06,99.2843,95.4975,95250
2014-08-03,134.598,292.639,172.724,585.794,195.792,6.34726e+06,113.835,166.237,95250
2014-08-10,154.107,335.021,197.75,784.976,224.208,6.34698e+06,130.357,172.658,95250
2014-08-17,176.43,383.542,226.401,1013.02,256.693,6.34665e+06,149.244,221.465,95250
2014-08-24,201.98,439.08,259.195,1274.1,293.872,6.34628e+06,170.86,153.668,95250
2014-08-31,231.225,502.645,296.731,1572.99,336.426,6.34585e+06,195.602,185.551,95250
2014-09-07,264.695,575.392,339.692,1915.16,385.13,6.34536e+06,223.919,288.95,95250
2014-09-14,302.999,658.64,388.86,2306.86,440.87,6.34479e+06,256.327,185.205,95250
2014-09-21,346.83,753.897,445.128,2755.25,504.657,6.34415e+06,293.413,147.203,95250
2014-09-28,396.982,862.885,509.514,3268.51,577.646,6.34341e+06,335.849,371.38,95250
2014-07-13,94.0764,204.756,127.099,133.718,137.856,6.34789e+06,85.6413,90.0046,95300
2014-07-20,107.726,233.687,140.453,277.174,156.811,6.34769e+06,97.4164,90.8577,95300
2014-07-27,122.544,265.119,158.634,437.915,178.921,6.34747e+06,111.152,72.9294,95300
2014-08-03,139.064,300.674,179.846,619.921,203.219,6.34721e+06,126.247,141.228,95300
2014-08-10,157.735,341.009,203.983,826.325,230.542,6.34692e+06,143.221,115.601,95300
2014-08-17,178.899,386.755,231.359,1060.43,261.482,6.34659e+06,162.442,234.658,95300
2014-08-24,202.897,438.628,262.401,1325.95,296.562,6.34622e+06,184.235,161.716,95300
2014-08-31,230.108,497.445,297.598,1627.09,336.339,6.3458e+06,208.946,89.7204,95300
2014-09-07,260.96,564.128,337.508,1968.62,381.44,6.34532e+06,236.964,239.178,95300
2014-09-14,295.937,639.726,382.756,2355.95,432.574,6.34478e+06,268.73,307.899,95300
2014-09-21,335.589,725.422,434.055,2795.19,490.543,6.34416e+06,304.743,250.565,95300
2014-09-28,380.536,822.557,492.209,3293.3,556.257,6.34346e+06,345.566,163.547,95300
2014-07-13,109.583,235.357,149.691,158.113,162.167,6.3478e+06,93.4819,66.4619,95350
2014-07-20,122.782,263.03,162.687,325.734,180.618,6.34758e+06,104.118,122.685,95350
2014-07-27,136.821,292.422,180.14,510.065,201.784,6.34733e+06,116.319,162.132,95350
2014-08-03,152.144,324.987,200.135,714.626,224.556,6.34706e+06,129.446,166.309,95350
2014-08-10,169.108,361.187,222.439,941.955,249.633,6.34676e+06,143.902,126.754,95350
2014-08-17,187.949,401.42,247.229,1194.62,277.454,6.34642e+06,159.939,152.255,95350
2014-08-24,208.883,446.124,274.772,1475.44,308.361,6.34604e+06,177.756,189.072,95350
2014-08-31,232.142,495.792,305.376,1787.53,342.702,6.34563e+06,197.552,231.889,95350
2014-09-07,257.984,550.972,339.379,2134.39,380.857,6.34517e+06,219.547,213.214,95350
2014-09-14,286.693,612.271,377.155,2519.86,423.246,6.34465e+06,243.982,235.269,95350
2014-09-21,318.584,680.363,419.123,2948.23,470.336,6.34408e+06,271.127,317.604,95350
2014-09-28,354.008,755.993,465.741,3424.25,522.644,6.34345e+06,301.281,244.123,95350
2014-07-13,104.767,225.546,142.834,150.765,154.771,6.34783e+06,91.3812,91.7626,95400
2014-07-20,117.839,253.005,155.691,310.931,173.024,6.34761e+06,102.158,78.1839,95400
2014-07-27,131.793,282.289,172.998,487.648,194.023,6.34738e+06,114.557,140.54,95400
2014-08-03,147.081,314.853,192.89,684.457,216.702,6.34711e+06,127.947,125.322,95400
2014-08-10,164.069,351.182,215.158,903.957,241.768,6.34682e+06,142.746,167.325,95400
2014-08-17,183.004,391.704,239.996,1148.8,269.678,6.34649e+06,159.226,113.926,95400
2014-08-24,204.119,436.892,267.693,1421.9,300.798,6.34612e+06,177.599,106.619,95400
2014-08-31,227.664,487.279,298.579,1726.51,335.499,6.34571e+06,198.088,238.889,95400
2014-09-07,253.917,543.459,333.018,2066.27,374.193,6.34525e+06,220.934,215.143,95400
2014-09-14,283.189,606.095,371.418,2445.2,417.337,6.34474e+06,246.407,216.836,95400
2014-09-21,315.822,675.923,414.231,2867.83,465.438,6.34418e+06,274.807,391.449,95400
2014-09-28,352.201,753.762,461.962,3339.16,519.062,6.34354e+06,306.468,349.211,95400
2014-07-13,76.7693,166.763,103.885,109.36,112.658,6.34799e+06,86.5248,83.7703,95450
2014-07-20,87.6281,189.742,114.519,226.477,127.752,6.34783e+06,98.117,90.6868,95450
2014-07-27,99.3812,214.626,128.966,357.345,145.315,6.34765e+06,111.606,92.2902,95450
2014-08-03,112.444,242.689,145.779,505.089,164.557,6.34744e+06,126.385,136.314,95450
2014-08-10,127.164,274.432,164.854,672.142,186.129,6.34721e+06,142.953,118.147,95450
2014-08-17,143.8,310.329,186.426,861.056,210.485,6.34695e+06,161.659,162.803,95450
2014-08-24,162.609,350.915,210.815,1074.69,238.019,6.34665e+06,182.806,177.316,95450
2014-08-31,183.874,396.801,238.388,1316.26,269.149,6.34631e+06,206.714,202.106,95450
2014-09-07,207.915,448.673,269.562,1589.43,304.343,6.34593e+06,233.744,221.932,95450
2014-09-14,235.092,507.312,304.805,1898.32,344.129,6.3455e+06,264.301,360.067,95450
2014-09-21,265.813,573.594,344.645,2247.58,389.105,6.34502e+06,298.844,277.091,95450
2014-09-28,300.538,648.51,389.679,2642.49,439.944,6.34447e+06,337.89,353.315,95450
2014-07-13,108.961,238.724,146.392,153.706,158.879,6.3478e+06,76.4899,82.491,95500
2014-07-20,126.136,275.325,163.141,319.604,182.648,6.34757e+06,87.933,92.2605,95500
2014-07-27,144.972,315.539,186.1,507.253,210.609,6.3473e+06,101.394,73.6084,95500
2014-08-03,166.194,361.5,213.135,721.882,241.663,6.34699e+06,116.345,106.009,95500
2014-08-10,190.429,414.171,244.205,967.762,276.95,6.34663e+06,133.333,102.874,95500
2014-08-17,218.179,474.514,279.8,1249.49,317.319,6.34623e+06,152.768,161.447,95500
2014-08-24,249.965,543.633,320.572,1572.27,363.553,6.34576e+06,175.027,265.899,95500
2014-08-31,286.371,622.797,367.273,1942.08,416.51,6.34523e+06,200.522,255.444,95500
2014-09-07,328.066,713.456,420.761,2365.75,477.163,6.34462e+06,229.723,123.949,95500
2014-09-14,375.814,817.272,482.018,2851.12,546.624,6.34392e+06,263.164,206.671,95500
2014-09-21,430.489,936.139,552.167,3407.13,626.165,6.34312e+06,301.458,264.774,95500
2014-09-28,493.087,1072.22,632.49,4044.05,717.239,6.34221e+06,345.304,290.022,95500
2014-07-13,85.0015,184.507,115.097,121.19,124.808,6.34794e+06,88.2658,86.0547,95550
2014-07-20,96.9052,209.682,126.758,250.889,141.361,6.34777e+06,99.9717,120.966,95550
2014-07-27,109.774,236.908,142.59,395.661,160.603,6.34757e+06,113.58,147.153,95550
2014-08-03,124.06,267.577,160.993,558.916,181.659,6.34734e+06,128.471,104.03,95550
2014-08-10,140.139,302.226,181.85,743.296,205.237,6.34708e+06,145.145,142.079,95550
2014-08-17,158.29,341.364,205.409,951.563,231.826,6.34679e+06,163.95,222.331,95550
2014-08-24,178.788,385.563,232.013,1186.81,261.849,6.34647e+06,185.182,140.822,95550
2014-08-31,201.934,435.474,262.056,1452.52,295.752,6.3461e+06,209.159,200.729,95550
2014-09-07,228.072,491.831,295.982,1752.63,334.038,6.34568e+06,236.235,244.325,95550
2014-09-14,257.584,555.462,334.29,2091.59,377.268,6.34521e+06,266.808,281.739,95550
2014-09-21,290.905,627.302,377.544,2474.41,426.078,6.34468e+06,301.327,268.33,95550
2014-09-28,328.523,708.402,426.379,2906.76,481.186,6.34408e+06,340.299,333.965,95550
2014-07-13,99.5631,212.852,136.518,144.393,147.836,6.34786e+06,97.4429,75.0319,95600
2014-07-20,110.72,236.158,147.529,296.852,163.47,6.34766e+06,107.747,103.733,95600
2014-07-27,122.506,260.72,162.246,463.436,181.301,6.34744e+06,119.501,137.024,95600
2014-08-03,135.275,287.741,179.003,647.026,200.347,6.3472e+06,132.054,134.227,95600
2014-08-10,149.313,317.569,197.568,849.63,221.169,6.34694e+06,145.779,184.61,95600
2014-08-17,164.795,350.49,218.059,1073.25,244.109,6.34664e+06,160.899,160.737,95600
2014-08-24,181.877,386.816,240.668,1320.05,269.416,6.34632e+06,177.58,167.333,95600
2014-08-31,200.726,426.898,265.615,1592.45,297.34,6.34596e+06,195.985,228.863,95600
2014-09-07,221.522,471.119,293.14,1893.07,328.151,6.34557e+06,216.293,252.641,95600
2014-09-14,244.466,519.905,323.51,2224.85,362.144,6.34514e+06,238.699,246.685,95600
2014-09-21,269.778,573.724,357.015,2590.99,399.646,6.34466e+06,263.418,278.837,95600
2014-09-28,297.7,633.091,393.977,2995.04,441.017,6.34413e+06,290.687,237.849,95600
2014-07-13,133.843,293.301,179.791,188.761,195.131,6.34765e+06,83.1304,86.0838,95650
2014-07-20,154.993,338.378,200.414,392.535,224.397,6.34736e+06,95.5986,108.027,95650
2014-07-27,178.195,387.92,228.69,623.093,258.833,6.34703e+06,110.269,116.288,95650
2014-08-03,204.343,444.56,261.993,886.881,297.091,6.34665e+06,126.568,120.985,95650
2014-08-10,234.211,509.483,300.275,1189.17,340.574,6.34622e+06,145.093,174.591,95650
2014-08-17,268.42,583.882,344.147,1535.63,390.333,6.34572e+06,166.291,195.749,95650
2014-08-24,307.613,669.122,394.411,1932.71,447.336,6.34515e+06,190.576,166.151,95650
2014-08-31,352.514,766.768,451.997,2387.76,512.642,6.34449e+06,218.398,201.183,95650
2014-09-07,403.948,878.617,517.967,2909.24,587.454,6.34374e+06,250.27,240.195,95650
2014-09-14,462.86,1006.72,593.535,3506.83,673.148,6.34288e+06,286.778,211.812,95650
2014-09-21,530.328,1153.41,680.087,4191.57,771.295,6.34189e+06,328.59,391.805,95650
2014-09-28,607.585,1321.38,779.207,4976.14,883.688,6.34077e+06,376.473,328.016,95650
2014-07-13,146.761,315.818,200.153,211.293,216.873,6.34758e+06,98.6213,103.122,95700
2014-07-20,164.959,354.033,218.057,435.679,242.29,6.34728e+06,110.179,114.507,95700
2014-07-27,184.373,394.754,242.146,683.106,271.516,6.34695e+06,123.47,126.851,95700
2014-08-03,205.626,440.004,269.816,958.491,303.055,6.34658e+06,137.812,140.999,95700
2014-08-10,229.225,490.45,300.769,1265.43,337.889,6.34616e+06,153.652,127.254,95700
2014-08-17,255.509,546.673,335.268,1607.57,376.647,6.3457e+06,171.277,171.413,95700
2014-08-24,284.797,609.324,373.711,1988.96,419.827,6.34519e+06,190.913,171.65,95700
2014-08-31,317.43,679.127,416.546,2414.07,467.942,6.34462e+06,212.793,200.645,95700
2014-09-07,353.788,756.892,464.272,2887.89,521.55,6.34399e+06,237.171,207.747,95700
2014-09-14,394.292,843.52,517.444,3415.99,581.273,6.34328e+06,264.329,207.641,95700
2014-09-21,439.409,940.009,576.678,4004.56,647.803,6.34249e+06,294.583,230.248,95700
2014-09-28,489.66,1047.47,642.659,4660.49,721.908,6.34161e+06,328.282,285.142,95700
2014-07-13,81.4497,179.685,108.792,113.984,118.147,6.34797e+06,72.2366,78.6065,95750
2014-07-20,95.3708,209.52,122.321,237.798,137.343,6.34778e+06,83.973,78.1556,95750
2014-07-27,110.803,242.691,141.002,379.243,160.127,6.34758e+06,97.9033,77.3829,95750
2014-08-03,128.385,281.019,163.214,542.748,185.716,6.34733e+06,113.549,105.621,95750
2014-08-10,148.683,325.414,189.009,732.067,215.114,6.34705e+06,131.523,161.673,95750
2014-08-17,172.176,376.824,218.88,951.307,249.112,6.34673e+06,152.31,139.62,95750
2014-08-24,199.376,436.347,253.464,1205.19,288.469,6.34636e+06,176.373,225.244,95750
2014-08-31,230.866,505.255,293.504,1499.19,334.035,6.34592e+06,204.233,265.421,95750
2014-09-07,267.32,585.024,339.858,1839.62,386.787,6.34542e+06,236.486,215.791,95750
2014-09-14,309.519,677.358,393.52,2233.81,447.853,6.34484e+06,273.822,242.875,95750
2014-09-21,358.363,784.227,455.636,2690.23,518.539,6.34416e+06,317.04,278.575,95750
2014-09-28,414.893,907.904,527.532,3218.69,600.351,6.34338e+06,367.061,415.277,95750
2014-07-13,119.435,259.796,161.438,169.876,175.093,6.34774e+06,85.2465,84.4852,95800
2014-07-20,136.631,296.225,178.268,352.026,198.98,6.34749e+06,96.8759,110.473,95800
2014-07-27,155.282,335.761,201.164,555.952,226.821,6.3472e+06,110.431,123.802,95800
2014-08-03,176.053,380.441,227.856,786.647,257.388,6.34688e+06,125.313,142.44,95800
2014-08-10,199.507,431.078,258.2,1048.03,291.726,6.34651e+06,142.031,156.878,95800
2014-08-17,226.066,488.453,292.582,1344.22,330.572,6.3461e+06,160.944,123.113,95800
2014-08-24,256.152,553.448,331.53,1679.84,374.573,6.34563e+06,182.366,143.726,95800
2014-08-31,290.232,627.068,375.65,2060.14,424.416,6.3451e+06,206.632,239.325,95800
2014-09-07,328.833,710.451,425.625,2491.04,480.873,6.34449e+06,234.119,222.385,95800
2014-09-14,372.551,804.881,482.229,2979.25,544.816,6.34381e+06,265.251,213.466,95800
2014-09-21,422.06,911.811,546.335,3532.38,617.233,6.34304e+06,300.508,236.375,95800
2014-09-28,478.119,1032.88,618.931,4159.02,699.237,6.34216e+06,340.433,470.124,95800
2014-07-13,115.575,252.172,155.819,163.811,169.046,6.34776e+06,82.0611,69.8104,95850
2014-07-20,132.885,288.934,172.734,339.948,193.052,6.34752e+06,93.7146,97.6025,95850
2014-07-27,151.747,329.041,195.82,538.005,221.143,6.34724e+06,107.351,137.463,95850
2014-08-03,172.859,374.585,222.849,763.112,252.136,6.34692e+06,122.396,82.3038,95850
2014-08-10,196.812,426.444,253.717,1019.37,287.122,6.34655e+06,139.379,185.456,95850
2014-08-17,224.064,485.482,288.859,1311.11,326.89,6.34614e+06,158.684,124.528,95850
2014-08-24,255.081,552.677,328.856,1643.27,372.148,6.34567e+06,180.654,193.228,95850
2014-08-31,290.382,629.149,374.378,2021.4,423.658,6.34513e+06,205.659,198.81,95850
2014-09-07,330.555,716.17,426.185,2451.87,482.278,6.34453e+06,234.115,216.99,95850
2014-09-14,376.268,815.186,485.141,2941.9,548.986,6.34383e+06,266.498,287.683,95850
2014-09-21,428.28,927.839,552.226,3499.71,624.89,6.34304e+06,303.344,308.605,95850
2014-09-28,487.452,1055.99,628.553,4134.63,711.248,6.34214e+06,345.265,326.845,95850
2014-07-13,85.9932,189.638,114.897,120.394,124.773,6.34794e+06,72.9666,46.2734,95900
2014-07-20,100.629,220.995,129.123,251.126,144.958,6.34775e+06,84.7708,75.9079,95900
2014-07-27,116.844,255.836,148.759,400.395,168.905,6.34753e+06,98.7747,93.6629,95900
2014-08-03,135.307,296.069,172.094,572.843,195.783,6.34727e+06,114.493,120.89,95900
2014-08-10,156.609,342.645,199.178,772.404,226.645,6.34698e+06,132.541,78.1487,95900
2014-08-17,181.25,396.548,230.524,1003.37,262.313,6.34664e+06,153.399,134.822,95900
2014-08-24,209.761,458.92,266.793,1270.68,303.581,6.34624e+06,177.532,154.445,95900
2014-08-31,242.751,531.084,308.76,1580.05,351.33,6.34579e+06,205.456,199.339,95900
2014-09-07,280.918,614.573,357.316,1938.07,406.577,6.34526e+06,237.764,312.024,95900
2014-09-14,325.074,711.154,413.493,2352.38,470.494,6.34465e+06,275.142,307.03,95900
2014-09-21,376.152,822.871,478.482,2831.83,544.434,6.34394e+06,318.382,303.999,95900
2014-09-28,435.231,952.081,553.658,3386.62,629.962,6.34312e+06,368.399,347.328,95900
2014-07-13,91.064,200.974,121.593,127.38,132.054,6.34791e+06,76.7965,60.8594,95950
2014-07-20,106.698,234.491,136.783,265.797,153.607,6.34771e+06,89.3307,100.108,95950
2014-07-27,124.039,271.779,157.768,424.014,179.202,6.34747e+06,104.215,94.4299,95950
2014-08-03,143.809,314.89,182.731,607.016,207.965,6.3472e+06,120.943,113.984,95950
2014-08-10,166.646,364.856,211.739,819.04,241.031,6.34689e+06,140.173,137.33,95950
2014-08-17,193.092,422.75,245.35,1064.72,279.292,6.34652e+06,162.423,164.408,95950
2014-08-24,223.73,489.817,284.286,1349.4,323.611,6.3461e+06,188.197,204.308,95950
2014-08-31,259.219,567.504,329.391,1679.24,374.951,6.34561e+06,218.054,210.925,95950
2014-09-07,300.328,657.486,381.639,2061.41,434.421,6.34505e+06,252.639,249.218,95950
2014-09-14,347.94,761.699,442.156,2504.2,503.302,6.34439e+06,292.697,310.799,95950
2014-09-21,403.079,882.38,512.247,3017.19,583.078,6.34364e+06,339.091,379.025,95950
2014-09-28,466.929,1022.12,593.418,3611.48,675.46,6.34276e+06,392.816,413.015,95950
2014-07-13,92.8504,204.628,124.127,130.091,134.788,6.3479e+06,71.5216,54.0998,96000
2014-07-20,108.538,238.221,139.38,271.269,156.431,6.34769e+06,83.0058,36.3365,96000
2014-07-27,125.9,275.503,160.419,432.315,182.085,6.34746e+06,96.6186,93.5818,96000
2014-08-03,145.649,318.513,185.399,618.186,210.85,6.34718e+06,111.882,130.446,96000
2014-08-10,168.412,368.251,214.363,833.065,243.844,6.34687e+06,129.389,122.363,96000
2014-08-17,194.715,425.757,247.851,1081.51,281.938,6.3465e+06,149.603,122.874,96000
2014-08-24,225.119,492.23,286.561,1368.77,325.967,6.34608e+06,172.965,169.567,96000
2014-08-31,260.263,569.061,331.305,1700.89,376.86,6.34559e+06,199.971,194.188,96000
2014-09-07,300.882,657.858,383.023,2084.85,435.684,6.34502e+06,231.184,234.411,96000
2014-09-14,347.824,760.474,442.796,2528.75,503.669,6.34437e+06,267.259,326.45,96000
2014-09-21,402.071,879.048,511.875,3041.91,582.236,6.34362e+06,308.948,279.22,96000
2014-09-28,464.749,1016.04,591.698,3635.1,673.02,6.34274e+06,357.12,244.686,96000
2014-07-13,123.447,267.154,167.572,176.602,181.662,6.34772e+06,90.8192,85.3296,96050
2014-07-20,140.042,302.165,183.855,365.095,204.775,6.34746e+06,102.374,126.345,96050
2014-07-27,157.901,339.833,205.89,574.6,231.54,6.34717e+06,115.755,116.058,96050
2014-08-03,177.628,382.062,231.398,809.778,260.687,6.34685e+06,130.326,125.681,96050
2014-08-10,199.727,429.55,260.174,1074.17,293.167,6.34649e+06,146.564,160.689,96050
2014-08-17,224.557,482.938,292.527,1371.44,329.623,6.34608e+06,164.79,118.032,96050
2014-08-24,252.464,542.946,328.892,1705.67,370.593,6.34562e+06,185.272,147.035,96050
2014-08-31,283.83,610.389,369.764,2081.44,416.643,6.3451e+06,208.294,130.087,96050
2014-09-07,319.081,686.18,415.7,2503.9,468.397,6.34453e+06,234.168,188.414,96050
2014-09-14,358.694,771.347,467.325,2978.83,526.559,6.34387e+06,263.245,301.897,96050
2014-09-21,403.205,867.038,525.338,3512.74,591.916,6.34314e+06,295.919,223.192,96050
2014-09-28,453.215,974.544,590.522,4112.9,665.35,6.34232e+06,332.631,332.359,96050
2014-07-13,65.3332,143.963,87.3521,91.5536,94.8533,6.34806e+06,72.9537,76.6168,96100
2014-07-20,76.3523,167.556,98.0665,190.896,110.056,6.34792e+06,84.6467,51.2049,96100
2014-07-27,88.5454,193.735,112.844,304.193,128.075,6.34775e+06,98.5049,105.715,96100
2014-08-03,102.412,223.93,130.385,434.925,148.274,6.34756e+06,114.04,128.501,96100
2014-08-10,118.391,258.843,150.722,586.026,171.437,6.34734e+06,131.856,133.962,96100
2014-08-17,136.853,299.202,174.23,760.695,198.177,6.34708e+06,152.422,145.035,96100
2014-08-24,158.191,345.848,201.399,962.604,229.078,6.34678e+06,176.189,204.655,96100
2014-08-31,182.851,399.757,232.799,1196,264.792,6.34644e+06,203.657,212.067,96100
2014-09-07,211.35,462.054,269.089,1465.77,306.066,6.34604e+06,235.402,183.322,96100
2014-09-14,244.283,534.043,311.027,1777.6,353.764,6.34558e+06,272.087,272.694,96100
2014-09-21,282.338,617.223,359.489,2138.02,408.881,6.34505e+06,314.479,226.218,96100
2014-09-28,326.307,713.327,415.487,2554.59,472.567,6.34444e+06,363.462,327.291,96100
2014-07-13,91.5051,201.239,122.548,128.52,133.047,6.34791e+06,76.8726,49.2361,96150
2014-07-20,106.593,233.492,137.233,267.72,153.885,6.3477e+06,88.9128,86.554,96150
2014-07-27,123.237,269.158,157.444,426.028,178.519,6.34747e+06,103.146,81.2731,96150
2014-08-03,142.105,310.167,181.37,608.148,206.046,6.34721e+06,119.051,114.079,96150
2014-08-10,163.78,357.439,209.024,818.008,237.514,6.3469e+06,137.232,186.694,96150
2014-08-17,188.745,411.915,240.893,1059.87,273.728,6.34655e+06,158.156,151.174,96150
2014-08-24,217.509,474.682,277.612,1338.6,315.447,6.34614e+06,182.261,199.026,96150
2014-08-31,250.649,546.994,319.918,1659.8,363.515,6.34567e+06,210.034,211.195,96150
2014-09-07,288.828,630.299,368.659,2029.96,418.894,6.34513e+06,242.031,168.73,96150
2014-09-14,332.809,726.256,424.809,2456.5,482.69,6.34451e+06,278.891,224.909,96150
2014-09-21,383.468,836.779,489.491,2947.99,556.176,6.34379e+06,321.351,346.161,96150
2014-09-28,441.813,964.063,563.993,3514.31,640.818,6.34297e+06,370.255,358.256,96150
2014-07-13,114.948,251.194,154.771,162.631,167.932,6.34777e+06,78.6186,103.849,96200
2014-07-20,132.503,288.527,171.912,337.749,192.26,6.34752e+06,90.0077,82.9822,96200
2014-07-27,151.68,329.364,195.347,535.099,220.784,6.34724e+06,103.361,125.222,96200
2014-08-03,173.197,375.85,222.842,759.936,252.333,6.34692e+06,118.131,80.5102,96200
2014-08-10,197.669,428.91,254.318,1016.5,288.035,6.34655e+06,134.845,142.382,96200
2014-08-17,225.579,489.459,290.237,1309.29,328.716,6.34614e+06,153.89,143.337,96200
2014-08-24,257.421,558.54,331.216,1643.44,375.123,6.34566e+06,175.616,152.536,96200
2014-08-31,293.748,637.345,377.968,2024.75,428.067,6.34512e+06,200.402,205.657,96200
2014-09-07,335.187,727.236,431.302,2459.88,488.465,6.3445e+06,228.678,251.989,96200
2014-09-14,382.454,829.764,492.141,2956.4,557.36,6.34379e+06,260.931,330.401,96200
2014-09-21,436.363,946.69,561.535,3522.95,635.939,6.34298e+06,297.719,356.888,96200
2014-09-28,497.839,1080.02,640.678,4169.36,725.555,6.34206e+06,339.673,281.305,96200
2014-07-13,120.169,262.04,162.094,170.438,175.844,6.34774e+06,78.5569,72.9193,96250
2014-07-20,138.032,299.957,179.554,353.602,200.624,6.34748e+06,89.6274,67.2122,96250
2014-07-27,157.478,341.282,203.37,559.386,229.599,6.34719e+06,102.572,55.4439,96250
2014-08-03,179.223,388.165,231.229,793.063,261.536,6.34686e+06,116.839,162.272,96250
2014-08-10,203.871,441.5,263.017,1058.83,297.554,6.34648e+06,132.93,153.436,96250
2014-08-17,231.888,502.161,299.173,1361.13,338.457,6.34606e+06,151.203,148.09,96250
2014-08-24,263.746,571.14,340.286,1704.98,384.963,6.34557e+06,171.979,146.318,96250
2014-08-31,299.971,649.569,387.034,2096.07,437.844,6.34502e+06,195.603,264.775,96250
2014-09-07,341.156,738.734,440.188,2540.89,497.969,6.34439e+06,222.464,305.063,96250
2014-09-14,387.977,840.094,500.62,3046.78,566.326,6.34367e+06,253.001,265.938,96250
2014-09-21,441.2,955.307,569.321,3622.11,644.032,6.34286e+06,287.716,277.095,96250
2014-09-28,501.694,1086.25,647.413,4276.38,732.359,6.34194e+06,327.176,387.765,96250
2014-07-13,107.107,230.434,146.101,154.243,158.302,6.34781e+06,94.1077,120.633,96300
2014-07-20,120.344,258.226,159.125,318.01,176.791,6.34759e+06,105.099,182.796,96300
2014-07-27,134.461,287.832,176.644,498.537,198.046,6.34735e+06,117.735,101.627,96300
2014-08-03,149.911,320.721,196.764,699.394,220.977,6.34708e+06,131.367,138.983,96300
2014-08-10,167.062,357.378,219.264,923.191,246.296,6.34678e+06,146.419,219.993,96300
2014-08-17,186.16,398.224,244.337,1172.58,274.461,6.34645e+06,163.162,167.233,96300
2014-08-24,207.436,443.729,272.268,1450.48,305.832,6.34608e+06,181.812,150.469,96300
2014-08-31,231.136,494.419,303.383,1760.14,340.78,6.34566e+06,202.588,148.855,96300
2014-09-07,257.537,550.882,338.045,2105.19,379.711,6.3452e+06,225.731,343.459,96300
2014-09-14,286.944,613.771,376.655,2489.66,423.075,6.34468e+06,251.51,181.261,96300
2014-09-21,319.697,683.812,419.66,2918.03,471.375,6.34411e+06,280.224,227.397,96300
2014-09-28,356.172,761.811,467.558,3395.3,525.167,6.34347e+06,312.202,304.851,96300
2014-07-13,111.392,239.347,152.105,160.642,164.789,6.34779e+06,102.94,16.3974,96350
2014-07-20,124.898,267.676,165.402,331.011,183.667,6.34756e+06,114.733,69.0438,96350
2014-07-27,139.275,297.788,183.266,518.481,205.334,6.34731e+06,128.268,126.876,96350
2014-08-03,154.977,331.173,203.746,726.663,228.662,6.34703e+06,142.841,131.636,96350
2014-08-10,172.373,368.31,226.605,958.173,254.369,6.34672e+06,158.899,186.566,96350
2014-08-17,191.707,409.611,252.029,1215.66,282.908,6.34638e+06,176.727,82.8821,96350
2014-08-24,213.203,455.534,280.296,1502.02,314.634,6.346e+06,196.546,204.436,96350
2014-08-31,237.102,506.59,311.724,1820.5,349.909,6.34557e+06,218.581,176.197,96350
2014-09-07,263.673,563.349,346.666,2174.69,389.127,6.3451e+06,243.08,363.683,96350
2014-09-14,293.211,626.445,385.512,2568.57,432.727,6.34458e+06,270.316,222.346,96350
2014-09-21,326.045,696.578,428.696,3006.58,481.194,6.34399e+06,300.593,212.477,96350
2014-09-28,362.541,774.527,476.699,3493.65,535.067,6.34334e+06,334.246,342.504,96350
2014-07-13,78.2996,169.575,106.223,111.922,115.162,6.34798e+06,84.9754,73.0519,96400
2014-07-20,88.9333,192.022,116.651,231.458,129.965,6.34782e+06,95.8985,103.342,96400
2014-07-27,100.39,216.205,130.776,364.458,147.125,6.34764e+06,108.561,128.973,96400
2014-08-03,113.061,243.351,147.145,513.925,165.835,6.34743e+06,122.366,92.7794,96400
2014-08-10,127.274,273.914,165.634,682.148,186.711,6.3472e+06,137.77,97.2631,96400
2014-08-17,143.262,308.318,186.445,871.508,210.172,6.34694e+06,155.081,91.8853,96400
2014-08-24,161.255,347.037,209.866,1084.66,236.571,6.34665e+06,174.561,200.76,96400
2014-08-31,181.504,390.609,236.223,1324.58,266.28,6.34632e+06,196.482,184.076,96400
2014-09-07,204.29,439.641,265.885,1594.63,299.713,6.34595e+06,221.152,114.474,96400
2014-09-14,229.931,494.812,299.264,1898.59,337.336,6.34553e+06,248.913,229.386,96400
2014-09-21,258.782,556.889,336.823,2240.7,379.67,6.34506e+06,280.15,280.977,96400
2014-09-28,291.243,626.729,379.084,2625.74,427.302,6.34453e+06,315.297,301.556,96400
2014-07-13,80.4486,176.946,107.729,112.974,116.96,6.34797e+06,81.0033,44.037,96450
2014-07-20,93.733,205.347,120.658,235.352,135.306,6.34779e+06,93.7095,123.632,96450
2014-07-27,108.391,236.761,138.455,374.552,156.998,6.34759e+06,108.732,96.2234,96450
2014-08-03,125.01,272.888,159.526,534.724,181.243,6.34736e+06,125.524,134.751,96450
2014-08-10,144.107,314.542,183.887,719.328,208.964,6.34709e+06,144.723,137.724,96450
2014-08-17,166.108,362.556,211.966,932.122,240.874,6.34678e+06,166.823,183.946,96450
2014-08-24,191.462,417.889,244.326,1177.41,277.643,6.34642e+06,192.288,156.024,96450
2014-08-31,220.68,481.653,281.618,1460.13,320.018,6.34601e+06,221.636,182.517,96450
2014-09-07,254.349,555.128,324.593,1786.01,368.849,6.34553e+06,255.455,251.099,96450
2014-09-14,293.144,639.785,374.113,2161.6,425.116,6.34498e+06,294.424,360.492,96450
2014-09-21,337.843,737.318,431.171,2594.49,489.948,6.34435e+06,339.325,225.063,96450
2014-09-28,389.337,849.675,496.91,3093.39,564.64,6.34362e+06,391.055,512.855,96450
2014-07-13,87.4631,190.084,118.308,124.525,128.305,6.34793e+06,87.5942,79.5113,96500
2014-07-20,99.9134,216.442,130.498,257.942,145.607,6.34775e+06,99.4058,85.6238,96500
2014-07-27,113.399,245.006,147.067,407.124,165.751,6.34754e+06,113.159,121.376,96500
2014-08-03,128.398,277.244,166.361,575.667,187.838,6.3473e+06,128.237,154.176,96500
2014-08-10,145.313,313.735,188.268,766.378,212.617,6.34704e+06,145.154,154.167,96500
2014-08-17,164.443,355.03,213.058,982.202,240.615,6.34674e+06,164.268,155.086,96500
2014-08-24,186.086,401.753,241.106,1226.44,272.287,6.34639e+06,185.891,169.328,96500
2014-08-31,210.573,454.612,272.839,1502.83,308.121,6.34601e+06,210.355,203.574,96500
2014-09-07,238.276,514.41,308.74,1815.59,348.662,6.34557e+06,238.032,239.361,96500
2014-09-14,269.614,582.053,349.355,2169.5,394.524,6.34508e+06,269.342,322.738,96500
2014-09-21,305.062,658.565,395.299,2569.96,446.404,6.34452e+06,304.761,335.572,96500
2014-09-28,345.156,745.1,447.268,3023.08,505.085,6.34389e+06,344.823,365.806,96500
2014-07-13,117.814,257.537,158.588,166.627,172.08,6.34775e+06,86.7887,56.8435,96550
2014-07-20,135.876,295.957,176.222,346.099,197.106,6.3475e+06,99.4107,88.2248,96550
2014-07-27,155.616,338.006,200.338,548.444,226.46,6.34721e+06,114.216,92.9908,96550
2014-08-03,177.775,385.894,228.644,779.081,258.944,6.34688e+06,130.599,142.04,96550
2014-08-10,202.99,440.581,261.063,1042.38,295.721,6.3465e+06,149.147,124.899,96550
2014-08-17,231.761,503.014,298.075,1343.02,337.647,6.34607e+06,170.293,115.958,96550
2014-08-24,264.601,574.278,340.321,1686.27,385.497,6.34558e+06,194.426,135.371,96550
2014-08-31,302.083,655.611,388.541,2078.16,440.112,6.34503e+06,221.971,226.631,96550
2014-09-07,344.859,748.429,443.576,2525.57,502.445,6.34439e+06,253.409,337.633,96550
2014-09-14,393.674,854.342,506.383,3036.34,573.58,6.34366e+06,289.286,334.694,96550
2014-09-21,449.373,975.185,578.055,3619.42,654.751,6.34283e+06,330.225,375.595,96550
2014-09-28,512.92,1113.04,659.833,4285.01,747.365,6.34188e+06,376.935,595.038,96550
2014-07-13,84.9458,185.423,114.483,120.339,124.206,6.34794e+06,82.0551,91.1035,96600
2014-07-20,97.7382,212.601,126.981,249.785,141.943,6.34776e+06,93.7727,91.6488,96600
2014-07-27,111.688,242.275,144.046,395.429,162.71,6.34756e+06,107.492,105.385,96600
2014-08-03,127.312,275.997,164.039,561.076,185.639,6.34732e+06,122.64,134.891,96600
2014-08-10,145.053,314.424,186.888,749.769,211.542,6.34705e+06,139.752,149.675,96600
2014-08-17,165.252,358.202,212.919,964.746,241.008,6.34675e+06,159.218,145.234,96600
2014-08-24,188.26,408.068,242.569,1209.66,274.566,6.3464e+06,181.388,175.253,96600
2014-08-31,214.465,464.862,276.34,1488.68,312.789,6.34601e+06,206.639,235.487,96600
2014-09-07,244.311,529.544,314.804,1806.54,356.323,6.34555e+06,235.4,246.137,96600
2014-09-14,278.3,603.203,358.61,2168.63,405.903,6.34504e+06,268.154,272.827,96600
2014-09-21,317.006,687.079,408.498,2581.11,462.365,6.34446e+06,305.455,309.829,96600
2014-09-28,361.079,782.58,465.308,3050.96,526.658,6.34379e+06,347.929,439.303,96600
2014-07-13,95.361,205.771,129.761,136.873,140.635,6.34788e+06,95.1366,79.8656,96650
2014-07-20,107.665,231.668,141.85,282.58,157.796,6.34769e+06,106.746,113.072,96650
2014-07-27,120.847,259.393,158.162,443.866,177.598,6.34747e+06,120.141,102.726,96650
2014-08-03,135.342,290.337,176.97,624.119,199.061,6.34722e+06,134.661,154.427,96650
2014-08-10,151.508,324.981,198.097,825.864,222.872,6.34695e+06,150.768,148.829,96650
2014-08-17,169.59,363.761,221.745,1051.69,249.479,6.34664e+06,168.767,167.642,96650
2014-08-24,189.826,407.16,248.21,1304.48,279.25,6.3463e+06,188.907,159.23,96650
2014-08-31,212.471,455.724,277.826,1587.43,312.567,6.34592e+06,211.445,268.769,96650
2014-09-07,237.81,510.065,310.967,1904.14,349.849,6.34549e+06,236.666,134.258,96650
2014-09-14,266.164,570.867,348.052,2258.62,391.567,6.34501e+06,264.887,352.03,96650
2014-09-21,297.887,638.892,389.546,2655.37,438.244,6.34447e+06,296.463,192.496,96650
2014-09-28,333.377,714.992,435.971,3099.41,490.467,6.34387e+06,331.79,308.274,96650
2014-07-13,129.885,281.745,175.97,185.322,190.806,6.34768e+06,84.2987,86.5886,96700
2014-07-20,147.911,319.846,193.635,383.537,215.881,6.34741e+06,95.377,91.8158,96700
2014-07-27,167.379,361.001,217.6,604.577,245.005,6.3471e+06,108.244,118.956,96700
2014-08-03,188.963,407.309,245.432,853.584,276.838,6.34675e+06,122.308,124.087,96700
2014-08-10,213.231,459.568,276.939,1134.52,312.442,6.34637e+06,138.038,155.408,96700
2014-08-17,240.594,518.528,312.487,1451.52,352.548,6.34593e+06,155.757,149.939,96700
2014-08-24,271.458,585.035,352.585,1809.2,397.781,6.34543e+06,175.741,213.204,96700
2014-08-31,306.27,660.046,397.814,2212.77,448.801,6.34487e+06,198.282,144.251,96700
2014-09-07,345.533,744.641,448.827,2668.11,506.346,6.34424e+06,223.706,185.073,96700
2014-09-14,389.81,840.035,506.36,3181.82,571.244,6.34353e+06,252.378,297.793,96700
2014-09-21,439.737,947.596,571.24,3761.36,644.426,6.34273e+06,284.71,312.89,96700
2014-09-28,496.029,1068.86,644.397,4415.15,726.943,6.34183e+06,321.166,318.226,96700
2014-07-13,103.252,228.544,137.52,143.931,149.392,6.34784e+06,72.9452,81.2288,96750
2014-07-20,121.572,267.917,155.294,300.767,174.609,6.3476e+06,85.2584,107.313,96750
2014-07-27,141.987,311.94,179.925,480.806,204.671,6.34734e+06,99.9368,66.1441,96750
2014-08-03,165.372,363.076,209.348,689.998,238.616,6.34702e+06,116.511,65.2948,96750
2014-08-10,192.509,422.61,243.692,933.475,277.821,6.34666e+06,135.655,69.2127,96750
2014-08-17,224.08,491.905,283.666,1216.89,323.393,6.34623e+06,157.907,167.305,96750
2014-08-24,260.819,572.544,330.185,1546.8,376.421,6.34574e+06,183.799,198.005,96750
2014-08-31,303.57,666.374,384.318,1930.79,438.13,6.34516e+06,213.93,245.737,96750
2014-09-07,353.312,775.544,447.308,2377.74,509.932,6.3445e+06,248.99,429.35,96750
2014-09-14,411.184,902.546,520.598,2897.92,593.474,6.34372e+06,289.782,220.261,96750
2014-09-21,478.506,1050.28,605.862,3503.32,690.663,6.34281e+06,337.237,322.729,96750
2014-09-28,556.81,1222.09,705.047,4207.85,803.714,6.34176e+06,392.438,264.686,96750
2014-07-13,84.8992,185.584,114.284,120.077,124.006,6.34795e+06,84.2525,104.99,96800
2014-07-20,97.9134,213.266,126.989,249.409,142.037,6.34776e+06,96.5033,98.305,96800
2014-07-27,112.136,243.564,144.364,395.222,163.187,6.34755e+06,110.873,138.12,96800
2014-08-03,128.103,278.07,164.76,561.419,186.592,6.34732e+06,126.775,135.646,96800
2014-08-10,146.272,317.477,188.119,751.152,213.093,6.34705e+06,144.78,208.134,96800
2014-08-17,167.005,362.47,214.789,967.787,243.305,6.34674e+06,165.307,217.487,96800
2014-08-24,190.672,413.831,245.234,1215.13,277.788,6.34639e+06,188.735,228.971,96800
2014-08-31,217.687,472.456,279.986,1497.53,317.15,6.34598e+06,215.478,179.126,96800
2014-09-07,248.522,539.368,319.653,1819.94,362.079,6.34552e+06,246.004,222.549,96800
2014-09-14,283.715,615.733,364.929,2188.02,413.359,6.345e+06,280.846,224.839,96800
2014-09-21,323.878,702.88,416.602,2608.23,471.885,6.3444e+06,320.609,314.416,96800
2014-09-28,369.71,802.321,475.573,3087.94,538.674,6.34371e+06,365.987,389.408,96800
2014-07-13,105.591,231.698,141.681,148.688,153.788,6.34782e+06,78.3094,86.9297,96850
2014-07-20,122.547,267.876,158.202,309.4,177.233,6.34759e+06,90.2479,98.3869,96850
2014-07-27,141.186,307.729,180.887,491.583,204.868,6.34733e+06,104.32,103.346,96850
2014-08-03,162.238,353.39,207.656,700.452,235.637,6.34703e+06,119.988,98.3692,96850
2014-08-10,186.338,405.84,238.492,940.302,270.686,6.34668e+06,137.835,149.634,96850
2014-08-17,213.999,466.074,273.903,1215.77,310.878,6.34628e+06,158.3,220.062,96850
2014-08-24,245.757,535.232,314.561,1532.13,357.019,6.34582e+06,181.796,172.546,96850
2014-08-31,282.219,614.629,361.242,1895.44,409.996,6.3453e+06,208.772,171.938,96850
2014-09-07,324.078,705.773,414.835,2312.67,470.816,6.34469e+06,239.742,179.272,96850
2014-09-14,372.128,810.392,476.358,2791.78,540.635,6.344e+06,275.294,233.608,96850
2014-09-21,427.279,930.464,546.98,3341.93,620.777,6.3432e+06,316.103,383.456,96850
2014-09-28,490.574,1068.26,628.037,3973.63,712.757,6.34229e+06,362.939,404.042,96850
2014-07-13,161.243,347.791,219.482,231.538,237.866,6.34749e+06,112.079,135.254,96900
2014-07-20,181.927,391.307,239.809,477.933,266.721,6.34716e+06,125.675,81.1107,96900
2014-07-27,204.07,437.858,267.222,750.516,299.996,6.34679e+06,141.353,104.654,96900
2014-08-03,228.4,489.773,298.809,1054.96,336.036,6.34638e+06,158.335,144.161,96900
2014-08-10,255.512,547.852,334.266,1395.49,375.986,6.34592e+06,177.159,224.2,96900
2014-08-17,285.816,612.811,373.924,1776.43,420.594,6.3454e+06,198.177,124.351,96900
2014-08-24,319.701,685.446,418.27,2202.55,470.467,6.34482e+06,221.677,226.389,96900
2014-08-31,357.588,766.656,467.855,2679.2,526.232,6.34418e+06,247.952,197.598,96900
2014-09-07,399.946,857.444,523.295,3212.34,588.581,6.34346e+06,277.33,158.733,96900
2014-09-14,447.297,958.928,585.276,3808.64,658.283,6.34265e+06,310.173,178.914,96900
2014-09-21,500.224,1072.35,654.561,4475.56,736.198,6.34175e+06,346.885,535.512,96900
2014-09-28,559.377,1199.11,732.004,5221.39,823.282,6.34074e+06,387.918,311.518,96900
2014-07-13,119.959,265.486,159.793,167.251,173.586,6.34774e+06,70.9354,87.1434,96950
2014-07-20,141.209,311.147,180.41,349.471,202.837,6.34747e+06,82.889,106.227,96950
2014-07-27,164.881,362.186,208.976,558.605,237.7,6.34716e+06,97.1354,118.687,96950
2014-08-03,191.989,421.455,243.092,801.545,277.055,6.34679e+06,113.218,96.7821,96950
2014-08-10,223.439,490.44,282.903,1084.23,322.497,6.34637e+06,131.788,95.9527,96950
2014-08-17,260.017,570.711,329.227,1413.21,375.304,6.34588e+06,153.367,134.249,96950
2014-08-24,302.571,664.096,383.121,1796.05,436.734,6.3453e+06,178.47,162.555,96950
2014-08-31,352.073,772.723,445.817,2241.55,508.197,6.34464e+06,207.674,231.169,96950
2014-09-07,409.652,899.068,518.75,2759.94,591.325,6.34386e+06,241.644,182.128,96950
2014-09-14,476.619,1046,603.58,3363.13,688.012,6.34296e+06,281.155,189.671,96950
2014-09-21,554.495,1216.85,702.239,4064.92,800.456,6.34191e+06,327.104,319.115,96950
2014-09-28,645.041,1415.49,816.963,4881.4,931.204,6.34069e+06,380.534,322.611,96950
2014-07-13,91.2985,197.682,123.88,130.536,134.303,6.34791e+06,90.6683,85.7765,97000
2014-07-20,103.659,223.77,136.004,269.924,151.512,6.34772e+06,102.287,113.709,97000
2014-07-27,116.971,251.864,152.421,424.963,171.456,6.3475e+06,115.751,109.292,97000
2014-08-03,131.69,283.388,171.44,599.137,193.192,6.34726e+06,130.425,134.571,97000
2014-08-10,148.192,318.867,192.913,795.1,217.436,6.34699e+06,146.792,122.013,97000
2014-08-17,166.749,358.789,217.076,1015.61,244.671,6.34669e+06,165.178,131.854,97000
2014-08-24,187.625,403.701,244.258,1263.73,275.305,6.34635e+06,185.86,206.468,97000
2014-08-31,211.109,454.223,274.837,1542.92,309.768,6.34597e+06,209.126,203.086,97000
2014-09-07,237.526,511.052,309.235,1857.06,348.535,6.34554e+06,235.298,229.399,97000
2014-09-14,267.239,574.971,347.928,2210.51,392.142,6.34505e+06,264.737,255.446,97000
2014-09-21,300.659,646.86,391.45,2608.17,441.19,6.3445e+06,297.849,201.092,97000
2014-09-28,338.244,727.704,440.4,3055.58,496.353,6.34389e+06,335.09,313.472,97000
2014-07-13,174.053,382.891,233.043,244.378,253.016,6.34742e+06,82.91,77.9471,97050
2014-07-20,202.847,444.453,261.065,509.135,292.779,6.34703e+06,95.9401,83.5458,97050
2014-07-27,234.621,512.555,299.641,810.357,339.798,6.34659e+06,111.348,137.794,97050
2014-08-03,270.652,590.881,345.32,1157.04,392.357,6.34609e+06,128.571,105.942,97050
2014-08-10,312.054,681.189,398.132,1556.68,452.459,6.3455e+06,148.265,168.695,97050
2014-08-17,359.752,785.283,459.009,2017.45,521.64,6.34483e+06,170.935,199.875,97050
2014-08-24,414.718,905.236,529.164,2548.65,601.356,6.34405e+06,197.057,203.862,97050
2014-08-31,478.055,1043.44,610.008,3161.02,693.216,6.34316e+06,227.158,292.394,97050
2014-09-07,551.025,1202.66,703.159,3866.92,799.057,6.34213e+06,261.841,302.132,97050
2014-09-14,635.083,1386.06,810.476,4680.6,920.989,6.34094e+06,301.796,338.219,97050
2014-09-21,731.896,1597.26,934.095,5618.41,1061.44,6.33957e+06,347.819,333.528,97050
2014-09-28,843.378,1840.43,1076.47,6699.22,1223.18,6.33799e+06,400.82,450.202,97050
2014-07-13,160.964,337.943,223.959,238.104,242.146,6.34749e+06,108.42,66.9179,97100
2014-07-20,173.837,364.446,236.774,485.636,260.346,6.34719e+06,116.569,199.116,97100
2014-07-27,187.071,391.535,253.594,749.465,280.649,6.34687e+06,125.66,112.134,97100
2014-08-03,201.005,420.508,272.287,1032.5,301.725,6.34652e+06,135.097,93.9951,97100
2014-08-10,215.899,451.626,292.451,1336.46,324.124,6.34615e+06,145.126,196.67,97100
2014-08-17,231.88,485.043,314.107,1662.93,348.126,6.34576e+06,155.873,233.036,97100
2014-08-24,249.035,520.919,337.355,2013.57,373.887,6.34533e+06,167.407,231.524,97100
2014-08-31,267.452,559.432,362.313,2390.15,401.543,6.34487e+06,179.79,182.688,97100
2014-09-07,287.221,600.772,389.105,2794.59,431.231,6.34438e+06,193.083,157.591,97100
2014-09-14,308.442,645.143,417.864,3228.93,463.099,6.34385e+06,207.351,280.012,97100
2014-09-21,331.217,692.764,448.734,3695.36,497.304,6.34328e+06,222.667,245.342,97100
2014-09-28,355.66,743.869,481.866,4196.25,534.014,6.34267e+06,239.104,213.198,97100
2014-07-13,114.343,249.519,154.142,162.04,167.228,6.34777e+06,78.1436,79.8468,97150
2014-07-20,131.498,285.956,170.904,336.296,191.018,6.34753e+06,89.2601,82.2243,97150
2014-07-27,150.196,325.717,193.785,532.275,218.86,6.34725e+06,102.27,99.8958,97150
2014-08-03,171.127,370.878,220.578,755.065,249.584,6.34693e+06,116.627,123.932,97150
2014-08-10,194.88,422.313,251.185,1008.73,284.276,6.34657e+06,132.838,112.513,97150
2014-08-17,221.912,480.879,286.035,1297.6,323.718,6.34616e+06,151.269,168.53,97150
2014-08-24,252.684,547.551,325.709,1626.54,368.613,6.3457e+06,172.248,182.088,97150
2014-08-31,287.713,623.444,370.873,2001.1,419.721,6.34517e+06,196.13,185.382,97150
2014-09-07,327.585,709.825,422.283,2427.58,477.897,6.34456e+06,223.315,252.735,97150
2014-09-14,372.966,808.134,480.8,2913.18,544.113,6.34387e+06,254.257,234.073,97150
2014-09-21,424.611,920.006,547.4,3466.05,619.473,6.34309e+06,289.472,277.856,97150
2014-09-28,483.379,1047.3,623.191,4095.49,705.231,6.3422e+06,329.545,303.038,97150
2014-07-13,110.1,239.289,148.925,156.748,161.509,6.34779e+06,86.3757,70.4948,97200
2014-07-20,125.779,272.482,164.275,324.694,183.297,6.34756e+06,98.028,94.0941,97200
2014-07-27,142.762,308.454,185.142,512.494,208.666,6.3473e+06,111.595,118.737,97200
2014-08-03,161.651,349.054,209.44,724.676,236.481,6.34701e+06,126.471,127.778,97200
2014-08-10,182.953,395.009,237.028,964.776,267.687,6.34667e+06,143.16,131.063,97200
2014-08-17,207.044,447.014,268.248,1236.5,302.946,6.34629e+06,162.017,153.99,97200
2014-08-24,234.3,505.852,303.569,1544.01,342.832,6.34586e+06,183.348,187.418,97200
2014-08-31,265.136,572.415,343.531,1892.01,387.958,6.34538e+06,207.482,162.405,97200
2014-09-07,300.02,647.711,388.74,2285.81,439.009,6.34483e+06,234.784,178.823,97200
2014-09-14,339.479,732.879,439.882,2731.42,496.758,6.34421e+06,265.668,319.135,97200
2014-09-21,384.109,829.204,497.731,3235.65,562.078,6.3435e+06,300.602,275.591,97200
2014-09-28,434.583,938.135,563.161,3806.18,635.956,6.34271e+06,340.112,340.321,97200
2014-07-13,77.0012,167.553,104.051,109.477,112.855,6.34799e+06,77.3168,121.65,97250
2014-07-20,88.1395,191.156,114.949,226.902,128.323,6.34783e+06,87.9141,85.3837,97250
2014-07-27,100.227,216.789,129.782,358.431,146.362,6.34764e+06,100.272,102.147,97250
2014-08-03,113.697,245.776,147.084,507.308,166.178,6.34744e+06,113.849,127.144,97250
2014-08-10,128.918,278.649,166.765,676.081,188.455,6.3472e+06,129.11,88.9576,97250
2014-08-17,146.164,315.921,189.079,867.439,213.672,6.34693e+06,146.386,76.2062,97250
2014-08-24,165.714,358.172,214.374,1084.4,242.254,6.34663e+06,165.968,217.205,97250
2014-08-31,187.874,406.063,243.046,1330.38,274.653,6.34628e+06,188.164,180.059,97250
2014-09-07,212.993,460.346,275.547,1609.26,311.378,6.34589e+06,213.324,262.137,97250
2014-09-14,241.463,521.868,312.385,1925.42,353.003,6.34545e+06,241.842,301.884,97250
2014-09-21,273.728,591.591,354.138,2283.85,400.181,6.34495e+06,274.163,385.376,97250
2014-09-28,310.294,670.601,401.457,2690.18,453.647,6.34438e+06,310.793,279.177,97250
2014-07-13,85.5494,188.053,114.617,120.221,124.432,6.34794e+06,71.2265,64.1823,97300
2014-07-20,99.5777,218.029,128.274,250.375,143.811,6.34775e+06,82.3197,68.5559,97300
2014-07-27,115.042,251.152,147.062,398.295,166.707,6.34754e+06,95.4255,88.6302,97300
2014-08-03,132.559,289.209,169.287,568.343,192.273,6.34729e+06,110.06,184.678,97300
2014-08-10,152.668,333.046,194.958,764.149,221.477,6.34701e+06,126.777,106.365,97300
2014-08-17,175.812,383.528,224.52,989.648,255.062,6.34668e+06,146.001,124.159,97300
2014-08-24,202.46,441.653,258.557,1249.34,293.725,6.3463e+06,168.132,165.086,97300
2014-08-31,233.14,508.57,297.745,1548.39,338.24,6.34586e+06,193.613,144.719,97300
2014-09-07,268.461,585.606,342.863,1892.76,389.49,6.34536e+06,222.949,276.401,97300
2014-09-14,309.12,674.281,394.803,2289.31,448.488,6.34478e+06,256.721,173.083,97300
2014-09-21,355.922,776.347,454.593,2745.92,516.402,6.34412e+06,295.596,188.835,97300
2014-09-28,409.788,893.813,523.413,3271.67,594.571,6.34335e+06,340.341,327.582,97300
2014-07-13,95.6558,209.602,128.502,134.917,139.465,6.34788e+06,79.4399,88.1874,97350
2014-07-20,110.758,241.788,143.228,280.554,160.363,6.34767e+06,91.3434,94.0977,97350
2014-07-27,127.324,277.16,163.418,445.316,184.951,6.34744e+06,105.349,103.632,97350
2014-08-03,145.993,317.597,187.196,633.804,212.266,6.34717e+06,120.908,127.744,97350
2014-08-10,167.317,363.947,214.528,849.782,243.311,6.34685e+06,138.591,134.802,97350
2014-08-17,191.739,417.062,245.85,1097.3,278.835,6.3465e+06,158.826,165.184,97350
2014-08-24,219.72,477.917,281.734,1380.94,319.53,6.34609e+06,182.006,214.687,97350
2014-08-31,251.776,547.633,322.847,1705.98,366.155,6.34562e+06,208.563,155.353,97350
2014-09-07,288.5,627.495,369.947,2078.45,419.568,6.34509e+06,238.988,220.186,97350
2014-09-14,330.565,718.97,423.902,2505.25,480.755,6.34447e+06,273.84,329.507,97350
2014-09-21,378.747,823.739,485.706,2994.29,550.84,6.34377e+06,313.761,267.108,97350
2014-09-28,433.927,943.719,556.494,3554.61,631.11,6.34296e+06,359.483,378.812,97350
2014-07-13,106.493,233.711,142.874,149.934,155.084,6.34782e+06,84.0859,83.8401,97400
2014-07-20,123.623,270.264,159.564,312.013,178.769,6.34758e+06,96.9274,63.5084,97400
2014-07-27,142.457,310.541,182.483,495.784,206.691,6.34732e+06,112.067,81.3846,97400
2014-08-03,163.736,356.698,209.534,706.519,237.786,6.34701e+06,128.926,95.5403,97400
2014-08-10,188.099,409.729,240.702,948.566,273.214,6.34666e+06,148.135,161.235,97400
2014-08-17,216.068,470.643,276.502,1226.62,313.851,6.34626e+06,170.168,179.852,97400
2014-08-24,248.189,540.597,317.616,1546.02,360.513,6.3458e+06,195.468,191.43,97400
2014-08-31,285.074,620.926,364.83,1912.9,414.099,6.34527e+06,224.522,243.931,97400
2014-09-07,327.427,713.159,419.046,2334.32,475.631,6.34466e+06,257.885,185.698,97400
2014-09-14,376.056,819.05,481.3,2818.35,546.284,6.34396e+06,296.192,361.708,97400
2014-09-21,431.883,940.61,552.775,3374.27,627.399,6.34315e+06,340.172,232.606,97400
2014-09-28,495.967,1080.14,634.828,4012.73,720.517,6.34223e+06,390.66,509.218,97400
2014-07-13,76.7638,169.093,102.665,107.614,111.477,6.34799e+06,76.6439,66.9923,97450
2014-07-20,89.6604,196.698,115.207,224.346,129.274,6.34782e+06,88.8798,100.055,97450
2014-07-27,103.923,227.311,132.499,357.41,150.357,6.34763e+06,103.375,112.537,97450
2014-08-03,120.135,262.6,153.015,510.872,173.978,6.3474e+06,119.615,140.763,97450
2014-08-10,138.806,303.381,176.788,688.15,201.051,6.34714e+06,138.228,75.7298,97450
2014-08-17,160.365,350.497,204.253,892.97,232.286,6.34684e+06,159.703,220.376,97450
2014-08-24,185.269,404.922,235.978,1129.61,268.362,6.34649e+06,184.507,193.637,97450
2014-08-31,214.035,467.784,272.623,1403,310.033,6.34609e+06,213.157,171.94,97450
2014-09-07,247.259,540.387,314.949,1718.83,358.164,6.34563e+06,246.249,279.573,97450
2014-09-14,285.631,624.233,363.836,2083.7,413.754,6.34509e+06,284.469,223.88,97450
2014-09-21,329.943,721.057,420.295,2505.2,477.954,6.34447e+06,328.608,394.441,97450
2014-09-28,381.112,832.856,485.494,2992.09,552.09,6.34376e+06,379.578,465.596,97450
2014-07-13,84.7595,187.617,112.888,118.15,122.634,6.34795e+06,83.394,73.3209,97500
2014-07-20,99.8033,219.949,127.482,246.896,143.341,6.34776e+06,97.4751,91.6112,97500
2014-07-27,116.568,256.103,147.709,394.695,168.026,6.34753e+06,114.262,109.412,97500
2014-08-03,135.773,298.1,171.872,566.435,195.903,6.34728e+06,133.219,107.076,97500
2014-08-10,158.062,347,200.077,766.331,228.102,6.34698e+06,155.115,139.092,97500
2014-08-17,183.994,403.923,232.91,999.032,265.533,6.34663e+06,180.569,224.797,97500
2014-08-24,214.175,470.171,271.122,1269.91,309.093,6.34622e+06,210.191,198.61,97500
2014-08-31,249.298,547.266,315.593,1585.23,359.789,6.34575e+06,244.665,231.009,97500
2014-09-07,290.171,636.976,367.345,1952.26,418.785,6.3452e+06,284.784,303.777,97500
2014-09-14,337.731,741.357,427.568,2379.48,487.435,6.34456e+06,331.468,325.462,97500
2014-09-21,393.066,862.796,497.642,2876.71,567.312,6.34382e+06,385.786,517.273,97500
2014-09-28,457.44,1004.06,579.17,3455.43,660.243,6.34295e+06,448.982,501.55,97500
2014-07-13,95.1673,210.689,126.733,132.633,137.676,6.34788e+06,72.4824,62.9364,97550
2014-07-20,112.088,247.058,143.146,277.183,160.963,6.34767e+06,84.7428,81.6727,97550
2014-07-27,130.948,287.736,165.897,443.163,188.731,6.34742e+06,99.3619,127.6,97550
2014-08-03,152.558,335.001,193.082,636.075,220.096,6.34713e+06,115.875,102.068,97550
2014-08-10,177.645,390.046,224.823,860.667,256.333,6.3468e+06,134.952,159.989,97550
2014-08-17,206.838,454.135,261.778,1122.18,298.468,6.34641e+06,157.135,174.528,97550
2014-08-24,240.822,528.739,304.797,1426.67,347.511,6.34595e+06,182.955,193.62,97550
2014-08-31,280.379,615.575,354.872,1781.2,404.6,6.34542e+06,213.011,178.921,97550
2014-09-07,326.42,716.64,413.16,2193.96,471.049,6.3448e+06,247.994,329.56,97550
2014-09-14,380.003,834.253,481,2674.5,548.387,6.34408e+06,288.711,271.387,97550
2014-09-21,442.357,971.109,559.951,3233.94,638.389,6.34324e+06,336.094,352.785,97550
2014-09-28,514.908,1130.33,651.822,3885.19,743.116,6.34227e+06,391.23,393.185,97550
2014-07-13,90.7121,197.312,122.617,129.027,132.988,6.34791e+06,84.998,77.5849,97600
2014-07-20,103.768,224.97,135.394,267.373,151.123,6.34772e+06,96.589,83.7976,97600
2014-07-27,117.928,254.987,152.778,422.251,172.262,6.3475e+06,110.099,94.3706,97600
2014-08-03,133.698,288.91,173.043,597.454,195.469,6.34726e+06,124.932,126.966,97600
2014-08-10,151.506,327.356,196.082,795.956,221.539,6.34698e+06,141.595,122.617,97600
2014-08-17,171.671,370.92,222.186,1020.89,251.034,6.34666e+06,160.446,185.989,97600
2014-08-24,194.516,420.273,251.759,1275.76,284.443,6.34631e+06,181.799,134.215,97600
2014-08-31,220.394,476.179,285.26,1564.54,322.29,6.3459e+06,205.988,230.046,97600
2014-09-07,249.708,539.503,323.209,1891.76,365.162,6.34545e+06,233.39,244.603,97600
2014-09-14,282.912,611.226,366.196,2262.49,413.724,6.34493e+06,264.427,310.589,97600
2014-09-21,320.517,692.455,414.885,2682.53,468.727,6.34434e+06,299.582,307.501,97600
2014-09-28,363.105,784.441,470.028,3158.41,531.019,6.34367e+06,339.396,296.002,97600
2014-07-13,90.1977,195.596,122.232,128.74,132.534,6.34791e+06,88.0252,49.8638,97650
2014-07-20,102.665,221.942,134.452,266.399,149.879,6.34772e+06,99.5452,76.0168,97650
2014-07-27,116.124,250.388,151.024,419.844,170.018,6.34751e+06,112.921,103.677,97650
2014-08-03,131.04,282.382,170.263,592.625,192.02,6.34727e+06,127.534,144,97650
2014-08-10,147.804,318.474,192.035,787.474,216.62,6.347e+06,143.873,136.813,97650
2014-08-17,166.699,359.18,216.59,1007.24,244.32,6.3467e+06,162.27,185.818,97650
2014-08-24,188.005,405.081,244.278,1255.1,275.55,6.34636e+06,183.012,184.231,97650
2014-08-31,212.029,456.836,275.499,1534.64,310.764,6.34597e+06,206.401,142.607,97650
2014-09-07,239.116,515.188,310.701,1849.91,350.469,6.34554e+06,232.772,142.558,97650
2014-09-14,269.654,580.972,350.391,2205.46,395.235,6.34504e+06,262.504,274.323,97650
2014-09-21,304.081,655.129,395.137,2606.41,445.703,6.34449e+06,296.024,286.073,97650
2014-09-28,342.889,738.72,445.581,3058.56,502.596,6.34386e+06,333.81,395.198,97650
2014-07-13,71.4187,156.379,96.0019,100.817,104.185,6.34803e+06,76.7557,94.5004,97700
2014-07-20,82.5947,180.184,106.903,209.571,119.656,6.34787e+06,88.1534,106.048,97700
2014-07-27,94.8404,206.313,121.838,332.478,137.842,6.34769e+06,101.552,83.6766,97700
2014-08-03,108.625,236.151,139.411,472.927,158.022,6.34749e+06,116.419,107.805,97700
2014-08-10,124.353,270.317,159.588,633.682,180.932,6.34726e+06,133.297,136.463,97700
2014-08-17,142.348,309.427,182.686,817.703,207.119,6.347e+06,152.59,152.168,97700
2014-08-24,162.942,354.19,209.12,1028.36,237.087,6.3467e+06,174.668,171.855,97700
2014-08-31,186.512,405.418,239.375,1269.49,271.385,6.34635e+06,199.937,179.792,97700
2014-09-07,213.486,464.043,273.999,1545.5,310.638,6.34595e+06,228.855,221.393,97700
2014-09-14,244.353,531.127,313.624,1861.43,355.557,6.3455e+06,261.948,199.534,97700
2014-09-21,279.673,607.886,358.967,2223.05,406.959,6.34498e+06,299.818,341.44,97700
2014-09-28,320.087,695.709,410.851,2636.94,465.775,6.34439e+06,343.148,431.864,97700
2014-07-13,155.989,338.962,211.027,222.126,228.856,6.34752e+06,88.659,107.867,97750
2014-07-20,178.149,385.865,232.726,460.081,259.653,6.34719e+06,100.59,117.182,97750
2014-07-27,202.143,436.677,262.213,726.095,295.502,6.34682e+06,114.478,115.349,97750
2014-08-03,228.821,494.004,296.54,1026.56,334.793,6.3464e+06,129.699,131.443,97750
2014-08-10,258.894,558.867,335.5,1366.46,378.857,6.34593e+06,146.77,143.688,97750
2014-08-17,292.892,632.238,379.572,1751.01,428.625,6.34539e+06,166.05,186.819,97750
2014-08-24,331.34,715.215,429.414,2186.07,484.9,6.34479e+06,187.851,142.921,97750
2014-08-31,374.818,809.041,485.78,2678.24,548.541,6.3441e+06,212.506,191.123,97750
2014-09-07,423.979,915.126,549.519,3235.01,620.504,6.34333e+06,240.384,299.624,97750
2014-09-14,479.561,1035.06,621.587,3864.81,701.87,6.34245e+06,271.905,252.239,97750
2014-09-21,542.392,1170.62,703.064,4577.19,793.855,6.34146e+06,307.54,357.451,97750
2014-09-28,613.41,1323.83,795.168,5382.92,897.831,6.34033e+06,347.821,409.548,97750
2014-07-13,115.571,252.232,155.778,163.754,169.006,6.34776e+06,83.1321,83.8778,97800
2014-07-20,132.94,289.127,172.748,339.875,193.091,6.34752e+06,94.9789,81.6451,97800
2014-07-27,151.874,329.397,195.916,537.989,221.282,6.34723e+06,108.846,96.0552,97800
2014-08-03,173.075,375.146,223.051,763.255,252.4,6.34692e+06,124.152,115.754,97800
2014-08-10,197.14,427.261,254.053,1019.79,287.542,6.34655e+06,141.438,110.761,97800
2014-08-17,224.531,486.614,289.361,1311.99,327.505,6.34614e+06,161.096,245.264,97800
2014-08-24,255.719,554.196,329.565,1644.79,373.003,6.34567e+06,183.475,186.385,97800
2014-08-31,291.229,631.139,375.34,2023.82,424.807,6.34513e+06,208.957,228.148,97800
2014-09-07,331.657,718.733,427.458,2455.49,483.787,6.34452e+06,237.969,244.994,97800
2014-09-14,377.679,818.444,486.792,2947.09,550.932,6.34382e+06,270.997,136.713,97800
2014-09-21,430.064,931.933,554.335,3506.91,627.365,6.34303e+06,308.593,376.3,97800
2014-09-28,489.685,1061.09,631.216,4144.39,714.361,6.34212e+06,351.386,277.859,97800
2014-07-13,151.462,328.507,205.224,216.14,222.525,6.34755e+06,82.9359,49.4189,97850
2014-07-20,172.446,372.854,225.79,447.29,251.716,6.34723e+06,93.8158,82.8919,97850
2014-07-27,195.102,420.744,253.685,705.01,285.615,6.34688e+06,106.45,115.349,97850
2014-08-03,220.217,474.616,286.073,995.28,322.658,6.34647e+06,120.256,78.3571,97850
2014-08-10,248.446,535.396,322.731,1322.7,364.078,6.34602e+06,135.694,151.818,97850
2014-08-17,280.267,603.953,364.08,1692.08,410.725,6.34551e+06,153.079,155.206,97850
2014-08-24,316.15,681.263,410.709,2108.77,463.321,6.34493e+06,172.682,190.264,97850
2014-08-31,356.613,768.434,463.291,2578.82,522.631,6.34428e+06,194.787,188.13,97850
2014-09-07,402.235,866.714,522.581,3109.03,589.506,6.34355e+06,219.711,205.127,97850
2014-09-14,453.668,977.505,589.429,3707.09,664.903,6.34272e+06,247.813,191.397,97850
2014-09-21,511.646,1102.39,664.79,4381.63,749.9,6.34179e+06,279.491,312.571,97850
2014-09-28,576.993,1243.12,749.739,5142.38,845.706,6.34074e+06,315.199,265.39,97850
2014-07-13,102.587,225.822,137.28,143.928,149.054,6.34784e+06,76.1964,95.5806,97900
2014-07-20,119.687,262.404,153.916,299.953,172.661,6.34761e+06,88.2639,80.0211,97900
2014-07-27,138.578,302.923,176.835,477.634,200.6,6.34735e+06,102.546,77.933,97900
2014-08-03,160.026,349.578,204.001,682.335,231.868,6.34705e+06,118.53,89.5721,97900
2014-08-10,184.699,403.435,235.445,918.556,267.664,6.34671e+06,136.829,153.642,97900
2014-08-17,213.159,465.587,271.732,1191.19,308.917,6.34631e+06,157.918,142.588,97900
2014-08-24,245.995,537.299,313.601,1505.83,356.511,6.34585e+06,182.248,154.459,97900
2014-08-31,283.88,620.033,361.908,1868.94,411.423,6.34532e+06,210.319,203.815,97900
2014-09-07,327.586,715.475,417.641,2287.99,474.775,6.3447e+06,242.704,259.081,97900
2014-09-14,378.002,825.564,481.936,2771.55,547.858,6.34399e+06,280.064,219.402,97900
2014-09-21,436.155,952.536,556.101,3329.54,632.158,6.34318e+06,323.158,243.961,97900
2014-09-28,503.221,1098.96,641.643,3973.39,729.386,6.34223e+06,372.861,343.438,97900
2014-07-13,108.452,234.601,147.272,155.228,159.649,6.3478e+06,87.4025,85.1959,97950
2014-07-20,122.944,265.163,161.493,320.843,179.835,6.34758e+06,98.4538,119.869,97950
2014-07-27,138.528,298.02,180.73,504.806,203.2,6.34733e+06,111.245,84.8203,97950
2014-08-03,155.732,334.832,202.986,711.176,228.626,6.34705e+06,125.165,158.431,97950
2014-08-10,174.991,376.202,228.078,943.024,256.941,6.34673e+06,140.666,149.957,97950
2014-08-17,196.616,422.682,256.271,1203.53,288.702,6.34637e+06,158.055,150.284,97950
2014-08-24,220.906,474.894,287.939,1496.24,324.374,6.34597e+06,177.584,130.392,97950
2014-08-31,248.191,533.539,323.51,1825.11,364.443,6.34552e+06,199.52,273.772,97950
2014-09-07,278.836,599.404,363.465,2194.6,409.448,6.34501e+06,224.159,140.747,97950
2014-09-14,313.253,673.372,408.341,2609.72,459.996,6.34445e+06,251.832,201.7,97950
2014-09-21,351.903,756.434,458.739,3076.09,516.762,6.34381e+06,282.91,217.074,97950
2014-09-28,395.302,849.699,515.334,3600,580.508,6.34309e+06,317.809,350.258,97950
2014-07-13,105.035,229.894,141.237,148.338,153.27,6.34783e+06,83.1404,85.2901,98000
2014-07-20,121.392,264.722,157.195,308.297,175.917,6.3476e+06,95.4255,93.8816,98000
2014-07-27,139.302,302.923,179.048,488.969,202.525,6.34734e+06,109.859,75.109,98000
2014-08-03,159.45,346.516,204.745,695.302,232.03,6.34704e+06,125.863,121.445,98000
2014-08-10,182.422,396.396,234.232,931.318,265.503,6.34671e+06,144.021,145.095,98000
2014-08-17,208.686,453.456,267.963,1201.32,303.738,6.34632e+06,164.761,128.638,98000
2014-08-24,238.723,518.715,306.541,1510.21,347.462,6.34588e+06,188.479,176.242,98000
2014-08-31,273.074,593.344,350.661,1863.55,397.467,6.34537e+06,215.604,183.147,98000
2014-09-07,312.357,678.681,401.117,2267.75,454.653,6.34479e+06,246.624,228.556,98000
2014-09-14,357.274,776.255,458.815,2730.1,520.044,6.34413e+06,282.096,357.242,98000
2014-09-21,408.63,887.809,524.788,3258.94,594.813,6.34337e+06,322.653,251.601,98000
2014-09-28,467.341,1015.33,600.216,3863.8,680.293,6.3425e+06,369.022,273.792,98000
2014-07-13,101.788,219.94,138.351,145.873,149.963,6.34784e+06,92.8455,91.9254,98050
2014-07-20,115.179,248.154,151.498,301.352,168.626,6.34763e+06,104.4,97.2899,98050
2014-07-27,129.554,278.43,169.262,473.784,190.197,6.3474e+06,117.756,121.257,98050
2014-08-03,145.396,312.292,189.784,666.893,213.63,6.34714e+06,132.263,116.329,98050
2014-08-10,163.1,350.281,212.882,883.474,239.68,6.34684e+06,148.392,125.415,98050
2014-08-17,182.944,392.893,238.791,1126.42,268.851,6.34651e+06,166.452,185.813,98050
2014-08-24,205.198,440.679,267.844,1398.92,301.558,6.34614e+06,186.702,206.421,98050
2014-08-31,230.153,494.262,300.424,1704.58,338.236,6.34572e+06,209.41,222.458,98050
2014-09-07,258.134,554.342,336.958,2047.41,379.364,6.34525e+06,234.873,238.298,98050
2014-09-14,289.507,621.702,377.921,2431.92,425.478,6.34473e+06,263.424,240.741,98050
2014-09-21,324.681,697.218,423.85,2863.17,477.181,6.34414e+06,295.434,203.474,98050
2014-09-28,364.111,781.869,475.341,3346.83,535.143,6.34348e+06,331.32,306.102,98050
2014-07-13,94.7511,205.73,128.267,135.045,139.094,6.34789e+06,87.2189,93.097,98100
2014-07-20,108.072,233.909,141.315,279.611,157.614,6.34769e+06,98.8321,65.1642,98100
2014-07-27,122.48,264.398,159.034,441.044,179.152,6.34746e+06,112.338,118.37,98100
2014-08-03,138.48,298.758,179.64,623.169,202.73,6.34721e+06,127.122,121.926,98100
2014-08-10,156.498,337.594,203.002,828.95,229.144,6.34692e+06,143.685,136.174,98100
2014-08-17,176.845,381.479,229.403,1061.5,258.945,6.3466e+06,162.372,159.274,98100
2014-08-24,199.832,431.059,259.228,1324.28,292.608,6.34624e+06,183.48,175.738,98100
2014-08-31,225.802,487.069,292.923,1621.22,330.638,6.34582e+06,207.327,221.744,98100
2014-09-07,255.138,550.339,330.988,1956.76,373.601,6.34536e+06,234.267,224.008,98100
2014-09-14,288.276,621.804,373.988,2335.89,422.132,6.34483e+06,264.698,266.481,98100
2014-09-21,325.704,702.519,422.558,2764.27,476.949,6.34423e+06,299.072,342.524,98100
2014-09-28,367.976,793.672,477.417,3248.27,538.862,6.34356e+06,337.895,362.51,98100
2014-07-13,90.8225,198.61,122.217,128.398,132.619,6.34791e+06,83.844,49.8797,98150
2014-07-20,104.812,228.375,135.872,266.741,151.998,6.34771e+06,96.0953,126.673,98150
2014-07-27,120.109,260.974,154.553,422.799,174.739,6.34749e+06,110.473,138.987,98150
2014-08-03,137.293,298.124,176.493,600.78,199.921,6.34724e+06,126.393,124.72,98150
2014-08-10,156.859,340.574,201.635,804.086,228.45,6.34695e+06,144.43,149.732,98150
2014-08-17,179.199,389.07,230.359,1036.36,260.993,6.34662e+06,165.004,154.422,98150
2014-08-24,204.714,444.462,263.165,1301.71,298.159,6.34624e+06,188.501,210.011,98150
2014-08-31,233.856,507.724,300.635,1604.85,340.608,6.3458e+06,215.338,261.173,98150
2014-09-07,267.138,579.97,343.43,1951.14,389.089,6.34531e+06,245.988,227.783,98150
2014-09-14,305.144,662.469,392.303,2346.72,444.455,6.34474e+06,280.991,252.728,98150
2014-09-21,348.543,756.667,448.114,2798.59,507.678,6.3441e+06,320.962,342.917,98150
2014-09-28,398.095,864.214,511.841,3314.73,579.868,6.34336e+06,366.602,313.543,98150
2014-07-13,90.6343,196.411,122.892,129.461,133.241,6.34791e+06,86.4746,96.8002,98200
2014-07-20,103.049,222.632,135.064,267.808,150.519,6.34772e+06,97.6877,104.05,98200
2014-07-27,116.437,250.909,151.56,421.874,170.563,6.34751e+06,110.696,89.7726,98200
2014-08-03,131.259,282.681,170.693,595.179,192.438,6.34727e+06,124.893,120.548,98200
2014-08-10,147.9,318.486,192.324,790.418,216.869,6.347e+06,140.75,150.213,98200
2014-08-17,166.637,358.827,216.694,1010.4,244.351,6.3467e+06,158.586,149.052,98200
2014-08-24,187.743,404.271,244.146,1258.25,275.304,6.34636e+06,178.674,141.807,98200
2014-08-31,211.518,455.457,275.069,1537.5,310.17,6.34597e+06,201.302,191.332,98200
2014-09-07,238.295,513.107,309.899,1852.11,349.442,6.34554e+06,226.79,228.638,98200
2014-09-14,268.455,578.035,349.13,2206.55,393.674,6.34505e+06,255.497,178.457,98200
2014-09-21,302.42,651.154,393.314,2605.86,443.49,6.3445e+06,287.828,206.338,98200
2014-09-28,340.668,733.488,443.073,3055.69,499.591,6.34388e+06,324.238,317.016,98200
2014-07-13,96.9468,214.057,129.396,135.534,140.534,6.34787e+06,82.6254,129.751,98250
2014-07-20,113.679,249.944,145.65,282.877,163.596,6.34766e+06,96.1844,132.533,98250
2014-07-27,132.253,289.899,168.115,451.412,191,6.34741e+06,112.296,164.348,98250
2014-08-03,153.443,336.129,194.857,646.489,221.819,6.34712e+06,130.416,125.064,98250
2014-08-10,177.939,389.746,225.954,872.666,257.274,6.34678e+06,151.261,150.64,98250
2014-08-17,206.327,451.916,262.011,1134.94,298.329,6.34639e+06,175.399,218.885,98250
2014-08-24,239.236,523.987,303.811,1439.06,345.919,6.34594e+06,203.378,220.335,98250
2014-08-31,277.385,607.53,352.267,1791.69,401.086,6.34542e+06,235.813,186.137,98250
2014-09-07,321.604,704.361,408.436,2200.55,465.035,6.34482e+06,273.411,225.446,98250
2014-09-14,372.855,816.583,473.542,2674.6,539.155,6.34411e+06,316.989,354.087,98250
2014-09-21,432.249,946.628,548.999,3224.2,625.058,6.3433e+06,367.494,405.76,98250
2014-09-28,501.073,1097.31,636.444,3861.36,724.604,6.34235e+06,426.021,420.99,98250
2014-07-13,110.225,238.896,149.439,157.421,162.026,6.34779e+06,93.1211,62.1291,98300
2014-07-20,125.349,270.842,164.266,325.666,183.073,6.34756e+06,105.218,78.0182,98300
2014-07-27,141.662,305.3,184.364,513.061,207.493,6.34731e+06,119.253,86.7044,98300
2014-08-03,159.725,344.023,207.678,723.896,234.149,6.34701e+06,134.573,98.6237,98300
2014-08-10,180.008,387.668,234.039,961.461,263.925,6.34669e+06,151.686,120.295,98300
2014-08-17,202.849,436.849,263.744,1229.18,297.424,6.34632e+06,170.939,200.142,98300
2014-08-24,228.581,492.258,297.209,1530.87,335.159,6.3459e+06,192.626,241.236,98300
2014-08-31,257.57,554.675,334.91,1870.84,377.67,6.34543e+06,217.059,159.088,98300
2014-09-07,290.225,624.984,377.382,2253.93,425.559,6.3449e+06,244.582,289.429,98300
2014-09-14,327.007,704.175,425.223,2685.59,479.503,6.34431e+06,275.585,289.525,98300
2014-09-21,368.435,793.361,479.111,3171.97,540.261,6.34364e+06,310.505,304.314,98300
2014-09-28,415.089,893.796,539.802,3719.96,608.689,6.34288e+06,349.833,424.466,98300
2014-07-13,98.8865,215.382,133.516,140.438,144.826,6.34786e+06,82.3165,101.348,98350
2014-07-20,113.37,246.099,147.681,291.204,164.931,6.34765e+06,93.7435,95.677,98350
2014-07-27,129.111,279.511,166.979,460.31,188.404,6.34741e+06,107.085,98.0148,98350
2014-08-03,146.679,317.35,189.519,652,214.231,6.34714e+06,121.764,126.551,98350
2014-08-10,166.559,360.323,215.194,869.63,243.305,6.34684e+06,138.29,97.7701,98350
2014-08-17,189.117,409.115,244.347,1116.74,276.266,6.34649e+06,157.024,145.204,98350
2014-08-24,214.724,464.503,277.439,1397.33,313.678,6.3461e+06,178.288,227.006,98350
2014-08-31,243.791,527.373,315.004,1715.91,356.146,6.34565e+06,202.426,244.448,98350
2014-09-07,276.784,598.73,357.644,2077.62,404.351,6.34514e+06,229.825,250.242,98350
2014-09-14,314.23,679.715,406.042,2488.29,459.064,6.34456e+06,260.923,307.904,98350
2014-09-21,356.726,771.617,460.971,2954.52,521.158,6.34391e+06,296.216,305.598,98350
2014-09-28,404.949,875.897,523.306,3483.8,591.624,6.34316e+06,336.267,378.011,98350
2014-07-13,175.328,381.278,237.038,249.446,257.082,6.34741e+06,90.9457,111.658,98400
2014-07-20,200.488,434.564,261.664,516.855,292.035,6.34704e+06,103.311,102.877,98400
2014-07-27,227.761,492.363,295.157,816.121,332.76,6.34662e+06,117.718,149.608,98400
2014-08-03,258.121,557.648,334.187,1154.54,377.447,6.34615e+06,133.527,128.164,98400
2014-08-10,292.385,631.6,378.534,1537.82,427.624,6.34561e+06,151.277,128.095,98400
2014-08-17,331.164,715.345,428.757,1971.95,484.359,6.345e+06,171.348,191.673,98400
2014-08-24,375.068,810.159,485.619,2463.68,548.586,6.34432e+06,194.069,180.498,98400
2014-08-31,424.771,917.488,549.995,3020.6,621.298,6.34354e+06,219.792,193.683,98400
2014-09-07,481.031,1038.97,622.872,3651.33,703.61,6.34266e+06,248.91,274.598,98400
2014-09-14,544.708,1176.45,705.362,4365.62,796.776,6.34166e+06,281.869,325.137,98400
2014-09-21,616.766,1332.02,798.721,5174.47,902.214,6.34053e+06,319.169,303.144,98400
2014-09-28,698.297,1508.02,904.368,6090.35,1021.52,6.33925e+06,361.376,362.87,98400
2014-07-13,81.8162,176.931,111.128,117.142,120.464,6.34796e+06,92.3969,114.052,98450
2014-07-20,92.7049,199.89,121.815,242.09,135.634,6.34779e+06,104.032,117.868,98450
2014-07-27,104.41,224.562,136.267,380.824,153.186,6.3476e+06,117.495,87.7213,98450
2014-08-03,117.326,252.193,152.982,536.389,172.279,6.34739e+06,132.139,116.528,98450
2014-08-10,131.78,283.233,171.819,711.085,193.533,6.34715e+06,148.441,164.031,98450
2014-08-17,148.003,318.095,192.976,907.292,217.365,6.34688e+06,166.72,180.731,98450
2014-08-24,166.219,357.242,216.732,1127.66,244.121,6.34658e+06,187.242,220.584,98450
2014-08-31,186.673,401.197,243.407,1375.15,274.164,6.34624e+06,210.285,243.905,98450
2014-09-07,209.639,450.549,273.358,1653.09,307.898,6.34586e+06,236.16,230.886,98450
2014-09-14,235.424,505.956,306.987,1965.24,345.774,6.34544e+06,265.21,277.244,98450
2014-09-21,264.372,568.157,344.744,2315.78,388.296,6.34496e+06,297.825,263.513,98450
2014-09-28,296.869,637.98,387.131,2709.42,436.034,6.34442e+06,334.44,364.334,98450
2014-07-13,91.2909,198.74,123.311,129.724,133.751,6.34791e+06,82.9847,77.4573,98500
2014-07-20,104.577,226.906,136.308,268.925,152.198,6.34771e+06,94.4298,94.8209,98500
2014-07-27,119.005,257.517,154.006,424.95,173.723,6.34749e+06,107.785,84.6898,98500
2014-08-03,135.096,292.158,174.663,601.679,197.386,6.34725e+06,122.466,136.612,98500
2014-08-10,153.291,331.47,198.176,802.172,224.006,6.34696e+06,138.982,154.529,98500
2014-08-17,173.921,376.073,224.853,1029.66,254.161,6.34665e+06,157.691,175.368,98500
2014-08-24,197.322,426.669,255.114,1287.76,288.363,6.34628e+06,178.912,202.885,98500
2014-08-31,223.867,484.057,289.439,1580.59,327.158,6.34587e+06,202.982,175.099,98500
2014-09-07,253.974,549.146,328.374,1912.82,371.163,6.34541e+06,230.284,239.724,98500
2014-09-14,288.12,622.963,372.533,2289.73,421.072,6.34488e+06,261.25,290.458,98500
2014-09-21,326.844,706.672,422.616,2717.32,477.675,6.34428e+06,296.368,213.55,98500
2014-09-28,370.756,801.591,479.412,3202.39,541.863,6.3436e+06,336.193,320.269,98500
2014-07-13,97.0615,214.946,129.222,135.226,140.384,6.34787e+06,76.8714,60.5176,98550
2014-07-20,114.375,252.169,146.015,282.643,164.209,6.34765e+06,89.9176,127.166,98550
2014-07-27,133.682,293.824,169.298,451.988,192.629,6.3474e+06,105.48,105.613,98550
2014-08-03,155.816,342.245,197.131,648.901,224.745,6.34711e+06,123.066,68.6008,98550
2014-08-10,181.521,398.663,229.642,878.257,261.867,6.34676e+06,143.393,130.602,98550
2014-08-17,211.448,464.38,267.513,1145.44,305.052,6.34636e+06,167.04,170.438,98550
2014-08-24,246.301,540.914,311.616,1456.67,355.339,6.34589e+06,194.576,253.189,98550
2014-08-31,286.889,630.037,362.978,1819.21,413.903,6.34535e+06,226.645,358.917,98550
2014-09-07,334.152,733.81,422.789,2241.5,482.1,6.34472e+06,263.988,247.454,98550
2014-09-14,389.181,854.629,492.435,2733.37,561.507,6.34398e+06,307.47,231.984,98550
2014-09-21,453.245,995.277,573.523,3306.24,653.959,6.34312e+06,358.094,356.16,98550
2014-09-28,527.82,1158.99,667.923,3973.42,761.584,6.34212e+06,417.028,481.456,98550
2014-07-13,92.1779,202.161,123.737,129.878,134.304,6.3479e+06,88.3242,84.8454,98600
2014-07-20,106.889,233.537,138.075,270.191,154.651,6.3477e+06,101.705,92.0089,98600
2014-07-27,123.047,268.07,157.751,429.133,178.618,6.34747e+06,117.467,129.171,98600
2014-08-03,141.284,307.604,180.953,611.212,205.282,6.34721e+06,135.002,151.948,98600
2014-08-10,162.143,352.982,207.66,820.135,235.63,6.34691e+06,154.96,195.265,98600
2014-08-17,186.067,405.055,238.306,1059.89,270.405,6.34656e+06,177.83,154.244,98600
2014-08-24,213.515,464.799,273.467,1335.03,310.297,6.34616e+06,204.065,190.953,98600
2014-08-31,245.004,533.337,313.805,1650.76,356.065,6.34571e+06,234.164,304.432,98600
2014-09-07,281.127,611.958,360.083,2013.05,408.57,6.34518e+06,268.694,262.916,98600
2014-09-14,322.563,702.139,413.17,2428.76,468.8,6.34458e+06,308.303,320.916,98600
2014-09-21,370.09,805.569,474.064,2905.75,537.886,6.34389e+06,353.737,265.752,98600
2014-09-28,424.596,924.181,543.906,3453.03,617.122,6.3431e+06,405.846,344.512,98600
2014-07-13,101.681,221.294,137.381,144.539,149.008,6.34785e+06,89.5462,84.4692,98650
2014-07-20,116.422,252.534,151.803,299.594,169.478,6.34763e+06,101.847,105.017,98650
2014-07-27,132.422,286.47,171.435,473.315,193.353,6.34739e+06,116.195,66.2417,98650
2014-08-03,150.257,324.854,194.339,669.998,219.587,6.34711e+06,131.961,151.039,98650
2014-08-10,170.413,368.393,220.398,893.023,249.084,6.3468e+06,149.687,86.564,98650
2014-08-17,193.257,417.766,249.949,1145.95,282.483,6.34644e+06,169.758,241.435,98650
2014-08-24,219.156,473.746,283.454,1432.79,320.344,6.34604e+06,192.511,195.111,98650
2014-08-31,248.519,537.209,321.44,1758.08,363.27,6.34558e+06,218.307,203.312,98650
2014-09-07,281.807,609.152,364.505,2126.95,411.935,6.34507e+06,247.552,252.942,98650
2014-09-14,319.541,690.699,413.325,2545.23,467.102,6.34448e+06,280.704,263.84,98650
2014-09-21,362.311,783.126,468.664,3019.53,529.635,6.34382e+06,318.283,340.228,98650
2014-09-28,410.785,887.873,531.389,3557.31,600.51,6.34306e+06,360.876,364.749,98650
2014-07-13,102.059,220.916,138.514,145.968,150.164,6.34784e+06,91.5031,112.591,98700
2014-07-20,115.821,249.955,152.015,301.795,169.328,6.34763e+06,103.181,111.973,98700
2014-07-27,130.636,281.211,170.29,475.047,191.527,6.34739e+06,116.708,64.8913,98700
2014-08-03,147.007,316.265,191.453,669.595,215.711,6.34713e+06,131.445,142.924,98700
2014-08-10,165.355,355.699,215.336,888.383,242.671,6.34683e+06,147.873,171.524,98700
2014-08-17,185.976,400.051,242.198,1134.47,272.944,6.34649e+06,166.32,166.93,98700
2014-08-24,209.164,449.922,272.402,1411.24,306.979,6.34611e+06,187.059,154.667,98700
2014-08-31,235.236,505.996,306.364,1722.53,345.248,6.34568e+06,210.379,262.452,98700
2014-09-07,264.549,569.038,344.55,2072.62,388.277,6.3452e+06,236.599,211.652,98700
2014-09-14,297.505,639.91,387.483,2466.34,436.653,6.34466e+06,266.077,200.52,98700
2014-09-21,334.553,719.578,435.75,2909.11,491.039,6.34405e+06,299.217,292.235,98700
2014-09-28,376.196,809.125,490.008,3407.02,552.174,6.34337e+06,336.47,376.883,98700
2014-07-13,130.02,282.284,176.025,185.332,190.881,6.34768e+06,89.4983,97.445,98750
2014-07-20,148.277,320.899,193.909,383.713,216.266,6.3474e+06,101.4,91.9326,98750
2014-07-27,168.019,362.672,218.192,605.212,245.781,6.3471e+06,115.239,135.713,98750
2014-08-03,189.94,409.738,246.426,855.065,278.087,6.34675e+06,130.386,129.14,98750
2014-08-10,214.618,462.924,278.431,1137.33,314.269,6.34636e+06,147.351,149.03,98750
2014-08-17,242.481,523.009,314.589,1456.25,355.081,6.34591e+06,166.487,191.352,98750
2014-08-24,273.951,590.876,355.429,1816.58,401.172,6.34541e+06,188.097,187.088,98750
2014-08-31,309.494,667.521,401.555,2223.69,453.23,6.34485e+06,212.505,199.081,98750
2014-09-07,349.633,754.075,453.65,2683.61,512.022,6.34421e+06,240.071,189.611,98750
2014-09-14,394.96,851.807,512.481,3203.2,578.414,6.34349e+06,271.2,220.201,98750
2014-09-21,446.138,962.15,578.913,3790.15,653.382,6.34267e+06,306.35,293.927,98750
2014-09-28,503.917,1086.71,653.92,4453.16,738.023,6.34175e+06,346.036,333.994,98750
2014-07-13,102.075,226.226,135.805,142.079,147.546,6.34784e+06,72.5987,74.1981,98800
2014-07-20,120.44,265.738,153.611,297.081,172.809,6.34761e+06,85.029,111.284,98800
2014-07-27,140.946,310.013,178.321,475.346,202.974,6.34735e+06,99.8716,87.409,98800
2014-08-03,164.484,361.544,207.891,682.882,237.107,6.34703e+06,116.666,137.387,98800
2014-08-10,191.853,421.658,242.473,924.909,276.609,6.34667e+06,136.103,221.023,98800
2014-08-17,223.757,491.765,282.805,1207.2,322.618,6.34624e+06,158.741,179.334,98800
2014-08-24,260.958,573.51,329.832,1536.43,376.26,6.34575e+06,185.135,173.516,98800
2014-08-31,304.331,668.816,384.664,1920.4,438.806,6.34517e+06,215.911,205.849,98800
2014-09-07,354.897,779.92,448.594,2368.2,511.727,6.3445e+06,251.791,264.687,98800
2014-09-14,413.843,909.429,523.124,2890.41,596.738,6.34371e+06,293.619,287.618,98800
2014-09-21,482.549,1060.37,610.003,3499.36,695.83,6.3428e+06,342.377,315.063,98800
2014-09-28,562.622,1236.27,711.265,4209.42,811.323,6.34173e+06,399.204,381.186,98800
2014-07-13,85.9519,189.664,114.781,120.249,124.654,6.34794e+06,68.1038,49.2694,98850
2014-07-20,100.684,221.246,129.096,250.9,144.966,6.34775e+06,79.201,85.36,98850
2014-07-27,117.022,256.372,148.869,400.209,169.083,6.34753e+06,92.3768,94.1777,98850
2014-08-03,135.644,296.975,172.387,572.871,196.179,6.34727e+06,107.181,75.3729,98850
2014-08-10,157.15,344.023,199.71,772.87,227.322,6.34698e+06,124.195,83.5089,98850
2014-08-17,182.051,398.526,231.361,1004.57,263.35,6.34663e+06,143.879,92.7135,98850
2014-08-24,210.892,461.653,268.02,1272.98,305.073,6.34624e+06,166.674,186.995,98850
2014-08-31,244.293,534.761,310.478,1583.92,353.397,6.34578e+06,193.076,242.334,98850
2014-09-07,282.975,619.422,359.65,1944.11,409.362,6.34524e+06,223.652,224.442,98850
2014-09-14,327.769,717.455,416.594,2361.34,474.172,6.34463e+06,259.06,211.609,98850
2014-09-21,379.635,830.958,482.534,2844.62,549.218,6.34391e+06,300.06,358.352,98850
2014-09-28,439.683,962.36,558.882,3404.38,636.107,6.34308e+06,347.532,294.158,98850
2014-07-13,92.702,200.608,125.844,132.627,136.424,6.3479e+06,89.7193,87.7399,98900
2014-07-20,105.156,226.88,138.062,274.177,153.768,6.34771e+06,101.125,106.24,98900
2014-07-27,118.556,255.145,154.597,431.495,173.853,6.34749e+06,114.334,108.063,98900
2014-08-03,133.359,286.832,173.738,608.077,195.724,6.34725e+06,128.717,112.484,98900
2014-08-10,149.941,322.464,195.331,806.58,220.095,6.34698e+06,144.745,154.622,98900
2014-08-17,168.572,362.524,219.607,1029.75,247.45,6.34667e+06,162.735,189.24,98900
2014-08-24,189.512,407.553,246.893,1280.66,278.193,6.34633e+06,182.953,182.498,98900
2014-08-31,213.049,458.162,277.563,1562.74,312.747,6.34594e+06,205.678,189.143,98900
2014-09-07,239.502,515.04,312.033,1879.85,351.584,6.3455e+06,231.219,243.1,98900
2014-09-14,269.231,578.958,350.774,2236.34,395.232,6.34501e+06,259.924,208.041,98900
2014-09-21,302.639,650.783,394.312,2637.09,444.282,6.34447e+06,292.182,328.485,98900
2014-09-28,340.178,731.487,443.237,3087.56,499.401,6.34385e+06,328.431,264.083,98900
2014-07-13,97.4882,212.413,131.588,138.395,142.74,6.34787e+06,79.7374,108.236,98950
2014-07-20,111.833,242.845,145.615,287.017,162.649,6.34766e+06,90.8587,85.0719,98950
2014-07-27,127.432,275.968,164.733,453.803,185.904,6.34743e+06,103.85,124.154,98950
2014-08-03,144.853,313.5,187.073,642.968,211.505,6.34716e+06,118.151,139.753,98950
2014-08-10,164.576,356.149,212.534,857.85,240.343,6.34686e+06,134.26,140.073,98950
2014-08-17,186.969,404.6,241.46,1101.98,273.054,6.34651e+06,152.533,127.538,98950
2014-08-24,212.402,459.632,274.313,1379.33,310.202,6.34612e+06,173.285,148.191,98950
2014-08-31,241.289,522.132,311.628,1694.41,352.395,6.34568e+06,196.855,219.677,98950
2014-09-07,274.095,593.109,354.007,2052.34,400.314,6.34518e+06,223.623,139.268,98950
2014-09-14,311.35,673.707,402.135,2458.95,454.733,6.3446e+06,254.023,299.05,98950
2014-09-21,353.653,765.222,456.789,2920.82,516.528,6.34395e+06,288.543,348.13,98950
2014-09-28,401.683,869.121,518.847,3445.46,586.693,6.34321e+06,327.738,376.824,98950
2014-07-13,87.2836,189.679,118.073,124.28,128.049,6.34793e+06,85.5864,78.2568,99000
2014-07-20,99.6954,215.953,130.226,257.426,145.298,6.34775e+06,97.1151,96.6852,99000
2014-07-27,113.138,244.423,146.743,406.288,165.379,6.34754e+06,110.537,138.348,99000
2014-08-03,128.087,276.552,165.975,574.45,187.393,6.3473e+06,125.251,144.433,99000
2014-08-10,144.943,312.914,187.807,764.706,212.089,6.34704e+06,141.757,169.984,99000
2014-08-17,164.004,354.058,212.512,979.989,239.988,6.34674e+06,160.404,175.214,99000
2014-08-24,185.568,400.605,240.459,1223.59,271.545,6.3464e+06,181.497,183.779,99000
2014-08-31,209.961,453.259,272.074,1499.22,307.244,6.34602e+06,205.358,175.932,99000
2014-09-07,237.555,512.817,307.837,1811.08,347.628,6.34558e+06,232.349,257.468,99000
2014-09-14,268.766,580.181,348.291,2163.93,393.307,6.34509e+06,262.881,199.531,99000
2014-09-21,304.066,656.368,394.048,2563.15,444.973,6.34453e+06,297.413,273.713,99000
2014-09-28,343.988,742.525,445.799,3014.8,503.405,6.3439e+06,336.469,183.955,99000
2014-07-13,85.0229,185.952,114.4,120.18,124.138,6.34794e+06,85.796,82.5863,99050
2014-07-20,98.1405,213.865,127.203,249.685,142.308,6.34776e+06,98.3534,98.7566,99050
2014-07-27,112.488,244.443,144.721,395.801,163.634,6.34755e+06,113.093,101.743,99050
2014-08-03,128.607,279.298,165.299,562.477,187.254,6.34731e+06,129.417,120.674,99050
2014-08-10,146.966,319.134,188.886,752.91,214.02,6.34704e+06,147.916,155.436,99050
2014-08-17,167.932,364.654,215.838,970.517,244.559,6.34673e+06,169.023,143.636,99050
2014-08-24,191.884,416.658,246.629,1219.17,279.443,6.34638e+06,193.132,171.812,99050
2014-08-31,219.246,476.065,281.804,1503.29,319.296,6.34597e+06,220.675,226.406,99050
2014-09-07,250.502,543.923,321.987,1827.93,364.821,6.34551e+06,252.139,190.459,99050
2014-09-14,286.204,621.43,367.887,2198.85,416.823,6.34498e+06,288.08,299.23,99050
2014-09-21,326.981,709.95,420.315,2622.64,476.22,6.34437e+06,329.131,226.46,99050
2014-09-28,373.551,811.039,480.195,3106.82,544.057,6.34368e+06,376.015,404.243,99050
2014-07-13,106.671,226.024,147.326,156.225,159.415,6.34781e+06,105.031,78.8225,99100
2014-07-20,116.923,247.289,157.487,319.908,173.846,6.34761e+06,114.539,95.3762,99100
2014-07-27,127.61,269.366,170.949,496.572,190.125,6.34739e+06,125.264,139.035,99100
2014-08-03,139.027,293.319,186.093,688.699,207.271,6.34714e+06,136.561,179.823,99100
2014-08-10,151.406,319.407,202.653,897.897,225.758,6.34688e+06,148.741,115.049,99100
2014-08-17,164.876,347.815,220.687,1125.71,245.849,6.34659e+06,161.978,124.443,99100
2014-08-24,179.54,378.744,240.32,1373.8,267.717,6.34628e+06,176.386,150.239,99100
2014-08-31,195.503,412.414,261.692,1643.95,291.524,6.34594e+06,192.071,142.124,99100
2014-09-07,212.881,449.065,284.959,1938.12,317.441,6.34556e+06,209.146,144.326,99100
2014-09-14,231.797,488.96,310.287,2258.45,345.652,6.34516e+06,227.734,132.863,99100
2014-09-21,252.386,532.383,337.857,2607.24,376.361,6.34472e+06,247.966,192.592,99100
2014-09-28,274.796,579.642,367.866,2987.01,409.785,6.34424e+06,269.988,372.153,99100
2014-07-13,84.6962,187.076,113.01,118.357,122.742,6.34795e+06,76.9425,88.8473,99150
2014-07-20,99.3748,218.567,127.266,247.07,142.969,6.34776e+06,89.622,94.0866,99150
2014-07-27,115.678,253.652,146.977,394.374,167.015,6.34754e+06,104.696,103.301,99150
2014-08-03,134.289,294.27,170.454,564.973,194.076,6.34729e+06,121.659,74.7262,99150
2014-08-10,155.816,341.406,197.769,762.883,225.226,6.34699e+06,141.186,100.623,99150
2014-08-17,180.78,396.095,229.461,992.508,261.317,6.34665e+06,163.81,171.616,99150
2014-08-24,209.736,459.532,266.222,1258.92,303.178,6.34626e+06,190.051,157.45,99150
2014-08-31,243.323,533.112,308.863,1568.02,351.734,6.3458e+06,220.489,202.611,99150
2014-09-07,282.279,618.449,358.322,1926.61,408.054,6.34526e+06,255.794,272.81,99150
2014-09-14,327.459,717.414,415.685,2342.62,473.373,6.34465e+06,296.741,335.254,99150
2014-09-21,379.85,832.171,482.211,2825.22,549.124,6.34393e+06,344.226,409.077,99150
2014-09-28,440.6,965.226,559.356,3385.04,636.964,6.3431e+06,399.289,372.962,99150
2014-07-13,127.387,274.938,173.308,182.794,187.835,6.34769e+06,97.6342,100.426,99200
2014-07-20,143.875,309.646,189.506,377.424,210.829,6.34743e+06,109.586,98.1715,99200
2014-07-27,161.545,346.817,211.367,592.932,237.368,6.34714e+06,123.381,96.2876,99200
2014-08-03,180.98,388.315,236.58,833.862,266.143,6.34681e+06,138.338,145.798,99200
2014-08-10,202.661,434.787,264.909,1103.61,298.074,6.34644e+06,154.935,210.897,99200
2014-08-17,226.92,486.819,296.627,1405.65,333.764,6.34603e+06,173.486,190.023,99200
2014-08-24,254.073,545.063,332.132,1743.86,373.709,6.34557e+06,194.249,202.323,99200
2014-08-31,284.466,610.253,371.874,2122.53,418.42,6.34506e+06,217.49,148.954,99200
2014-09-07,318.483,683.211,416.357,2546.52,468.465,6.34449e+06,243.502,290.089,99200
2014-09-14,356.553,764.857,466.142,3021.2,524.473,6.34384e+06,272.615,234.555,99200
2014-09-21,399.154,856.216,521.856,3552.64,587.152,6.34312e+06,305.194,308.083,99200
2014-09-28,446.821,958.433,584.202,4147.58,657.287,6.34231e+06,341.65,396.525,99200
2014-07-13,93.4627,201.698,127.166,134.131,137.824,6.34789e+06,99.2369,86.4505,99250
2014-07-20,105.542,227.123,139.033,276.934,154.67,6.3477e+06,111.366,106.366,99250
2014-07-27,118.485,254.349,155.047,435.031,174.111,6.34749e+06,125.364,165.231,99250
2014-08-03,132.72,284.74,173.515,611.75,195.187,6.34725e+06,140.54,145.175,99250
2014-08-10,148.597,318.773,194.263,809.573,218.572,6.34698e+06,157.378,145.685,99250
2014-08-17,166.362,356.874,217.492,1031.05,244.709,6.34668e+06,176.197,180.294,99250
2014-08-24,186.245,399.521,243.492,1279.01,273.959,6.34634e+06,197.257,194.712,99250
2014-08-31,208.499,447.253,272.593,1556.61,306.698,6.34597e+06,220.831,262.354,99250
2014-09-07,233.406,500.673,305.163,1867.38,343.341,6.34554e+06,247.214,229.825,99250
2014-09-14,261.281,560.454,341.616,2215.28,384.35,6.34507e+06,276.742,312.785,99250
2014-09-21,292.474,627.349,382.411,2604.73,430.243,6.34454e+06,309.786,339.884,99250
2014-09-28,327.378,702.2,428.061,3040.67,481.598,6.34395e+06,346.763,343.239,99250
2014-07-13,125.494,273.076,169.576,178.42,183.926,6.3477e+06,89.3254,95.9043,99300
2014-07-20,143.649,311.548,187.341,369.794,209.139,6.34744e+06,101.571,83.3655,99300
2014-07-27,163.351,353.327,211.519,584.158,238.542,6.34714e+06,115.85,95.5125,99300
2014-08-03,185.305,400.567,239.719,826.798,270.84,6.3468e+06,131.536,130.959,99300
2014-08-10,210.109,454.136,271.794,1101.87,307.144,6.34641e+06,149.168,181.636,99300
2014-08-17,238.212,514.866,308.158,1413.74,348.238,6.34598e+06,169.125,174.909,99300
2014-08-24,270.064,583.699,349.374,1767.33,394.809,6.34548e+06,191.743,181.447,99300
2014-08-31,306.164,661.707,396.088,2168.21,447.592,6.34492e+06,217.378,191.061,99300
2014-09-07,347.075,750.107,449.031,2622.68,507.412,6.34428e+06,246.43,289.128,99300
2014-09-14,393.434,850.272,509.027,3137.89,575.201,6.34356e+06,279.352,259.714,99300
2014-09-21,445.96,963.756,577.011,3721.91,652.012,6.34274e+06,316.656,339.299,99300
2014-09-28,505.467,1092.31,654.038,4383.92,739.037,6.34181e+06,358.921,396.759,99300
2014-07-13,143.502,311.437,194.338,204.636,210.732,6.3476e+06,86.6579,95.2973,99350
2014-07-20,163.552,353.831,213.982,423.607,238.614,6.3473e+06,98.1236,99.2969,99350
2014-07-27,185.219,399.66,240.643,667.964,271.019,6.34696e+06,111.449,121.803,99350
2014-08-03,209.263,451.266,271.626,943.445,306.464,6.34657e+06,126.025,145.92,99350
2014-08-10,236.314,509.545,306.726,1254.48,346.138,6.34614e+06,142.34,102.034,99350
2014-08-17,266.838,575.345,346.357,1605.71,390.861,6.34566e+06,160.731,158.31,99350
2014-08-24,301.292,649.62,391.093,2002.31,441.338,6.34511e+06,181.488,174.392,99350
2014-08-31,340.182,733.452,441.589,2450.13,498.315,6.34448e+06,204.918,131.291,99350
2014-09-07,384.074,828.06,498.583,2955.76,562.622,6.34378e+06,231.363,254.971,99350
2014-09-14,433.605,934.818,562.906,3526.63,635.197,6.34299e+06,261.207,261.215,99350
2014-09-21,489.495,1055.27,635.494,4171.14,717.092,6.3421e+06,294.884,267.644,99350
2014-09-28,552.552,1191.16,717.397,4898.73,809.496,6.34109e+06,332.883,281.765,99350
2014-07-13,78.0117,173.803,103.324,107.918,112.313,6.34799e+06,63.9389,69.5704,99400
2014-07-20,92.8544,205.875,117.676,226.239,132.672,6.34781e+06,75.5295,76.7888,99400
2014-07-27,109.564,242.139,137.706,363.361,157.152,6.3476e+06,89.4653,92.7155,99400
2014-08-03,128.909,284.701,161.855,524.3,185.088,6.34735e+06,105.369,131.658,99400
2014-08-10,151.591,334.759,190.326,713.522,217.693,6.34706e+06,123.931,141.651,99400
2014-08-17,178.249,393.621,223.803,936.029,255.984,6.34672e+06,145.73,45.0494,99400
2014-08-24,209.59,462.821,263.159,1197.67,300.995,6.34632e+06,171.355,94.8689,99400
2014-08-31,246.433,544.168,309.427,1505.31,353.912,6.34584e+06,201.479,152.776,99400
2014-09-07,289.741,639.786,363.817,1867.04,416.117,6.34529e+06,236.892,294.398,99400
2014-09-14,340.646,752.169,427.751,2292.34,489.235,6.34464e+06,278.518,189.233,99400
2014-09-21,400.473,884.243,502.896,2792.37,575.174,6.34387e+06,327.443,409.531,99400
2014-09-28,470.779,1039.44,591.212,3380.22,676.171,6.34297e+06,384.939,513.302,99400
2014-07-13,178.988,385.825,243.762,257.2,264.165,6.34738e+06,104.15,126.755,99450
2014-07-20,201.741,433.671,266.13,530.75,295.918,6.34702e+06,116.669,124.545,99450
2014-07-27,226.077,484.798,296.276,833.109,332.505,6.34661e+06,131.094,141.101,99450
2014-08-03,252.788,541.76,330.982,1170.5,372.093,6.34615e+06,146.702,156.58,99450
2014-08-10,282.524,605.42,369.902,1547.51,415.931,6.34564e+06,163.985,174.179,99450
2014-08-17,315.727,676.55,413.391,1968.85,464.83,6.34508e+06,183.265,165.01,99450
2014-08-24,352.817,756.007,461.971,2439.71,519.447,6.34444e+06,204.798,221.174,99450
2014-08-31,394.245,844.753,516.237,2965.9,580.454,6.34373e+06,228.851,212.067,99450
2014-09-07,440.514,943.863,576.848,3553.89,648.594,6.34293e+06,255.716,257.914,99450
2014-09-14,492.185,1054.54,644.541,4210.89,724.693,6.34205e+06,285.719,318.184,99450
2014-09-21,549.88,1178.1,720.135,4944.96,809.67,6.34106e+06,319.222,322.103,99450
2014-09-28,614.292,1316.04,804.539,5765.11,904.548,6.33995e+06,356.628,405.562,99450
2014-07-13,98.1496,217.453,130.621,136.67,141.909,6.34787e+06,77.9583,58.7396,99500
2014-07-20,115.744,255.294,147.681,285.724,166.115,6.34765e+06,91.2557,83.1879,99500
2014-07-27,135.378,297.672,171.348,457.062,195.005,6.34739e+06,107.127,112.452,99500
2014-08-03,157.902,346.969,199.657,656.431,227.677,6.34709e+06,125.075,117.097,99500
2014-08-10,184.079,404.447,232.747,888.809,265.468,6.34674e+06,145.836,135.401,99500
2014-08-17,214.578,471.446,271.319,1159.7,309.462,6.34633e+06,170.004,177.153,99500
2014-08-24,250.121,549.527,316.27,1475.48,360.728,6.34586e+06,198.167,194.361,99500
2014-08-31,291.541,640.513,368.655,1843.56,420.472,6.34531e+06,230.987,230.989,99500
2014-09-07,339.806,746.529,429.7,2272.61,490.091,6.34466e+06,269.233,296.457,99500
2014-09-14,396.04,870.045,500.831,2772.69,571.211,6.34391e+06,313.796,368.597,99500
2014-09-21,461.553,1013.93,583.706,3355.53,665.721,6.34304e+06,365.716,454.053,99500
2014-09-28,537.867,1181.52,680.254,4034.81,775.819,6.34202e+06,426.198,399.66,99500
2014-07-13,185.298,402.052,250.988,264.306,272.156,6.34735e+06,92.558,87.2595,99550
2014-07-20,211.106,456.61,276.277,547.069,308.052,6.34696e+06,104.766,103.833,99550
2014-07-27,238.985,515.562,310.591,862.509,349.754,6.34652e+06,118.949,89.9444,99550
2014-08-03,269.908,581.914,350.452,1218,395.35,6.34603e+06,134.455,117.944,99550
2014-08-10,304.683,656.813,395.591,1619.22,446.364,6.34547e+06,151.804,190.946,99550
2014-08-17,343.904,741.338,446.534,2072.12,503.843,6.34485e+06,171.353,146.093,99550
2014-08-24,388.154,836.701,504.011,2583.33,568.686,6.34414e+06,193.405,229.671,99550
2014-08-31,438.075,944.279,568.857,3160.33,641.843,6.34334e+06,218.285,223.158,99550
2014-09-07,494.386,1065.62,642.011,3811.54,724.369,6.34244e+06,246.352,301.201,99550
2014-09-14,557.899,1202.46,724.528,4546.48,817.454,6.34142e+06,278.009,255.57,99550
2014-09-21,629.521,1356.77,817.593,5375.85,922.434,6.34027e+06,313.712,293.029,99550
2014-09-28,710.277,1530.73,922.54,6311.71,1040.81,6.33897e+06,353.971,298.171,99550
2014-07-13,88.8709,192.88,120.35,126.726,130.503,6.34792e+06,93.4131,78.2204,99600
2014-07-20,101.293,219.149,132.521,262.334,147.778,6.34773e+06,105.778,126.272,99600
2014-07-27,114.721,247.551,149.041,413.671,167.857,6.34753e+06,120.151,117.447,99600
2014-08-03,129.622,279.538,168.241,584.295,189.824,6.34729e+06,135.874,141.838,99600
2014-08-10,146.391,315.669,189.997,776.954,214.415,6.34702e+06,153.476,140.819,99600
2014-08-17,165.316,356.47,214.565,994.528,242.141,6.34672e+06,173.322,168.241,99600
2014-08-24,186.683,402.538,242.302,1240.23,273.441,6.34638e+06,195.726,189.874,99600
2014-08-31,210.806,454.547,273.619,1517.69,308.779,6.34599e+06,221.021,252.413,99600
2014-09-07,238.04,513.26,308.974,1831.01,348.675,6.34556e+06,249.578,286.104,99600
2014-09-14,268.783,579.536,348.888,2184.81,393.713,6.34507e+06,281.816,355.751,99600
2014-09-21,303.485,654.344,393.944,2584.31,444.553,6.34451e+06,318.207,234.821,99600
2014-09-28,342.654,738.775,444.802,3035.39,501.938,6.34389e+06,359.282,398.92,99600
2014-07-13,113.279,247.555,152.52,160.265,165.491,6.34778e+06,87.485,94.3052,99650
2014-07-20,130.586,284.359,169.419,332.84,189.474,6.34753e+06,100.163,82.7693,99650
2014-07-27,149.492,324.621,192.522,527.331,217.594,6.34726e+06,115.029,132.84,99650
2014-08-03,170.705,370.454,219.629,748.922,248.698,6.34694e+06,131.471,138.849,99650
2014-08-10,194.834,422.771,250.662,1001.79,283.899,6.34658e+06,150.08,174.393,99650
2014-08-17,222.354,482.475,286.077,1290.38,324.01,6.34617e+06,171.284,189.633,99650
2014-08-24,253.753,550.595,326.484,1619.74,369.769,6.3457e+06,195.474,186.332,99650
2014-08-31,289.575,628.308,372.585,1995.62,421.977,6.34516e+06,223.073,193.172,99650
2014-09-07,330.441,716.959,425.179,2424.56,481.538,6.34455e+06,254.559,233.191,99650
2014-09-14,377.056,818.076,485.177,2914.05,549.481,6.34386e+06,290.477,262.718,99650
2014-09-21,430.225,933.401,553.615,3472.59,626.979,6.34306e+06,331.445,351.012,99650
2014-09-28,490.86,1064.91,631.672,4109.9,715.367,6.34215e+06,378.171,559.627,99650
2014-07-13,88.7569,193.46,119.766,125.947,129.92,6.34792e+06,85.0243,76.2962,99700
2014-07-20,101.879,221.306,132.595,261.246,148.128,6.34773e+06,96.9402,135.683,99700
2014-07-27,116.156,251.634,150.086,413.161,169.407,6.34752e+06,110.866,88.8986,99700
2014-08-03,132.11,286.02,170.536,585.557,192.846,6.34728e+06,126.205,151.443,99700
2014-08-10,150.184,325.116,193.857,781.501,219.265,6.347e+06,143.495,95.0569,99700
2014-08-17,170.717,369.557,220.367,1004.24,249.249,6.34669e+06,163.118,145.444,99700
2014-08-24,194.051,420.064,250.494,1257.44,283.321,6.34633e+06,185.416,137.407,99700
2014-08-31,220.569,477.46,284.732,1545.24,322.043,6.34592e+06,210.757,149.319,99700
2014-09-07,250.704,542.68,323.64,1872.38,366.047,6.34546e+06,239.554,250.83,99700
2014-09-14,284.945,616.786,367.853,2244.21,416.049,6.34494e+06,272.277,283.919,99700
2014-09-21,323.85,700.981,418.092,2666.84,472.864,6.34434e+06,309.459,341.298,99700
2014-09-28,368.05,796.631,475.172,3147.17,537.414,6.34366e+06,351.703,450.663,99700
2014-07-13,94.2785,206.982,126.446,132.679,137.258,6.34789e+06,80.6895,93.8771,99750
2014-07-20,109.511,239.497,141.285,276.156,158.315,6.34768e+06,93.0683,111.082,99750
2014-07-27,126.269,275.348,161.67,438.922,183.152,6.34745e+06,107.669,80.9557,99750
2014-08-03,145.214,316.457,185.744,625.677,210.829,6.34718e+06,123.939,134.283,99750
2014-08-10,166.919,363.718,213.496,840.306,242.381,6.34687e+06,142.488,157.376,99750
2014-08-17,191.851,418.038,245.394,1087,278.594,6.34651e+06,163.777,142.592,99750
2014-08-24,220.501,480.457,282.047,1370.55,320.203,6.3461e+06,188.237,269.048,99750
2014-08-31,253.422,552.179,324.165,1696.45,368.015,6.34562e+06,216.344,331.041,99750
2014-09-07,291.247,634.581,372.56,2071.01,422.951,6.34508e+06,248.64,52.127,99750
2014-09-14,334.704,729.247,428.164,2501.47,486.07,6.34446e+06,285.745,208.549,99750
2014-09-21,384.627,837.992,492.045,2996.17,558.583,6.34374e+06,328.373,269.401,99750
2014-09-28,441.971,962.894,565.429,3564.67,641.88,6.34292e+06,377.341,395.63,99750
2014-07-13,120.64,263.611,162.447,170.702,176.261,6.34773e+06,81.8213,57.3791,99800
2014-07-20,139.045,302.746,180.419,354.497,201.766,6.34747e+06,93.6612,113.998,99800
2014-07-27,159.146,345.548,204.986,561.598,231.668,6.34718e+06,107.542,111.683,99800
2014-08-03,181.697,394.264,233.806,797.513,264.735,6.34684e+06,122.892,130.36,99800
2014-08-10,207.341,449.861,266.793,1066.68,302.15,6.34646e+06,140.26,126.043,99800
2014-08-17,236.584,513.295,304.431,1373.81,344.776,6.34602e+06,160.047,191.457,99800
2014-08-24,269.941,585.655,347.366,1724.27,393.395,6.34552e+06,182.616,199.345,99800
2014-08-31,307.99,668.189,396.34,2124.15,448.854,6.34495e+06,208.36,184.807,99800
2014-09-07,351.387,762.318,452.202,2580.4,512.11,6.3443e+06,237.724,237.358,99800
2014-09-14,400.879,869.66,515.914,3100.94,584.253,6.34356e+06,271.214,267.124,99800
2014-09-21,457.315,992.057,588.572,3694.81,666.524,6.34272e+06,309.405,401.287,99800
2014-09-28,521.663,1131.6,671.423,4372.29,760.334,6.34175e+06,352.952,397.376,99800
2014-07-13,81.4916,178.39,109.565,115.069,118.902,6.34797e+06,78.4975,76.0635,99850
2014-07-20,94.2048,205.463,121.968,239.169,136.503,6.34779e+06,90.1174,93.9703,99850
2014-07-27,108.129,235.166,138.954,379.369,157.186,6.34759e+06,103.772,84.4326,99850
2014-08-03,123.797,269.072,158.933,539.517,180.127,6.34736e+06,118.918,129.379,99850
2014-08-10,141.666,307.879,181.865,722.746,206.161,6.3471e+06,136.105,123.433,99850
2014-08-17,162.101,352.284,208.105,932.414,235.907,6.3468e+06,155.743,192.92,99850
2014-08-24,185.48,403.085,238.124,1172.33,269.933,6.34645e+06,178.207,179.243,99850
2014-08-31,212.225,461.2,272.465,1446.85,308.86,6.34606e+06,203.906,206.28,99850
2014-09-07,242.819,527.675,311.751,1760.95,353.39,6.34561e+06,233.304,183.591,99850
2014-09-14,277.813,603.71,356.69,2120.34,404.327,6.34509e+06,266.932,280.176,99850
2014-09-21,317.839,690.671,408.092,2531.52,462.589,6.3445e+06,305.396,282.979,99850
2014-09-28,363.614,790.12,466.883,3001.96,529.223,6.34383e+06,349.387,414.11,99850
2014-07-13,82.1338,180.503,110.063,115.452,119.485,6.34796e+06,78.7565,61.7008,99900
2014-07-20,95.5654,209.199,123.14,240.416,138.042,6.34778e+06,90.9886,86.8002,99900
2014-07-27,110.367,240.895,141.126,382.391,159.96,6.34758e+06,105.435,92.9061,99900
2014-08-03,127.126,277.298,162.397,545.546,184.425,6.34734e+06,121.561,106.983,99900
2014-08-10,146.359,319.217,186.956,733.348,212.362,6.34706e+06,139.976,153.504,99900
2014-08-17,168.488,367.473,215.229,949.553,244.478,6.34675e+06,161.144,116.578,99900
2014-08-24,193.957,423.016,247.77,1198.45,281.437,6.34639e+06,185.505,139.539,99900
2014-08-31,223.27,486.939,285.222,1484.97,323.976,6.34597e+06,213.544,233.881,99900
2014-09-07,257.005,560.501,328.327,1814.8,372.933,6.34549e+06,245.814,269.064,99900
2014-09-14,295.826,645.151,377.932,2194.47,429.274,6.34494e+06,282.95,327.079,99900
2014-09-21,340.497,742.551,435.016,2631.49,494.106,6.3443e+06,325.683,298.783,99900
2014-09-28,391.894,854.61,500.7,3134.51,568.704,6.34357e+06,374.853,396.026,99900
2014-07-13,116.816,253.326,158.3,166.727,171.643,6.34775e+06,88.6909,90.2743,99950
2014-07-20,132.969,287.46,174.132,345.01,194.114,6.34751e+06,100.303,120.291,99950
2014-07-27,150.406,324.314,195.603,543.745,220.206,6.34724e+06,113.785,56.1757,99950
2014-08-03,169.731,365.764,220.529,767.532,248.713,6.34693e+06,128.515,153.318,99950
2014-08-10,191.45,412.523,248.736,1019.91,280.583,6.34658e+06,144.983,136.071,99950
2014-08-17,215.929,465.259,280.549,1304.57,316.47,6.34618e+06,163.526,150.626,99950
2014-08-24,243.531,524.722,316.419,1625.62,356.929,6.34574e+06,184.432,174.251,99950
2014-08-31,274.651,591.763,356.864,1987.73,402.547,6.34524e+06,208.004,216.088,99950
2014-09-07,309.737,667.343,402.465,2396.1,453.98,6.34467e+06,234.58,244.399,99950
2014-09-14,349.291,752.542,453.875,2856.66,511.963,6.34404e+06,264.541,195.882,99950
2014-09-21,393.876,848.575,511.83,3376.03,577.327,6.34332e+06,298.316,374.413,99950
2014-09-28,444.128,956.806,577.156,3961.71,651.002,6.34251e+06,336.385,398.094,99950
